chr	windowStart	windowEnd	D	f_d	f_dM	d_f
contig_1888_segment0	61057	539349	0.015784	0.027328	0.017328	0.007779
contig_1888_segment0	264352	759030	-0.001831	-0.003262	-0.002100	0.004412
contig_1888_segment0	350479	885798	-0.019327	-0.032367	-0.020742	-0.002177
contig_1888_segment0	542399	925748	-0.017435	-0.033339	-0.020468	-0.001735
contig_1888_segment0	759043	1049833	0.031837	0.062109	0.037830	0.016552
contig_1888_segment0	885801	1133473	0.015503	0.032468	0.018663	0.009573
contig_1888_segment0	925749	1335921	0.052994	0.061368	0.038109	0.023739
contig_1888_segment0	1049913	1572570	-0.053747	-0.042037	-0.026673	-0.026252
contig_1888_segment0	1133549	1919482	-0.024451	-0.012752	-0.008710	-0.015330
contig_1888_segment0	1335926	2090334	-0.072622	-0.035006	-0.024597	-0.032118
contig_1888_segment0	1573202	2339319	0.034426	0.017001	0.012210	0.016863
contig_1888_segment0	1919547	2500138	0.042263	0.025238	0.017889	0.021949
contig_1888_segment0	2091824	2675133	0.023339	0.014476	0.010049	0.012594
contig_1888_segment0	2339618	2799822	-0.031940	-0.022406	-0.015035	-0.012837
contig_1888_segment0	2500222	2884750	-0.018164	-0.013776	-0.009059	-0.011081
contig_1888_segment0	2675140	2963611	-0.004305	-0.003615	-0.002327	-0.003969
contig_1888_segment0	2799842	3058727	0.051138	0.042895	0.027824	0.016799
contig_1888_segment0	2884762	3138572	0.028952	0.024847	0.015918	0.010979
contig_1888_segment0	2963647	3206447	0.007840	0.007057	0.004533	-0.001167
contig_1888_segment0	3058790	3304892	-0.013684	-0.012065	-0.007862	-0.009940
contig_1888_segment0	3138659	3433910	-0.007085	-0.005557	-0.003641	-0.008960
contig_1888_segment0	3206448	3582078	-0.000610	-0.000448	-0.000293	-0.005824
contig_1888_segment0	3304908	3766865	-0.009418	-0.006436	-0.004250	-0.009122
contig_1888_segment0	3433950	3882157	-0.034630	-0.025104	-0.016425	-0.021429
contig_1888_segment0	3582091	3992868	-0.022243	-0.017360	-0.010860	-0.013904
contig_1888_segment0	3767261	4114486	0.046902	0.037016	0.023539	0.022146
contig_1888_segment0	3882392	4184420	0.080751	0.066536	0.043063	0.037592
contig_1888_segment0	3993124	4263170	0.096515	0.076022	0.051976	0.045882
contig_1888_segment0	4114513	4359506	0.017705	0.014344	0.009658	0.006490
contig_1888_segment0	4184485	4460717	-0.025222	-0.020122	-0.013002	-0.013024
contig_1888_segment0	4263171	4580540	-0.016360	-0.011949	-0.007797	-0.008319
contig_1888_segment0	4359568	4704151	-0.006646	-0.004936	-0.003209	-0.000998
contig_1888_segment0	4460801	4806794	0.042913	0.031766	0.021107	0.021382
contig_1888_segment0	4580582	4868976	0.041876	0.034881	0.023044	0.020567
contig_1888_segment0	4704193	4957257	0.023378	0.020968	0.013425	0.007685
contig_1888_segment0	4806906	5055779	0.013925	0.012464	0.007823	0.005454
contig_1888_segment0	4869063	5137772	-0.020895	-0.017673	-0.011019	-0.010726
contig_1888_segment0	4957388	5232351	0.010529	0.008240	0.005223	0.003277
contig_1888_segment0	5055792	5324223	-0.009109	-0.007260	-0.004655	-0.008781
contig_1888_segment0	5137780	5400827	0.010753	0.009142	0.005865	0.000637
contig_1888_segment0	5232378	5482839	-0.017231	-0.016400	-0.010260	-0.007752
contig_1888_segment0	5324248	5548640	-0.024707	-0.023732	-0.014760	-0.009593
contig_1888_segment0	5400924	5621712	-0.037773	-0.035406	-0.021686	-0.017951
contig_1888_segment0	5482841	5700387	-0.043071	-0.038609	-0.024251	-0.024977
contig_1888_segment0	5548693	5790969	-0.011804	-0.010198	-0.006557	-0.008268
contig_1888_segment0	5621713	5916790	0.005185	0.004125	0.002677	0.001114
contig_1888_segment0	5700390	6046534	0.080270	0.059406	0.039199	0.043634
contig_1888_segment0	5790974	6147338	0.069236	0.048632	0.032025	0.034647
contig_1888_segment0	5916941	6225573	0.072387	0.054449	0.036576	0.037328
contig_1888_segment0	6046823	6314488	0.013601	0.010970	0.007227	0.009853
contig_1888_segment0	6147339	6413029	0.007757	0.006939	0.004484	0.009755
contig_1888_segment0	6225580	6520310	0.000940	0.000776	0.000505	0.002643
contig_1888_segment0	6314489	6643636	0.016122	0.012483	0.008182	0.009224
contig_1888_segment0	6413368	6786566	-0.004012	-0.002857	-0.001907	-0.000981
contig_1888_segment0	6520313	6892924	-0.000038	-0.000028	-0.000018	0.000323
contig_1888_segment0	6643645	6986001	-0.005918	-0.004464	-0.002882	-0.005700
contig_1888_segment0	6786768	7089847	0.050699	0.037352	0.024649	0.022157
contig_1888_segment0	6893144	7165068	0.052988	0.037897	0.025352	0.024311
contig_1888_segment0	6986027	7232317	0.010118	0.007608	0.004979	0.003187
contig_1888_segment0	7089875	7305391	-0.015048	-0.012267	-0.007802	-0.008353
contig_1888_segment0	7165092	7364529	-0.027793	-0.024013	-0.014956	-0.017470
contig_1888_segment0	7232336	7426315	0.004006	0.003478	0.002191	-0.001773
contig_1888_segment0	7305451	7487861	-0.000289	-0.000237	-0.000154	-0.004038
contig_1888_segment0	7364588	7541823	0.009232	0.007599	0.004937	0.001906
contig_1888_segment0	7426386	7593293	0.018308	0.013683	0.009254	0.008541
contig_1888_segment0	7487899	7653572	-0.002653	-0.002060	-0.001349	-0.003273
contig_1888_segment0	7541832	7710417	-0.015507	-0.012413	-0.008060	-0.008116
contig_1888_segment0	7593363	7764073	-0.003484	-0.003022	-0.001911	-0.001637
contig_1888_segment0	7653586	7813978	-0.003264	-0.003123	-0.001911	-0.001083
contig_1888_segment0	7710444	7877900	0.002536	0.002261	0.001430	0.002249
contig_1888_segment0	7764155	7941415	-0.000829	-0.000733	-0.000459	-0.000605
contig_1888_segment0	7813984	8000312	0.038993	0.032502	0.021113	0.020440
contig_1888_segment0	7877914	8068478	0.062918	0.056208	0.035596	0.033444
contig_1888_segment0	7941471	8134583	0.062317	0.056201	0.035861	0.032070
contig_1888_segment0	8000326	8197206	0.063504	0.056345	0.036592	0.028769
contig_1888_segment0	8068541	8260759	0.051714	0.043771	0.028564	0.017545
contig_1888_segment0	8134602	8318209	0.050210	0.042491	0.027860	0.017570
contig_1888_segment0	8197363	8391874	-0.000505	-0.000419	-0.000269	-0.003903
contig_1888_segment0	8260768	8465905	0.005334	0.004600	0.002978	0.001772
contig_1888_segment0	8318315	8549509	-0.004560	-0.003821	-0.002457	-0.002909
contig_1888_segment0	8391882	8620881	0.013987	0.012328	0.007942	0.005695
contig_1888_segment0	8466006	8700032	-0.022277	-0.019443	-0.012282	-0.012972
contig_1888_segment0	8549511	8772978	-0.025580	-0.023965	-0.014930	-0.019238
contig_1888_segment0	8620882	8891314	-0.036245	-0.032105	-0.019693	-0.026943
contig_1888_segment0	8700071	9006448	0.019478	0.015785	0.010252	0.001925
contig_1888_segment0	8772987	9109191	0.012720	0.009725	0.006310	0.000604
contig_1888_segment0	8891335	9246899	0.065564	0.048374	0.032441	0.026882
contig_1888_segment0	9006671	9364717	0.052484	0.038312	0.025144	0.017991
contig_1888_segment0	9109201	9527684	0.070878	0.050666	0.034433	0.028199
contig_1888_segment0	9246900	9675800	0.037257	0.026422	0.017824	0.013683
contig_1888_segment0	9364766	9792573	0.019055	0.014152	0.009300	0.006332
contig_1888_segment0	9527824	9888068	0.033030	0.023729	0.015505	0.013976
contig_1888_segment0	9675806	9975259	0.031212	0.023336	0.015022	0.012520
contig_1888_segment0	9792748	10065651	0.019454	0.014906	0.009589	0.006733
contig_1888_segment0	9888069	10188553	-0.016848	-0.014597	-0.008924	-0.012558
contig_1888_segment0	9975288	10346872	-0.035542	-0.028925	-0.018111	-0.021866
contig_1888_segment0	10065891	10510682	0.000239	0.000174	0.000115	-0.003525
contig_1888_segment0	10188566	10597601	0.025104	0.016665	0.011533	0.009092
contig_1888_segment0	10347001	10677815	0.051849	0.035964	0.024911	0.023192
contig_1888_segment0	10510686	10750320	0.027490	0.021361	0.014210	0.011636
contig_1888_segment0	10597658	10825869	0.026994	0.022046	0.014421	0.014785
contig_1888_segment0	10677842	10908623	0.011050	0.008950	0.005887	0.007237
contig_1888_segment0	10750803	11013149	0.019255	0.015185	0.009963	0.012030
contig_1888_segment0	10825922	11417481	-0.010367	-0.006326	-0.004304	-0.002964
contig_1888_segment0	10908679	11614202	-0.012478	-0.008229	-0.005673	-0.002447
contig_235_segment0	4681	55106	-0.004251	-0.015919	-0.008866	0.000992
contig_235_segment0	11557	64689	-0.023301	-0.094142	-0.048132	-0.010750
contig_235_segment0	40398	73816	-0.029775	-0.126266	-0.064353	-0.013330
contig_235_segment0	55107	91425	-0.020736	-0.090189	-0.045131	-0.010603
contig_235_segment0	64691	108259	0.011827	0.042920	0.024625	0.006300
contig_235_segment0	73817	130852	0.022835	0.082327	0.049345	0.010791
contig_235_segment0	91427	137043	0.032222	0.115067	0.072910	0.014593
contig_235_segment0	108260	169224	0.026799	0.093050	0.057105	0.010418
scaffold_335_segment0	137055	278923	0.018880	0.045776	0.028365	0.007635
scaffold_335_segment0	169228	348453	0.010731	0.025331	0.015388	0.005196
scaffold_335_segment0	115104	836436	0.044795	0.052689	0.035487	0.019183
scaffold_335_segment0	278932	1015642	0.088230	0.083975	0.056431	0.042553
scaffold_335_segment0	348566	1213807	0.086160	0.061963	0.042407	0.043054
scaffold_335_segment0	836860	1279879	0.036288	0.030746	0.020311	0.018090
scaffold_335_segment0	1015769	1287200	-0.028501	-0.032007	-0.020778	-0.012874
scaffold_335_segment0	1213874	1314924	-0.041964	-0.097305	-0.057017	-0.017528
scaffold_335_segment0	1279881	1455765	0.000140	0.000226	0.000140	-0.002677
scaffold_335_segment0	1287218	1685844	0.029258	0.027410	0.018118	0.014084
scaffold_335_segment0	1314949	1851536	0.052179	0.036540	0.024455	0.026826
scaffold_335_segment0	1455852	2037803	0.060672	0.040443	0.027237	0.032911
scaffold_335_segment0	1685881	2196379	0.049311	0.036323	0.023208	0.023802
scaffold_335_segment0	1851674	2339800	0.020562	0.015502	0.009885	0.008062
scaffold_335_segment0	2037812	2450741	0.009507	0.007395	0.004756	0.000336
scaffold_335_segment0	2196521	2531789	0.028219	0.020647	0.014029	0.010496
scaffold_335_segment0	2339873	2639781	0.004410	0.003166	0.002180	0.001704
scaffold_335_segment0	2450752	2731541	-0.034381	-0.026581	-0.017752	-0.014186
scaffold_335_segment0	2531824	2805133	-0.046068	-0.041518	-0.026368	-0.021395
scaffold_335_segment0	2639956	2883959	0.010932	0.011530	0.006971	0.004192
scaffold_335_segment0	2731543	3008099	0.035539	0.035210	0.022188	0.014371
scaffold_335_segment0	2805138	3171789	0.014845	0.012927	0.008298	0.004636
scaffold_335_segment0	2883961	3318346	0.014745	0.011551	0.007587	0.003877
scaffold_335_segment0	3008142	3427311	0.010549	0.008346	0.005367	0.001995
scaffold_335_segment0	3171847	3523859	0.040391	0.030983	0.020522	0.017969
scaffold_335_segment0	3318470	3604108	0.039216	0.030937	0.020267	0.018895
scaffold_335_segment0	3427322	3703204	0.062545	0.048550	0.032509	0.030433
scaffold_335_segment0	3523944	3798959	0.073886	0.056379	0.038473	0.035789
scaffold_335_segment0	3604110	3905426	0.037704	0.027673	0.018795	0.017608
scaffold_335_segment0	3703430	4009353	0.010347	0.007852	0.005249	0.006571
scaffold_335_segment0	3798966	4110831	0.002622	0.001976	0.001319	0.003653
scaffold_335_segment0	3905735	4186460	0.021114	0.017813	0.011924	0.011626
scaffold_335_segment0	4009417	4323396	0.049282	0.037531	0.025438	0.022932
scaffold_335_segment0	4110887	4511597	0.027960	0.019255	0.013191	0.013471
scaffold_335_segment0	4186472	4637674	0.012111	0.007142	0.005068	0.007412
scaffold_335_segment0	4323772	4746087	0.003063	0.001939	0.001369	0.002371
scaffold_335_segment0	4511645	4829529	0.004926	0.003547	0.002440	-0.000589
scaffold_335_segment0	4638028	4913337	0.017976	0.013916	0.009290	0.003763
scaffold_335_segment0	4746208	5006488	0.013164	0.010287	0.006883	0.002877
scaffold_335_segment0	4829593	5089222	0.019984	0.015688	0.010339	0.005719
scaffold_335_segment0	4913407	5169125	0.013042	0.010251	0.006769	0.003768
scaffold_335_segment0	5006706	5209796	0.012423	0.010739	0.007026	0.003746
scaffold_335_segment0	5089277	5265833	0.004022	0.004031	0.002621	0.002160
scaffold_335_segment0	5169140	5401145	0.031030	0.029901	0.019617	0.014571
scaffold_335_segment0	5209809	5521857	0.019352	0.016942	0.010760	0.007965
scaffold_335_segment0	5265844	5604530	0.018339	0.015469	0.009860	0.007450
scaffold_335_segment0	5401267	5699777	-0.004131	-0.003820	-0.002323	-0.003148
scaffold_335_segment0	5521872	5783757	0.006590	0.006046	0.003726	0.001313
scaffold_335_segment0	5604694	5910699	-0.002487	-0.002102	-0.001282	-0.003422
scaffold_335_segment0	5699808	5990479	0.018394	0.014818	0.009337	0.007803
scaffold_335_segment0	5784444	6077593	-0.021008	-0.015391	-0.010080	-0.010545
scaffold_335_segment0	5910700	6141608	0.011381	0.008717	0.005749	0.007246
scaffold_335_segment0	5990551	6219299	0.039677	0.031623	0.020881	0.019560
scaffold_335_segment0	6077609	6296392	0.086064	0.079881	0.051352	0.043491
scaffold_335_segment0	6141617	6376364	0.074250	0.066299	0.043004	0.037601
scaffold_335_segment0	6219301	6445879	0.035949	0.032394	0.020672	0.017546
scaffold_335_segment0	6296439	6524976	0.032376	0.028992	0.018309	0.014704
scaffold_335_segment0	6376377	6579411	0.017893	0.016531	0.010417	0.005269
scaffold_335_segment0	6445925	6643204	0.006964	0.006118	0.003987	0.000152
scaffold_335_segment0	6524978	6664876	0.001427	0.001468	0.000959	-0.001702
scaffold_335_segment0	6579433	6698625	0.040884	0.043629	0.029103	0.017674
scaffold_335_segment0	6643213	6744110	0.048526	0.066315	0.041263	0.022325
scaffold_335_segment0	6664890	6864982	0.050978	0.046133	0.030146	0.020641
scaffold_335_segment0	6698631	6968733	-0.007850	-0.006327	-0.004080	-0.008462
scaffold_335_segment0	6744292	7089636	-0.036592	-0.023709	-0.016133	-0.021753
scaffold_335_segment0	6865071	7186117	-0.101565	-0.065700	-0.045165	-0.049286
scaffold_335_segment0	6969796	7277380	-0.066724	-0.044940	-0.030758	-0.029783
scaffold_335_segment0	7089642	7358760	-0.071579	-0.052940	-0.034763	-0.031002
scaffold_335_segment0	7186255	7465953	-0.011670	-0.009418	-0.006135	-0.003727
scaffold_335_segment0	7277383	7667478	0.012266	0.009085	0.006148	0.005591
scaffold_335_segment0	7358918	7807183	0.009762	0.006555	0.004503	0.008914
scaffold_335_segment0	7465987	7941961	0.010232	0.006936	0.004597	0.004798
scaffold_335_segment0	7667757	8127043	-0.005414	-0.003659	-0.002411	-0.000866
scaffold_335_segment0	7807413	8279972	0.066887	0.043827	0.029477	0.027169
scaffold_335_segment0	7943212	8429755	0.066287	0.041825	0.028514	0.030089
scaffold_335_segment0	8127044	8584066	0.036148	0.020476	0.014086	0.017871
scaffold_335_segment0	8280014	8717038	0.017064	0.009485	0.006646	0.006503
scaffold_335_segment0	8429766	8873312	0.058233	0.030680	0.022407	0.022799
scaffold_335_segment0	8584285	9009914	0.081428	0.046821	0.034432	0.030189
scaffold_335_segment0	8717045	9152122	0.082992	0.050637	0.036349	0.034431
scaffold_335_segment0	8873418	9263461	0.019109	0.012202	0.008369	0.008880
scaffold_335_segment0	9009919	9451848	-0.054242	-0.036850	-0.024759	-0.024101
scaffold_335_segment0	9152202	9644946	0.004504	0.003054	0.002044	-0.000376
scaffold_335_segment0	9263494	9798333	0.029797	0.020524	0.014090	0.015222
scaffold_335_segment0	9451967	9985650	0.054596	0.036613	0.025515	0.027851
scaffold_335_segment0	9644969	10197444	-0.024146	-0.015296	-0.010741	-0.009839
scaffold_335_segment0	9798350	10371721	-0.062243	-0.042126	-0.028493	-0.031805
scaffold_335_segment0	9986003	10544169	-0.025663	-0.017738	-0.011653	-0.011002
scaffold_335_segment0	10197659	10736830	0.017940	0.013229	0.008570	0.007829
scaffold_335_segment0	10371749	10930512	0.006425	0.003605	0.002521	0.004014
scaffold_335_segment0	10544240	11042015	-0.047699	-0.029897	-0.021093	-0.018391
scaffold_335_segment0	10737223	11291257	-0.055708	-0.033454	-0.023796	-0.024923
scaffold_335_segment0	10931229	11449200	0.048783	0.035085	0.023501	0.022139
scaffold_335_segment0	11042094	11581269	0.064371	0.043374	0.028520	0.030865
scaffold_335_segment0	11291264	11675303	0.019865	0.015294	0.009825	0.010612
scaffold_335_segment0	11449206	11851857	-0.082494	-0.062680	-0.040352	-0.041472
scaffold_335_segment0	11581312	12031114	-0.098257	-0.065227	-0.043751	-0.048762
scaffold_335_segment0	11675486	12187792	-0.061987	-0.038335	-0.025997	-0.029570
scaffold_335_segment0	11851916	12343468	0.029856	0.017587	0.012081	0.015732
scaffold_335_segment0	12031260	12442959	0.003614	0.002316	0.001541	0.001131
scaffold_335_segment0	12187828	12568154	-0.020373	-0.014306	-0.009193	-0.008236
scaffold_335_segment0	12343480	12784870	0.043167	0.030609	0.020801	0.021744
scaffold_335_segment0	12442980	12968893	0.109200	0.070050	0.050220	0.058364
scaffold_335_segment0	12568462	13151142	0.129683	0.084477	0.060915	0.070299
scaffold_335_segment0	12784915	13328076	0.055555	0.040571	0.027364	0.027659
scaffold_335_segment0	12969998	13543984	0.005830	0.004564	0.002969	0.003155
scaffold_335_segment0	13151230	13721619	-0.057362	-0.039937	-0.026537	-0.027892
scaffold_335_segment0	13328077	13951179	-0.016809	-0.011059	-0.007452	-0.006994
scaffold_335_segment0	13543985	14145150	-0.015411	-0.010085	-0.006845	-0.003220
scaffold_335_segment0	13721907	14381092	0.076092	0.049605	0.033647	0.036434
scaffold_335_segment0	13951343	14679547	0.047835	0.028186	0.019036	0.021765
scaffold_335_segment0	14145446	15024946	0.165303	0.077461	0.054246	0.074101
scaffold_335_segment0	14381537	15380590	0.122967	0.047264	0.034078	0.056450
scaffold_335_segment0	14679611	15634362	0.100766	0.039551	0.028776	0.049542
scaffold_335_segment0	15025120	15916328	0.036406	0.015970	0.011609	0.016545
scaffold_335_segment0	15380831	16300314	0.046524	0.021815	0.015942	0.021765
scaffold_335_segment0	15635846	16544325	0.051731	0.022953	0.016821	0.023798
scaffold_335_segment0	15916972	16749159	0.066579	0.030597	0.022242	0.034577
scaffold_335_segment0	16300372	16916466	0.055796	0.028688	0.020606	0.025427
scaffold_335_segment0	16544332	17021089	0.050083	0.031023	0.021891	0.024179
scaffold_335_segment0	16749240	17161413	-0.004771	-0.003044	-0.002121	0.001667
scaffold_335_segment0	16916788	17306207	-0.011118	-0.007423	-0.005081	0.000151
scaffold_335_segment0	17021512	17508121	0.038147	0.022498	0.015266	0.022208
scaffold_335_segment0	17161680	17673213	0.085138	0.056940	0.037184	0.041769
scaffold_335_segment0	17306449	17823006	0.112456	0.076409	0.049563	0.053479
scaffold_335_segment0	17508619	17967055	0.074148	0.053439	0.034800	0.033698
scaffold_335_segment0	17673241	18113625	0.074489	0.046647	0.031113	0.032410
scaffold_335_segment0	17823122	18247082	0.063147	0.038364	0.026115	0.028494
scaffold_335_segment0	17967084	18412198	0.052615	0.030630	0.021033	0.024685
scaffold_335_segment0	18113626	18617767	0.023373	0.014166	0.009621	0.011359
scaffold_335_segment0	18247093	18801159	0.039263	0.026150	0.017207	0.021070
scaffold_335_segment0	18413080	18968866	0.080084	0.048409	0.032904	0.039900
scaffold_335_segment0	18617806	19225814	0.066176	0.034170	0.024698	0.034573
scaffold_335_segment0	18801163	19397697	0.072356	0.039224	0.027939	0.036023
scaffold_335_segment0	18968886	19671648	0.110541	0.070584	0.047722	0.059467
scaffold_335_segment0	19225888	19904627	0.161722	0.139746	0.084448	0.091688
scaffold_335_segment0	19397710	20149365	0.190889	0.151817	0.094083	0.120701
scaffold_335_segment0	19671824	20347709	0.096346	0.068679	0.044394	0.057284
scaffold_335_segment0	19904782	20640215	0.125421	0.074544	0.050471	0.068959
scaffold_335_segment0	20149432	20853213	0.096942	0.054172	0.037475	0.047277
scaffold_335_segment0	20348691	21008717	0.148100	0.088971	0.061338	0.073664
scaffold_335_segment0	20641332	21270493	0.095988	0.055742	0.040326	0.048119
scaffold_335_segment0	20853214	21423663	0.068140	0.041031	0.029978	0.032922
scaffold_335_segment0	21008842	21636253	0.028017	0.018121	0.012770	0.014369
scaffold_335_segment0	21270567	21834295	0.014106	0.010838	0.007248	0.005760
scaffold_335_segment0	21423748	22000482	-0.073625	-0.051347	-0.033981	-0.041697
scaffold_335_segment0	21636255	22252805	-0.025852	-0.014127	-0.010008	-0.013112
scaffold_335_segment0	21834369	22437582	-0.027039	-0.014321	-0.010129	-0.013923
scaffold_335_segment0	22000946	22823272	0.082787	0.039707	0.029420	0.035653
scaffold_335_segment0	22253355	23010711	0.059688	0.036550	0.025744	0.027724
scaffold_335_segment0	22437783	23315709	0.087814	0.050086	0.036629	0.042682
scaffold_335_segment0	22823752	23997486	0.160423	0.052708	0.042604	0.074250
scaffold_335_segment0	23010715	24633817	0.206960	0.044449	0.037873	0.086848
scaffold_335_segment0	23315714	25183154	0.198567	0.036825	0.031390	0.076606
scaffold_335_segment0	23997954	25752899	0.243417	0.065968	0.050030	0.118057
scaffold_335_segment0	24634132	26232490	0.119514	0.041313	0.027506	0.070643
scaffold_335_segment0	25183155	26536581	0.118425	0.043110	0.027658	0.072935
scaffold_335_segment0	25752905	26741033	0.048776	0.019902	0.012418	0.026146
scaffold_335_segment0	26232997	26868185	0.075635	0.044729	0.028619	0.032880
scaffold_335_segment0	26536761	27054493	0.098113	0.067150	0.045442	0.047261
scaffold_335_segment0	26741070	27250803	-0.056522	-0.038934	-0.027663	-0.024083
scaffold_335_segment0	26868319	27461484	-0.021164	-0.014532	-0.010119	-0.006961
scaffold_335_segment0	27055792	27606851	-0.075348	-0.055816	-0.037733	-0.041017
scaffold_335_segment0	27250810	27788387	0.039381	0.028014	0.019164	0.020620
scaffold_335_segment0	27462939	28095340	0.145427	0.085952	0.059955	0.071987
scaffold_335_segment0	27607190	28373115	0.194513	0.101390	0.074341	0.087398
scaffold_335_segment0	27788393	28689117	0.057847	0.029946	0.022321	0.025528
scaffold_335_segment0	28096466	28998729	-0.068697	-0.033310	-0.025963	-0.028618
scaffold_335_segment0	28373131	29095648	-0.077499	-0.046721	-0.035399	-0.032131
scaffold_335_segment0	28689337	29521160	0.034475	0.016367	0.012517	0.016234
scaffold_335_segment0	28999706	29744122	-0.062027	-0.033223	-0.024952	-0.028556
scaffold_335_segment0	29095870	30020826	-0.076444	-0.035591	-0.026095	-0.037313
scaffold_335_segment0	29521972	30294675	-0.170842	-0.103559	-0.069989	-0.088279
scaffold_335_segment0	29744808	30567325	-0.147500	-0.094307	-0.060617	-0.075322
scaffold_335_segment0	30021399	30724523	-0.133763	-0.093080	-0.058710	-0.067233
scaffold_335_segment0	30294815	30864286	-0.055169	-0.039238	-0.023862	-0.025183
scaffold_335_segment0	30567534	30957421	0.001648	0.001290	0.000734	0.004107
scaffold_335_segment0	30724533	31084924	-0.074482	-0.066345	-0.033953	-0.034433
scaffold_335_segment0	30864790	31205213	-0.141296	-0.165570	-0.076736	-0.067958
scaffold_335_segment0	30957480	31425370	-0.182068	-0.169686	-0.083803	-0.094145
scaffold_335_segment0	31085124	31655185	-0.198904	-0.157136	-0.078654	-0.098235
scaffold_335_segment0	31205401	31883255	-0.052322	-0.035241	-0.019368	-0.026829
scaffold_335_segment0	31425378	32195918	0.072957	0.043117	0.026449	0.039264
scaffold_335_segment0	31656304	32445815	0.226641	0.124707	0.088693	0.117133
scaffold_335_segment0	31883263	32900842	0.035833	0.015122	0.011674	0.022600
scaffold_335_segment0	32195921	33251894	-0.041496	-0.019848	-0.015094	-0.016456
scaffold_335_segment0	32446762	33651920	-0.149077	-0.056745	-0.043690	-0.067940
scaffold_335_segment0	32901793	33945315	-0.029604	-0.010793	-0.008525	-0.011224
scaffold_335_segment0	33251908	34157648	-0.008973	-0.003189	-0.002552	-0.004839
scaffold_335_segment0	33651921	34428569	-0.075852	-0.033833	-0.026799	-0.032343
scaffold_335_segment0	33946940	34656955	-0.103854	-0.062268	-0.043685	-0.051956
scaffold_335_segment0	34158110	34805233	-0.067511	-0.049391	-0.032035	-0.040127
scaffold_335_segment0	34428962	34911764	0.016332	0.014999	0.008686	0.010088
scaffold_335_segment0	34656959	35023549	0.030431	0.035322	0.018941	0.015359
scaffold_335_segment0	34806007	35171870	0.045804	0.046964	0.026813	0.023937
scaffold_335_segment0	34911783	35407775	0.033157	0.025891	0.016749	0.017690
scaffold_335_segment0	35023550	35703660	0.104426	0.064738	0.045789	0.049012
scaffold_335_segment0	35172503	35899175	0.033647	0.021451	0.015022	0.017622
scaffold_335_segment0	35408321	36277603	0.088650	0.049158	0.035097	0.040420
scaffold_335_segment0	35703675	36613728	0.049832	0.026696	0.018846	0.025939
scaffold_335_segment0	35899176	36935863	0.134662	0.061429	0.044679	0.063037
scaffold_335_segment0	36277673	37138717	0.058682	0.028607	0.020361	0.028422
scaffold_335_segment0	36613732	37296262	0.066121	0.036910	0.026003	0.030522
scaffold_335_segment0	36935889	37437064	-0.014600	-0.009030	-0.006355	-0.007489
scaffold_335_segment0	37139107	37570382	-0.035596	-0.024697	-0.017821	-0.012112
scaffold_335_segment0	37296266	37747576	-0.005233	-0.003700	-0.002739	0.000620
scaffold_335_segment0	37437071	37990339	0.062575	0.041767	0.029835	0.025635
scaffold_335_segment0	37570383	38195686	0.143999	0.091933	0.063348	0.060031
scaffold_335_segment0	37747646	38447125	0.123579	0.079351	0.053231	0.053736
scaffold_335_segment0	37990461	38723414	0.111680	0.081639	0.055999	0.059475
scaffold_335_segment0	38196057	38887884	0.168514	0.144562	0.101115	0.087947
scaffold_335_segment0	38447134	39063128	0.196971	0.171317	0.124503	0.108988
scaffold_335_segment0	38724594	39207312	0.220505	0.215502	0.154217	0.098069
scaffold_335_segment0	38888005	39406099	0.091809	0.071836	0.047139	0.040490
scaffold_335_segment0	39063361	39574869	0.077498	0.058440	0.037688	0.028940
scaffold_335_segment0	39207342	39838723	0.016787	0.011368	0.007309	0.002441
scaffold_335_segment0	39406195	40130658	0.021879	0.011237	0.008274	0.004865
scaffold_335_segment0	39574888	40258576	-0.030582	-0.014968	-0.011250	-0.013158
scaffold_335_segment0	39838771	40404537	-0.145056	-0.079068	-0.057022	-0.066639
scaffold_335_segment0	40130817	40485328	-0.091790	-0.079698	-0.051894	-0.045967
scaffold_335_segment0	40258684	40613249	-0.122595	-0.108902	-0.068036	-0.059425
scaffold_335_segment0	40404667	40751705	0.009561	0.007664	0.005079	0.006379
scaffold_335_segment0	40485334	40870221	0.003252	0.002517	0.001692	0.003305
scaffold_335_segment0	40613408	40982365	0.008035	0.006274	0.004337	0.001969
scaffold_335_segment0	40751713	41099527	0.011419	0.010821	0.007366	0.004156
scaffold_335_segment0	40870223	41272784	-0.014595	-0.011132	-0.007581	-0.007474
scaffold_335_segment0	40982367	41453134	0.057322	0.045043	0.029161	0.032183
scaffold_335_segment0	41099546	41589831	0.034917	0.026388	0.017026	0.024337
scaffold_335_segment0	41273580	41750487	0.045596	0.037226	0.022530	0.031713
scaffold_335_segment0	41453255	41890761	0.096109	0.078083	0.047458	0.046216
scaffold_335_segment0	41589887	42034568	0.107748	0.077737	0.048700	0.052412
scaffold_335_segment0	41751038	42191101	0.114546	0.086452	0.055616	0.053672
scaffold_335_segment0	41891008	42379498	-0.001289	-0.000872	-0.000588	0.005236
scaffold_335_segment0	42034883	42623641	-0.089648	-0.057072	-0.038931	-0.042266
scaffold_335_segment0	42191105	42904562	-0.126460	-0.062231	-0.045533	-0.058647
scaffold_335_segment0	42379511	43126830	-0.087327	-0.043986	-0.031794	-0.044881
scaffold_335_segment0	42623656	43299756	-0.030826	-0.016707	-0.011824	-0.011402
scaffold_335_segment0	42904978	43561842	0.038130	0.022821	0.015957	0.023766
scaffold_335_segment0	43126905	43795254	-0.008190	-0.004205	-0.003002	-0.001837
scaffold_335_segment0	43299810	44147576	-0.121986	-0.053028	-0.039375	-0.063587
scaffold_335_segment0	43561923	44484779	-0.178939	-0.077259	-0.056396	-0.099143
scaffold_335_segment0	43795257	44824631	-0.110261	-0.052063	-0.037642	-0.059289
scaffold_335_segment0	44147579	45114574	0.050967	0.027551	0.018963	0.023027
scaffold_335_segment0	44484812	45263637	0.067068	0.043280	0.028948	0.027201
scaffold_335_segment0	44824635	45489873	0.003787	0.002313	0.001598	0.001232
scaffold_335_segment0	45114589	45731229	0.018688	0.011325	0.007991	0.010046
scaffold_335_segment0	45263728	45955882	-0.010779	-0.006118	-0.004309	0.001521
scaffold_335_segment0	45490254	46170685	0.030194	0.019295	0.013067	0.016996
scaffold_335_segment0	45731745	46413738	0.027413	0.015750	0.010880	0.018062
scaffold_335_segment0	45955893	46607441	0.093930	0.050234	0.035399	0.039731
scaffold_335_segment0	46170705	46770485	0.060271	0.027837	0.020186	0.023410
scaffold_335_segment0	46414010	46948719	-0.011582	-0.006096	-0.004412	-0.006547
scaffold_335_segment0	46607482	47079519	-0.031267	-0.017189	-0.012542	-0.015004
scaffold_335_segment0	46770656	47244190	-0.008420	-0.005149	-0.003672	-0.003143
scaffold_335_segment0	46948756	47410928	0.055592	0.033698	0.023477	0.027974
scaffold_335_segment0	47079645	47603955	0.054603	0.032274	0.022199	0.025589
scaffold_335_segment0	47244630	47697284	0.065015	0.041238	0.028020	0.028103
scaffold_335_segment0	47411133	47807019	0.066838	0.044240	0.030043	0.028279
scaffold_335_segment0	47604071	47966883	0.069333	0.051007	0.033613	0.029056
scaffold_335_segment0	47697288	48084710	0.052121	0.034917	0.023894	0.023819
scaffold_335_segment0	47807054	48208559	0.028143	0.019368	0.013110	0.014811
scaffold_335_segment0	47966951	48367230	0.038028	0.025029	0.017162	0.021374
scaffold_335_segment0	48085082	48480153	0.000184	0.000127	0.000084	0.000386
scaffold_335_segment0	48208571	48612604	-0.015208	-0.009773	-0.006533	-0.006936
scaffold_335_segment0	48367422	48748855	-0.040727	-0.027039	-0.018159	-0.018272
scaffold_335_segment0	48480189	48867829	-0.028054	-0.019288	-0.012890	-0.010642
scaffold_335_segment0	48612796	48972132	-0.062544	-0.049785	-0.032116	-0.026803
scaffold_335_segment0	48749000	49101179	-0.039144	-0.031305	-0.020174	-0.018597
scaffold_335_segment0	48867956	49276948	-0.030774	-0.021795	-0.014339	-0.014184
scaffold_335_segment0	48972140	49425406	0.006174	0.003907	0.002673	0.001849
scaffold_335_segment0	49101248	49549658	-0.017863	-0.010858	-0.007418	-0.008285
scaffold_335_segment0	49277011	49709035	0.027362	0.017811	0.012071	0.011471
scaffold_335_segment0	49425533	49817101	0.047202	0.033367	0.022438	0.020088
scaffold_335_segment0	49550226	49893111	0.032524	0.027073	0.017810	0.018231
scaffold_335_segment0	49709071	50014945	0.017465	0.015354	0.010127	0.009227
scaffold_335_segment0	49817133	50115225	0.010647	0.009085	0.005854	0.005920
scaffold_335_segment0	49893131	50224244	0.039355	0.029498	0.018965	0.016161
scaffold_335_segment0	50014966	50330763	0.018018	0.013540	0.008748	0.007548
scaffold_335_segment0	50115676	50478604	-0.003926	-0.002783	-0.001816	-0.001622
scaffold_335_segment0	50224267	50617569	-0.050851	-0.036530	-0.023966	-0.021870
scaffold_335_segment0	50330844	50785007	-0.057530	-0.034331	-0.023223	-0.024104
scaffold_335_segment0	50478643	50902717	-0.039573	-0.025703	-0.017278	-0.016751
scaffold_335_segment0	50617582	51047587	-0.013566	-0.008572	-0.005750	-0.006519
scaffold_335_segment0	50785266	51242533	-0.026219	-0.018981	-0.012083	-0.012358
scaffold_335_segment0	50902732	51423823	-0.013730	-0.009590	-0.006237	-0.007032
scaffold_335_segment0	51047704	51584755	0.008867	0.006199	0.004068	0.003335
scaffold_335_segment0	51242931	51736703	0.028808	0.018923	0.012457	0.013068
scaffold_335_segment0	51423960	51904924	0.019756	0.011993	0.008022	0.005647
scaffold_335_segment0	51584810	52085150	0.004863	0.002941	0.001922	-0.000078
scaffold_335_segment0	51736844	52244642	-0.006986	-0.004665	-0.003056	-0.004798
scaffold_335_segment0	51904939	52412885	-0.001896	-0.001355	-0.000867	0.001669
scaffold_335_segment0	52085151	52548242	0.030784	0.022006	0.014626	0.016853
scaffold_335_segment0	52244712	52678520	0.044541	0.030062	0.020202	0.023677
scaffold_335_segment0	52412933	52783472	0.054049	0.035485	0.024327	0.026330
scaffold_335_segment1	37402	355244	0.030317	0.024022	0.015465	0.016224
scaffold_335_segment1	126252	487321	0.001752	0.001250	0.000822	0.001748
scaffold_335_segment1	251363	593440	0.019246	0.013344	0.008978	0.009851
scaffold_335_segment1	355275	741695	-0.013773	-0.009239	-0.006135	-0.006760
scaffold_335_segment1	487438	858219	0.003719	0.002624	0.001745	-0.000968
scaffold_335_segment1	593833	917976	-0.001957	-0.001561	-0.001009	-0.005867
scaffold_335_segment1	741784	994993	-0.004574	-0.004165	-0.002622	-0.007846
scaffold_335_segment1	858265	1075855	-0.016029	-0.014821	-0.009212	-0.008585
scaffold_335_segment1	918127	1159380	0.000756	0.000668	0.000419	0.000191
scaffold_335_segment1	995189	1239224	0.036546	0.029386	0.019450	0.016703
scaffold_335_segment1	1075859	1311348	0.057727	0.046994	0.031528	0.022742
scaffold_335_segment1	1159398	1394250	0.077417	0.059189	0.040383	0.032705
scaffold_335_segment1	1239275	1492170	0.100686	0.078665	0.053092	0.044263
scaffold_335_segment1	1311372	1579386	0.148731	0.117016	0.077490	0.064914
scaffold_335_segment1	1394681	1707772	0.117872	0.094933	0.061415	0.051984
scaffold_335_segment1	1492177	1837997	0.061480	0.049096	0.031373	0.023670
scaffold_335_segment1	1579430	1925841	-0.017750	-0.014135	-0.009037	-0.007617
scaffold_335_segment1	1707784	1987887	-0.013172	-0.011136	-0.007147	-0.009610
scaffold_335_segment1	1838000	2050278	-0.002661	-0.002222	-0.001430	-0.006187
scaffold_335_segment1	1925844	2104499	-0.003768	-0.003306	-0.002147	-0.007515
scaffold_335_segment1	1988071	2151871	0.020514	0.018436	0.012186	0.006052
scaffold_335_segment1	2050370	2212560	0.014980	0.015452	0.009921	0.007155
scaffold_335_segment1	2104542	2271554	0.024244	0.024897	0.015730	0.012985
scaffold_335_segment1	2151919	2337686	0.006891	0.006675	0.004209	0.003600
scaffold_335_segment1	2212562	2412596	0.012609	0.011183	0.007200	0.005657
scaffold_335_segment1	2271586	2489842	-0.002124	-0.001821	-0.001187	-0.003819
scaffold_335_segment1	2337691	2542699	-0.016763	-0.014885	-0.009630	-0.009244
scaffold_335_segment1	2412639	2614421	0.001390	0.001281	0.000826	-0.000570
scaffold_335_segment1	2489910	2658327	-0.007638	-0.007616	-0.004828	-0.002359
scaffold_335_segment1	2542711	2715966	0.004826	0.004791	0.003010	0.002665
scaffold_335_segment1	2614428	2779271	-0.010525	-0.010649	-0.006615	-0.001659
scaffold_335_segment1	2658419	2836501	0.010799	0.010369	0.006545	0.004455
scaffold_335_segment1	2716010	2907391	0.015548	0.014640	0.009437	0.006634
scaffold_335_segment1	2779287	2965155	0.009232	0.008727	0.005636	0.001198
scaffold_335_segment1	2836505	3021354	-0.009417	-0.009184	-0.005795	-0.001905
scaffold_335_segment1	2907394	3067673	-0.019931	-0.020429	-0.012519	-0.006333
scaffold_335_segment1	2965177	3102986	-0.034636	-0.038365	-0.023079	-0.012913
scaffold_335_segment1	3021416	3137518	-0.025767	-0.028395	-0.017441	-0.013365
scaffold_335_segment1	3067775	3171965	-0.040569	-0.046403	-0.028180	-0.024003
scaffold_335_segment1	3102992	3194485	0.006455	0.007290	0.004467	-0.004960
scaffold_335_segment1	3137551	3229307	0.017791	0.020076	0.012236	-0.001974
scaffold_335_segment1	3172029	3270130	0.030732	0.031398	0.019595	0.005408
scaffold_335_segment1	3194516	3300945	0.007320	0.006880	0.004387	-0.006323
scaffold_335_segment1	3229456	3335542	0.005565	0.005141	0.003269	-0.003240
scaffold_335_segment1	3270137	3369422	0.041671	0.038428	0.024909	0.013313
scaffold_335_segment1	3300967	3395377	0.047403	0.045553	0.030001	0.018440
scaffold_335_segment1	3335549	3434855	0.046610	0.046148	0.030346	0.018875
scaffold_335_segment1	3369423	3481741	-0.002645	-0.002770	-0.001748	-0.002287
scaffold_335_segment1	3395410	3519669	-0.016213	-0.017009	-0.010478	-0.008792
scaffold_335_segment1	3435023	3572575	-0.029103	-0.030126	-0.018595	-0.018104
scaffold_335_segment1	3481742	3623718	-0.021378	-0.021850	-0.013696	-0.013701
scaffold_335_segment1	3519764	3683456	-0.018062	-0.018266	-0.011428	-0.017268
scaffold_335_segment1	3573136	3753053	-0.014245	-0.013868	-0.008812	-0.012997
scaffold_335_segment1	3623728	3824467	0.025069	0.022478	0.014721	0.004935
scaffold_335_segment1	3683467	3875542	0.042201	0.037474	0.024629	0.015717
scaffold_335_segment1	3753072	3924619	0.017861	0.016940	0.010824	0.003685
scaffold_335_segment1	3824475	3957546	-0.038215	-0.040569	-0.025085	-0.022760
scaffold_335_segment1	3875557	3999323	-0.066242	-0.068679	-0.042625	-0.038102
scaffold_335_segment1	3924657	4045524	-0.011490	-0.011722	-0.007396	-0.012634
scaffold_335_segment1	3957583	4085235	0.040636	0.039851	0.025224	0.011417
scaffold_335_segment1	3999324	4121567	0.057786	0.057873	0.036576	0.022317
scaffold_335_segment1	4045617	4160851	0.007973	0.007611	0.004801	-0.001010
scaffold_335_segment1	4085237	4210961	-0.030779	-0.029744	-0.019002	-0.018816
scaffold_335_segment1	4121579	4274900	-0.053184	-0.052101	-0.032697	-0.030625
scaffold_335_segment1	4160871	4346757	-0.049901	-0.050915	-0.031857	-0.029771
scaffold_335_segment1	4211055	4444648	-0.011556	-0.010490	-0.006878	-0.012526
scaffold_335_segment1	4274909	4652820	0.039783	0.032440	0.022331	0.014374
scaffold_335_segment1	4347002	4807954	0.073491	0.062047	0.045338	0.028618
scaffold_335_segment1	4444689	4818105	0.040859	0.055272	0.039445	0.016613
scaffold_335_segment1	4652877	4837655	-0.000998	-0.002778	-0.001914	-0.001028
scaffold_430_segment0	22220	445219	-0.003677	-0.003535	-0.002399	-0.003530
scaffold_430_segment0	36789	666291	0.027519	0.018246	0.012669	0.008513
scaffold_430_segment0	167541	863746	0.041319	0.021534	0.015324	0.013461
scaffold_430_segment0	445222	1013937	0.094811	0.051076	0.038488	0.036050
scaffold_430_segment0	666292	1424476	0.119658	0.043318	0.034838	0.048274
scaffold_430_segment0	863794	1745737	0.103221	0.030612	0.025491	0.041225
scaffold_430_segment0	1013938	1957037	0.100826	0.024650	0.020765	0.038793
scaffold_430_segment0	1424483	2161912	0.063820	0.018717	0.015425	0.025598
scaffold_430_segment0	1745755	2394847	0.091782	0.032893	0.025465	0.040804
scaffold_430_segment0	1957042	2578741	0.098430	0.048870	0.035095	0.043735
scaffold_430_segment0	2161913	2686596	0.032517	0.021239	0.014877	0.013999
scaffold_430_segment0	2394848	2820430	0.049636	0.038696	0.028174	0.021371
scaffold_430_segment0	2578779	3069538	0.005047	0.003067	0.002409	0.004804
scaffold_430_segment0	2686626	3223114	0.022712	0.012259	0.009775	0.012241
scaffold_430_segment0	2820431	3428635	-0.013239	-0.006775	-0.005092	-0.003722
scaffold_430_segment0	3069550	3766734	0.065414	0.030382	0.022695	0.022753
scaffold_430_segment0	3224071	3978527	0.091127	0.036287	0.027437	0.034831
scaffold_430_segment0	3429235	4142768	0.136721	0.055400	0.043373	0.057543
scaffold_430_segment0	3766741	4293168	0.074305	0.036745	0.028186	0.030442
scaffold_430_segment0	3978539	4442620	0.074236	0.035760	0.028494	0.028083
scaffold_430_segment0	4142913	4666265	0.023933	0.009538	0.007838	0.006274
scaffold_430_segment0	4293170	4924210	-0.108048	-0.039767	-0.031853	-0.044773
scaffold_430_segment0	4442644	5054015	-0.087829	-0.038204	-0.028397	-0.038134
scaffold_430_segment0	4666283	5363170	-0.108889	-0.048138	-0.034579	-0.046767
scaffold_430_segment0	4924211	5621514	-0.019962	-0.008693	-0.006134	-0.006663
scaffold_430_segment0	5054553	5788134	-0.022877	-0.009871	-0.007101	-0.012293
scaffold_430_segment0	5363183	5955527	0.007747	0.003611	0.002620	0.003168
scaffold_430_segment0	5622510	6122295	0.023722	0.012546	0.009039	0.008976
scaffold_430_segment0	5788142	6354860	0.021309	0.010438	0.007797	0.009651
scaffold_430_segment0	5955542	6456594	-0.103847	-0.062128	-0.043059	-0.044282
scaffold_430_segment0	6122937	6741142	-0.111799	-0.067914	-0.047478	-0.046988
scaffold_430_segment0	6354862	6947851	-0.079034	-0.049218	-0.033123	-0.032999
scaffold_430_segment0	6458643	7093763	0.014707	0.008559	0.005951	0.010902
scaffold_430_segment0	6741217	7308988	0.062423	0.036784	0.026313	0.027971
scaffold_430_segment0	6948194	7574006	0.016350	0.008972	0.006676	0.007486
scaffold_430_segment0	7093766	7629487	-0.017531	-0.012390	-0.009327	-0.006788
scaffold_430_segment0	7308996	7816626	-0.039777	-0.027485	-0.020509	-0.015010
scaffold_430_segment0	7574686	8103179	-0.024718	-0.016750	-0.012458	-0.009541
scaffold_430_segment0	7629532	8450839	-0.020660	-0.008181	-0.006302	-0.008480
scaffold_430_segment0	7816627	8671545	0.026576	0.008911	0.006948	0.011135
scaffold_430_segment0	8103224	8919351	-0.017522	-0.006164	-0.004705	-0.006078
scaffold_430_segment0	8451094	9217272	-0.077859	-0.028776	-0.022024	-0.031686
scaffold_430_segment0	8672077	9518129	-0.093631	-0.030391	-0.023940	-0.038699
scaffold_430_segment0	8919495	9778347	-0.015160	-0.004188	-0.003411	-0.003126
scaffold_430_segment0	9217342	9966597	0.084474	0.024347	0.019573	0.036613
scaffold_430_segment0	9518131	10318134	0.078346	0.025847	0.019968	0.032311
scaffold_430_segment0	9780078	10532887	0.052001	0.024266	0.017485	0.018433
scaffold_430_segment0	9966600	10875418	0.083592	0.029956	0.023173	0.038057
scaffold_430_segment0	10318845	11137179	0.097251	0.033599	0.026268	0.044134
scaffold_430_segment0	10532888	11281558	0.160969	0.055479	0.043640	0.071153
scaffold_430_segment0	10875419	11292528	0.117962	0.075342	0.055339	0.043813
scaffold_430_segment0	11137324	11329732	0.093588	0.118928	0.082960	0.031061
scaffold_430_segment0	11281600	11650631	-0.014186	-0.012318	-0.009633	-0.005410
scaffold_430_segment0	11292531	11760623	-0.079858	-0.050240	-0.038267	-0.032518
scaffold_430_segment0	11329821	11912877	-0.100415	-0.050448	-0.038298	-0.044326
scaffold_430_segment0	11650805	12081675	-0.092226	-0.058507	-0.041880	-0.038699
scaffold_430_segment0	11760821	12244261	-0.044751	-0.025674	-0.018162	-0.020808
scaffold_430_segment0	11913061	12441053	-0.061276	-0.031267	-0.022151	-0.027902
scaffold_430_segment0	12081676	12664321	-0.057635	-0.025194	-0.019022	-0.023877
scaffold_430_segment0	12244273	12789054	0.009176	0.004392	0.003376	0.006148
scaffold_430_segment0	12441062	12885983	0.011256	0.007259	0.005227	0.009532
scaffold_430_segment0	12664765	13068927	0.038416	0.030524	0.020421	0.019948
scaffold_430_segment0	12789060	13256687	0.008932	0.005532	0.003908	0.005983
scaffold_430_segment0	12885984	13655073	0.075662	0.027588	0.021863	0.028952
scaffold_430_segment0	13069502	13943991	0.047507	0.015071	0.012305	0.015126
scaffold_430_segment0	13256694	14272750	0.038220	0.009680	0.008073	0.010384
scaffold_430_segment0	13655247	14526644	0.054380	0.017240	0.014440	0.017743
scaffold_430_segment0	13944011	14796367	0.025421	0.007836	0.006401	0.007909
scaffold_430_segment0	14275351	15126019	0.043477	0.015991	0.012894	0.017254
scaffold_430_segment0	14526650	15503189	0.006883	0.002047	0.001677	0.000187
scaffold_430_segment0	14796726	15655216	0.030656	0.010250	0.008384	0.010326
scaffold_430_segment0	15126061	15875317	0.042915	0.016263	0.013097	0.016824
scaffold_430_segment0	15503190	16032042	0.060074	0.031560	0.024340	0.027096
scaffold_430_segment0	15655231	16199858	0.080136	0.039355	0.031483	0.034513
scaffold_430_segment0	15877058	16518634	0.098033	0.038969	0.032234	0.041532
scaffold_430_segment0	16032048	16672109	0.077880	0.029480	0.023609	0.036367
scaffold_430_segment0	16199862	16838974	0.064506	0.023823	0.018888	0.031611
scaffold_430_segment0	16518647	17100494	0.017696	0.007254	0.005658	0.012103
scaffold_430_segment0	16672111	17345091	0.013287	0.004634	0.003680	0.002895
scaffold_430_segment0	16840488	17741575	0.031544	0.009496	0.007329	0.011802
scaffold_430_segment0	17100500	18010530	0.090328	0.030293	0.022472	0.038694
scaffold_430_segment0	17346423	18250498	0.108279	0.043863	0.030869	0.051220
scaffold_430_segment0	17741576	18677427	0.101582	0.041814	0.029593	0.050207
scaffold_430_segment0	18010533	18936548	0.054678	0.021574	0.015530	0.025854
scaffold_430_segment0	18250591	19114852	0.038801	0.014053	0.010636	0.019412
scaffold_430_segment0	18677433	19341566	-0.111436	-0.054640	-0.038331	-0.039055
scaffold_430_segment0	18936549	19648821	-0.098951	-0.037924	-0.027564	-0.039590
scaffold_430_segment0	19114856	19964155	-0.095886	-0.034267	-0.025092	-0.036051
scaffold_430_segment0	19341573	20534009	0.079577	0.019392	0.015650	0.033151
scaffold_430_segment0	19650129	20676394	0.057379	0.017641	0.014284	0.025469
scaffold_430_segment0	19964614	20991845	0.063132	0.017200	0.014137	0.021892
scaffold_430_segment0	20534040	21446197	-0.084585	-0.027545	-0.020594	-0.034410
scaffold_430_segment0	20676430	21783308	-0.063100	-0.017262	-0.012578	-0.022893
scaffold_430_segment0	20991846	22001320	-0.067949	-0.019080	-0.013831	-0.025565
scaffold_430_segment0	21446199	22246194	0.052594	0.014594	0.011019	0.024234
scaffold_430_segment0	21783437	22289868	0.052915	0.021110	0.016316	0.019010
scaffold_430_segment0	22001333	22477107	0.173597	0.092953	0.066268	0.070225
scaffold_430_segment0	22246199	22694010	-0.030937	-0.022699	-0.014938	-0.015121
scaffold_430_segment0	22290105	22933070	-0.132612	-0.085487	-0.056598	-0.066874
scaffold_430_segment0	22477112	23276150	-0.255375	-0.130484	-0.096186	-0.118599
scaffold_430_segment0	22694023	23620916	-0.104448	-0.041889	-0.032862	-0.042548
scaffold_430_segment0	22933071	23821392	0.107611	0.041014	0.032817	0.043430
scaffold_430_segment0	23276152	24186416	0.103114	0.034449	0.027401	0.044316
scaffold_430_segment0	23620923	24464626	0.088948	0.030079	0.023857	0.035721
scaffold_430_segment0	23821405	24818270	0.053514	0.012719	0.010469	0.019396
scaffold_430_segment0	24186430	25010882	0.004715	0.001421	0.001155	-0.001274
scaffold_430_segment0	24465058	25361140	0.041525	0.012305	0.010008	0.021547
scaffold_430_segment0	24818277	25562661	0.017001	0.006460	0.005196	0.011468
scaffold_430_segment0	25011170	25856517	0.073172	0.024138	0.020012	0.033679
scaffold_430_segment0	25361147	26391285	0.034072	0.008110	0.006805	0.014667
scaffold_430_segment0	25563305	26611879	0.103484	0.024094	0.019973	0.040551
scaffold_430_segment0	25856893	26877003	0.092632	0.022527	0.018336	0.037037
scaffold_430_segment0	26391286	27276703	0.115261	0.031851	0.026407	0.042853
scaffold_430_segment0	26611889	27611899	0.046093	0.010856	0.009051	0.017172
scaffold_430_segment0	26877018	27872916	0.050219	0.011304	0.009541	0.019707
scaffold_430_segment0	27276778	28090661	0.034022	0.009736	0.007834	0.014450
scaffold_430_segment0	27611906	28302199	0.033793	0.013082	0.010164	0.012451
scaffold_430_segment0	27872919	28545695	0.107951	0.052131	0.037630	0.047058
scaffold_430_segment0	28090679	28890415	0.108943	0.048140	0.035534	0.053664
scaffold_430_segment0	28302204	29247903	0.121098	0.046809	0.034832	0.060119
scaffold_430_segment0	28545836	29771992	0.114328	0.030822	0.023632	0.047198
scaffold_430_segment0	28890457	30085137	0.130562	0.032707	0.025344	0.047924
scaffold_430_segment0	29247910	30270755	0.142366	0.041108	0.031471	0.053519
scaffold_430_segment0	29772053	30676449	0.082710	0.027892	0.021720	0.029910
scaffold_430_segment0	30086357	30976371	0.134327	0.046175	0.034688	0.053927
scaffold_430_segment0	30270760	31249033	0.108435	0.032920	0.024747	0.043477
scaffold_430_segment0	30678635	31548108	0.135750	0.043572	0.032373	0.055808
scaffold_430_segment0	30976389	31847497	0.081465	0.026800	0.020873	0.035245
scaffold_430_segment0	31249061	32071666	0.112983	0.040211	0.032085	0.050354
scaffold_430_segment0	31548171	32231234	0.062652	0.023961	0.018739	0.027341
scaffold_430_segment0	31847796	32399152	0.036671	0.015422	0.011165	0.015833
scaffold_430_segment0	32071667	32586154	-0.016833	-0.008295	-0.005850	-0.010111
scaffold_430_segment0	32236132	32815459	-0.033063	-0.016132	-0.011657	-0.016939
scaffold_430_segment0	32399161	33140538	-0.003003	-0.001119	-0.000893	-0.005388
scaffold_430_segment0	32586159	33539189	0.033783	0.009236	0.007609	0.011662
scaffold_430_segment0	32815469	33647253	0.058010	0.018735	0.015629	0.018773
scaffold_430_segment0	33140935	33982500	0.073208	0.023782	0.019568	0.025871
scaffold_430_segment0	33539190	34274688	0.064728	0.022470	0.017735	0.024109
scaffold_430_segment0	33647285	34473522	0.066716	0.018840	0.014846	0.029181
scaffold_430_segment0	33983289	34924452	0.081689	0.022058	0.017081	0.039272
scaffold_430_segment0	34274692	35286739	0.096504	0.023586	0.018460	0.042664
scaffold_430_segment0	34473537	35728978	0.112604	0.023333	0.018714	0.050526
scaffold_430_segment0	34924454	35965541	0.046354	0.011527	0.009252	0.012604
scaffold_430_segment0	35286761	36299265	0.048640	0.013401	0.011044	0.012340
scaffold_430_segment0	35730827	36702560	0.062945	0.018500	0.015200	0.016526
scaffold_430_segment0	35965542	37148060	0.160480	0.038524	0.031193	0.066155
scaffold_430_segment0	36299789	37521184	0.152459	0.033017	0.027193	0.060771
scaffold_430_segment0	36702937	37991683	0.139452	0.027643	0.022904	0.054608
scaffold_430_segment0	37148065	38226603	0.055469	0.013138	0.011118	0.017220
scaffold_430_segment0	37521198	38460337	0.040383	0.012287	0.010001	0.013818
scaffold_430_segment0	37991690	38481543	0.021858	0.014239	0.010481	0.006290
scaffold_430_segment0	38227380	38744691	-0.018560	-0.012228	-0.008036	-0.007396
scaffold_430_segment0	38460349	39249130	-0.002376	-0.000849	-0.000633	-0.001985
scaffold_430_segment0	38481551	39840878	0.014204	0.002967	0.002368	0.005936
scaffold_430_segment0	38744692	40245008	0.087869	0.014508	0.012294	0.035373
scaffold_430_segment0	39249554	40643985	0.054356	0.009869	0.008170	0.022056
scaffold_430_segment0	39842951	40879950	0.022331	0.005102	0.004054	0.008820
scaffold_430_segment0	40245009	41151651	-0.040753	-0.011476	-0.008590	-0.017935
scaffold_430_segment0	40645091	41520410	-0.003856	-0.001192	-0.000883	-0.003979
scaffold_430_segment0	40879970	41742451	0.014439	0.004935	0.003517	0.001643
scaffold_430_segment0	41151652	41935520	0.039432	0.014898	0.010664	0.010438
scaffold_430_segment0	41520418	42418485	0.039622	0.012946	0.009193	0.011959
scaffold_430_segment0	41742452	42605450	0.063422	0.022020	0.016179	0.024497
scaffold_430_segment0	41937492	42721726	0.059453	0.023056	0.016566	0.024409
scaffold_430_segment0	42421615	42978244	-0.015226	-0.008883	-0.005807	-0.000700
scaffold_430_segment0	42605451	43563557	-0.021360	-0.007092	-0.005094	-0.004512
scaffold_430_segment0	42721727	44040377	-0.009812	-0.002298	-0.001747	0.002725
scaffold_430_segment0	42978249	44482447	0.109245	0.023537	0.018050	0.055749
scaffold_430_segment0	43563561	44983885	0.121560	0.028102	0.021160	0.058952
scaffold_430_segment0	44040386	45880996	0.176563	0.030974	0.024404	0.088513
scaffold_430_segment0	44482456	46482014	0.144578	0.020064	0.016835	0.063069
scaffold_430_segment0	44984080	46886293	0.145923	0.021110	0.017981	0.063032
scaffold_430_segment0	45881038	47255680	0.095598	0.020652	0.016917	0.036157
scaffold_430_segment0	46482027	47762342	0.123219	0.027174	0.021951	0.048047
scaffold_430_segment0	46886302	47954249	0.089567	0.022567	0.018099	0.028146
scaffold_430_segment0	47255684	48407693	0.142618	0.032691	0.027262	0.053503
scaffold_430_segment0	47762431	48892363	0.123536	0.028778	0.024792	0.043875
scaffold_430_segment0	47954321	49385203	0.144723	0.027384	0.023986	0.059078
scaffold_430_segment0	48407701	49682528	0.073203	0.014830	0.012906	0.026463
scaffold_430_segment0	48892631	49971836	0.035461	0.008880	0.007615	0.010665
scaffold_430_segment0	49385373	50375869	0.028010	0.007561	0.006464	0.009552
scaffold_430_segment0	49683568	50771756	0.052271	0.014256	0.012209	0.021432
scaffold_430_segment0	49972997	51143211	0.060535	0.017949	0.014585	0.027947
scaffold_430_segment0	50375873	51423330	0.110082	0.042999	0.033274	0.051080
scaffold_430_segment0	50771780	51573727	0.096447	0.045723	0.033479	0.042713
contig_14_segment0	9023	240402	0.009204	0.008351	0.005275	0.002517
contig_14_segment0	77466	314488	-0.014984	-0.013602	-0.008322	-0.010757
contig_14_segment0	147397	393951	0.005552	0.004702	0.002938	0.001404
contig_14_segment0	240412	473230	0.022983	0.021149	0.013058	0.011569
contig_14_segment0	314492	567186	0.041136	0.034998	0.022315	0.022315
contig_14_segment0	394001	656710	0.005489	0.004787	0.003012	0.007059
contig_14_segment0	473232	755826	0.006288	0.005208	0.003325	0.006002
contig_14_segment0	567296	831918	0.017681	0.015006	0.009403	0.010958
contig_14_segment0	657136	903307	0.036440	0.030440	0.019609	0.017216
contig_14_segment0	755849	1017460	0.020627	0.016990	0.010813	0.008654
contig_14_segment0	831955	1156074	-0.008206	-0.006649	-0.004229	-0.006689
contig_14_segment0	904018	1250056	-0.001510	-0.001244	-0.000776	-0.001026
contig_14_segment0	1017513	1351432	0.042648	0.034209	0.021951	0.020821
contig_14_segment0	1156174	1473133	0.059671	0.047885	0.030833	0.030539
contig_14_segment0	1250064	1573663	0.046395	0.038512	0.024910	0.023757
contig_14_segment0	1351886	1584117	-0.000400	-0.000472	-0.000292	0.002888
contig_14_segment0	1473136	1598074	-0.005209	-0.009360	-0.005652	-0.001069
contig_14_segment0	1573689	1620068	0.011213	0.018140	0.012353	0.005315
contig_14_segment0	1584133	1633394	0.009580	0.013900	0.009442	0.000829
contig_14_segment0	1598086	1686038	0.023324	0.025301	0.017221	0.005491
contig_14_segment0	1620085	1742484	0.043172	0.050743	0.030778	0.011498
contig_14_segment0	1633396	1794140	0.066212	0.063052	0.039227	0.025259
contig_14_segment0	1686050	1837879	0.026578	0.026029	0.015654	0.008055
contig_14_segment0	1742485	1883776	0.010119	0.009819	0.006061	0.001369
contig_14_segment0	1794178	1931529	-0.031857	-0.031879	-0.019158	-0.017984
contig_14_segment0	1837925	1977693	-0.018327	-0.018155	-0.010988	-0.013632
contig_14_segment0	1883806	2019634	-0.037596	-0.037673	-0.022687	-0.022204
contig_14_segment0	1931558	2077838	-0.001477	-0.001397	-0.000865	-0.003850
contig_14_segment0	1977694	2129011	-0.018471	-0.017764	-0.010864	-0.009283
contig_14_segment0	2019640	2193004	-0.014665	-0.012788	-0.008009	-0.007563
contig_14_segment0	2077890	2247329	-0.025675	-0.023152	-0.014420	-0.013372
contig_14_segment0	2129016	2310648	0.007575	0.006611	0.004152	0.002543
contig_14_segment0	2193144	2371439	0.012769	0.011405	0.007170	0.009753
contig_14_segment0	2247344	2427121	0.015419	0.013667	0.008550	0.007928
contig_14_segment0	2310708	2497717	0.009991	0.009035	0.005708	0.003432
contig_14_segment0	2371645	2555968	0.021243	0.019812	0.012302	0.006695
contig_14_segment0	2427245	2632371	-0.011030	-0.010393	-0.006255	-0.008791
contig_14_segment0	2497725	2692710	-0.004767	-0.004482	-0.002739	-0.004522
contig_14_segment0	2555994	2764169	0.013451	0.012073	0.007643	0.003805
contig_14_segment0	2632379	2848626	0.065198	0.053474	0.035869	0.030622
contig_14_segment0	2692750	2920624	0.065620	0.050920	0.033864	0.032779
contig_14_segment0	2764204	2983400	0.047129	0.037685	0.024433	0.020773
contig_14_segment0	2848847	3049320	0.020030	0.017499	0.010955	0.007485
contig_14_segment0	2920626	3114487	0.004238	0.003881	0.002415	0.001569
contig_14_segment0	2983439	3173103	0.008942	0.008696	0.005377	0.006571
contig_14_segment0	3049321	3245083	0.013610	0.012355	0.007848	0.008767
contig_14_segment0	3114493	3317894	0.008363	0.007542	0.004761	0.007924
contig_14_segment0	3173171	3404614	-0.002874	-0.002376	-0.001519	0.001450
contig_14_segment0	3245127	3467983	0.008259	0.007537	0.004752	0.004854
contig_14_segment0	3317963	3544271	0.023525	0.020727	0.013469	0.010235
contig_14_segment0	3404688	3617525	0.005517	0.005056	0.003303	0.000695
contig_14_segment0	3467992	3704220	0.016037	0.013560	0.008909	0.006149
contig_14_segment0	3544469	3783137	0.039175	0.032460	0.021262	0.015474
contig_14_segment0	3617527	3867162	0.029572	0.025449	0.015828	0.007982
contig_14_segment0	3704235	3992040	0.006478	0.005430	0.003406	-0.001165
contig_14_segment0	3783151	4092177	-0.016746	-0.014902	-0.009085	-0.011969
contig_14_segment0	3867308	4186718	-0.005227	-0.004436	-0.002813	-0.002639
contig_14_segment0	3992044	4266944	-0.025115	-0.021001	-0.013108	-0.011963
contig_14_segment0	4092192	4335453	-0.020745	-0.016155	-0.010459	-0.007643
contig_14_segment0	4186732	4402970	-0.001225	-0.000961	-0.000626	0.000727
contig_14_segment0	4266998	4475635	0.014760	0.011697	0.007652	0.007662
contig_14_segment0	4335480	4554266	0.007172	0.005790	0.003746	0.002400
contig_14_segment0	4403075	4632868	-0.002941	-0.002299	-0.001495	-0.004419
contig_14_segment0	4475668	4701750	-0.008268	-0.006402	-0.004178	-0.004573
contig_14_segment0	4554316	4773321	-0.017033	-0.014246	-0.009065	-0.008563
contig_14_segment0	4632879	4928938	-0.052327	-0.044022	-0.027636	-0.021299
contig_14_segment0	4701794	5276829	-0.108356	-0.095630	-0.058153	-0.054750
contig_14_segment0	4773342	5522555	-0.135665	-0.126316	-0.077416	-0.062489
contig_14_segment0	4929092	5532154	-0.098795	-0.139666	-0.084545	-0.042755
contig_4_segment0	19912	418423	0.079721	0.056354	0.039812	0.036494
contig_4_segment0	207676	482480	0.072251	0.053677	0.037096	0.034592
contig_4_segment0	333710	541175	0.039210	0.031737	0.021513	0.020384
contig_4_segment0	418430	598944	-0.037201	-0.035339	-0.022494	-0.009832
contig_4_segment0	482519	660494	-0.067640	-0.065749	-0.041598	-0.027473
contig_4_segment0	541179	712581	-0.031018	-0.029983	-0.019260	-0.012759
contig_4_segment0	599576	778779	-0.011871	-0.011235	-0.007113	-0.009753
contig_4_segment0	660566	864390	0.020509	0.019321	0.012174	0.007234
contig_4_segment0	712598	937388	0.011526	0.011439	0.007008	0.000506
contig_4_segment0	778807	986972	0.032370	0.032869	0.020626	0.014547
contig_4_segment0	864562	1040849	0.013144	0.013304	0.008345	0.007683
contig_4_segment0	937413	1096615	0.018311	0.017083	0.010885	0.007267
contig_4_segment0	987014	1147702	0.031075	0.028046	0.018200	0.010564
contig_4_segment0	1042029	1194839	0.079216	0.069533	0.045944	0.031274
contig_4_segment0	1096706	1239545	0.072456	0.066754	0.043775	0.030476
contig_4_segment0	1147716	1290933	0.062950	0.059510	0.037654	0.029676
contig_4_segment0	1195161	1339480	0.012017	0.011668	0.007250	0.005311
contig_4_segment0	1239581	1383167	0.005072	0.004971	0.003070	0.001507
contig_4_segment0	1290936	1429278	-0.009461	-0.009390	-0.005809	-0.007383
contig_4_segment0	1339485	1478766	-0.003232	-0.003049	-0.001920	-0.003559
contig_4_segment0	1383197	1524122	-0.014371	-0.013840	-0.008682	-0.010170
contig_4_segment0	1429312	1573680	-0.015403	-0.014821	-0.009296	-0.009786
contig_4_segment0	1478865	1640275	-0.016904	-0.017756	-0.010950	-0.010358
contig_4_segment0	1524131	1722891	0.000082	0.000084	0.000053	-0.002490
contig_4_segment0	1573720	1791202	-0.014376	-0.014719	-0.009048	-0.006296
contig_4_segment0	1640282	1886711	-0.002213	-0.002061	-0.001301	-0.004356
contig_4_segment0	1722930	1955714	0.027793	0.024779	0.015960	0.010963
contig_4_segment0	1791387	2018121	0.059666	0.052564	0.034672	0.023741
contig_4_segment0	1886730	2070625	0.038623	0.037232	0.023759	0.015432
contig_4_segment0	1955727	2128643	0.027249	0.025175	0.016172	0.011039
contig_4_segment0	2018160	2191635	0.010192	0.009123	0.005899	0.001058
contig_4_segment0	2070873	2273351	0.017855	0.014741	0.009698	0.006525
contig_4_segment0	2128651	2338332	-0.010051	-0.008766	-0.005742	-0.008805
contig_4_segment0	2191695	2418187	0.001678	0.001398	0.000931	-0.000545
contig_4_segment0	2273428	2485190	-0.000163	-0.000139	-0.000091	-0.001967
contig_4_segment0	2338334	2535100	-0.028649	-0.026000	-0.016600	-0.017779
contig_4_segment0	2418209	2649016	-0.011008	-0.010186	-0.006434	-0.009637
contig_4_segment0	2485197	2742708	-0.005347	-0.005107	-0.003231	-0.006522
contig_4_segment0	2535103	2910021	0.010440	0.007843	0.005264	0.009009
contig_4_segment0	2649017	2992295	-0.007192	-0.005681	-0.003843	-0.004291
contig_4_segment0	2742783	3078830	-0.005638	-0.004333	-0.002907	-0.002557
contig_4_segment0	2910139	3163821	-0.005936	-0.005469	-0.003437	-0.007998
contig_4_segment0	2992523	3270887	-0.013334	-0.011371	-0.007204	-0.010736
contig_4_segment0	3078883	3367578	-0.046160	-0.037625	-0.024132	-0.028337
contig_4_segment0	3163847	3430807	-0.007235	-0.005678	-0.003760	-0.005767
contig_4_segment0	3270920	3519423	-0.006790	-0.005453	-0.003560	-0.005474
contig_4_segment0	3367649	3613238	0.015214	0.012639	0.008227	0.004468
contig_4_segment0	3430848	3705960	-0.007776	-0.006542	-0.004230	-0.005951
contig_4_segment0	3519651	3791321	-0.008098	-0.006722	-0.004377	-0.005461
contig_4_segment0	3613249	3862167	-0.005022	-0.004155	-0.002744	-0.004749
contig_4_segment0	3705970	3949940	-0.008535	-0.007165	-0.004666	-0.011832
contig_4_segment0	3791333	4036025	-0.022941	-0.020475	-0.013024	-0.015181
contig_4_segment0	3862388	4121038	0.000555	0.000510	0.000324	-0.002722
contig_4_segment0	3949943	4193937	0.023602	0.021923	0.014149	0.010216
contig_4_segment0	4036093	4295772	0.038215	0.033989	0.021396	0.012900
contig_4_segment0	4121194	4388278	0.007040	0.006374	0.003830	-0.004947
contig_4_segment0	4193942	4507916	0.003729	0.003059	0.001876	-0.002418
contig_4_segment0	4296738	4591611	0.011284	0.009714	0.006172	0.004133
contig_4_segment0	4388336	4603820	0.021708	0.023841	0.015747	0.010070
contig_4_segment0	4507922	4710365	0.007661	0.009516	0.006025	0.002997
contig_4_segment0	4591642	4776678	-0.011049	-0.014043	-0.008588	-0.005439
contig_4_segment0	4603867	4866940	0.003806	0.003500	0.002159	0.002873
contig_4_segment0	4710422	4937107	-0.006074	-0.005372	-0.003345	-0.002173
contig_4_segment0	4776679	5054086	0.025142	0.020806	0.013131	0.012581
contig_4_segment0	4866953	5122859	0.006643	0.006183	0.003863	0.002697
contig_4_segment0	4937237	5219496	-0.011276	-0.010039	-0.006353	-0.005833
contig_4_segment0	5054088	5334062	-0.018132	-0.015120	-0.009776	-0.010231
contig_4_segment0	5123075	5441735	0.038335	0.028319	0.018991	0.016479
contig_4_segment0	5219573	5536360	0.071070	0.053173	0.035591	0.037038
contig_4_segment0	5334918	5668009	0.054509	0.042711	0.028623	0.029234
contig_4_segment0	5441761	5755497	-0.007282	-0.005916	-0.003857	0.001771
contig_4_segment0	5536376	5840979	-0.028876	-0.024246	-0.015634	-0.011034
contig_4_segment0	5668022	5931021	-0.015384	-0.012870	-0.008275	-0.004633
contig_4_segment0	5755673	6028646	0.020152	0.015877	0.010491	0.011608
contig_4_segment0	5840998	6139724	0.042645	0.032538	0.021769	0.020047
contig_4_segment0	5931029	6231767	0.027953	0.021651	0.014488	0.014097
contig_4_segment0	6028656	6359776	0.022964	0.017462	0.011398	0.010948
contig_4_segment0	6139734	6473960	0.001426	0.001052	0.000681	0.001371
contig_4_segment0	6231813	6611386	0.033797	0.024358	0.015750	0.014475
contig_4_segment0	6359807	6744717	0.045902	0.031123	0.021002	0.020808
contig_4_segment0	6474095	6891782	0.100611	0.069890	0.046499	0.046567
contig_4_segment0	6611389	7028154	0.060873	0.040533	0.027349	0.027445
contig_4_segment0	6744984	7137008	0.037025	0.026968	0.017678	0.013448
contig_4_segment0	6891859	7248120	0.001510	0.001107	0.000742	-0.001437
contig_4_segment0	7028357	7340640	0.038135	0.031346	0.020529	0.017033
contig_4_segment0	7137454	7504577	0.031768	0.023650	0.015907	0.014830
contig_4_segment0	7248795	7683606	0.043745	0.030513	0.020826	0.018972
contig_4_segment0	7340796	7815944	0.001423	0.000927	0.000622	-0.003504
contig_4_segment0	7505068	7959385	0.005154	0.003322	0.002219	-0.001058
contig_4_segment0	7683616	8110236	-0.002015	-0.001291	-0.000864	-0.004681
contig_4_segment0	7816044	8272479	0.008250	0.004700	0.003258	0.001904
contig_4_segment0	7959396	8384221	-0.017571	-0.010099	-0.006996	-0.010684
contig_4_segment0	8110325	8499847	-0.039979	-0.022691	-0.015546	-0.018421
contig_4_segment0	8272812	8589638	-0.024596	-0.015777	-0.010519	-0.013419
contig_4_segment0	8384239	8705045	-0.006380	-0.004147	-0.002731	-0.000825
contig_4_segment0	8499936	8832448	-0.007009	-0.004631	-0.003002	-0.003448
contig_4_segment0	8589670	8947989	0.006586	0.004199	0.002787	0.007668
contig_4_segment0	8705124	9114451	-0.011168	-0.006583	-0.004432	-0.001583
contig_4_segment0	8832510	9346092	-0.026251	-0.013166	-0.009385	-0.008686
contig_4_segment0	8948312	9528976	-0.043163	-0.019846	-0.013983	-0.017254
contig_4_segment0	9114886	9774552	0.012744	0.005451	0.003855	0.003935
contig_4_segment0	9346110	10016900	0.038515	0.017001	0.011810	0.017236
contig_4_segment0	9528979	10263461	0.075285	0.032253	0.023050	0.035831
contig_4_segment0	9774599	10448422	0.026226	0.012318	0.008802	0.015299
contig_4_segment0	10017011	10593913	0.029090	0.015526	0.010717	0.014617
contig_4_segment0	10263477	10865092	-0.012810	-0.006661	-0.004550	-0.006295
contig_4_segment0	10448447	11057342	0.005321	0.002711	0.001853	-0.002162
contig_4_segment0	10594889	11227231	-0.031650	-0.015733	-0.010800	-0.017702
contig_4_segment0	10865274	11391096	-0.059545	-0.033435	-0.022379	-0.028269
contig_4_segment0	11057704	11546903	-0.069388	-0.040013	-0.027102	-0.027695
contig_4_segment0	11227352	11679729	-0.054923	-0.033132	-0.022851	-0.022272
contig_4_segment0	11392049	11831674	0.009857	0.006458	0.004367	0.007487
contig_4_segment0	11546943	12032260	0.047563	0.033539	0.021811	0.023013
contig_4_segment0	11679822	12342346	0.094070	0.056527	0.037486	0.041564
contig_4_segment0	11831681	12498652	0.078569	0.045805	0.030997	0.029943
contig_4_segment0	12032407	12749414	0.043603	0.021438	0.014905	0.014967
contig_4_segment0	12342408	12978880	0.049139	0.025498	0.017956	0.020262
contig_4_segment0	12498707	13224317	0.062356	0.030029	0.021315	0.029189
contig_4_segment0	12749439	13430569	0.099338	0.055181	0.038467	0.045240
contig_4_segment0	12978887	13613448	0.072285	0.042443	0.029460	0.031293
contig_4_segment0	13224459	13753680	0.073033	0.047920	0.032973	0.028774
contig_4_segment0	13430585	13894982	0.037330	0.024141	0.016720	0.015605
contig_4_segment0	13613453	14028453	0.039612	0.026789	0.018134	0.018183
contig_4_segment0	13753703	14239418	0.036338	0.021908	0.015070	0.017483
contig_4_segment0	13895223	14465027	0.042139	0.024463	0.016945	0.018472
contig_4_segment0	14030662	14667648	0.049250	0.026687	0.018239	0.019800
contig_4_segment0	14240077	14877990	0.016629	0.009679	0.006267	0.006849
contig_4_segment0	14465225	15113144	0.106772	0.061769	0.038986	0.051938
contig_4_segment0	14667655	15330890	0.105864	0.062123	0.039728	0.052950
contig_4_segment0	14878057	15577949	0.149011	0.084811	0.056837	0.076490
contig_4_segment0	15113419	15881749	0.064141	0.034273	0.024720	0.030863
contig_4_segment0	15331009	16167638	0.079583	0.040526	0.028674	0.035063
contig_4_segment0	15578446	16466208	0.041560	0.017982	0.013108	0.018173
contig_4_segment0	15881949	16698618	0.027986	0.011672	0.008388	0.014455
contig_4_segment0	16167657	17029676	0.032100	0.012434	0.009205	0.021547
contig_4_segment0	16466392	17464554	0.089664	0.032384	0.024440	0.046407
contig_4_segment0	16698769	17686777	0.181463	0.074129	0.053919	0.088678
contig_4_segment0	17030058	17874425	0.196047	0.086367	0.060222	0.092943
contig_4_segment0	17464742	18098923	0.189063	0.102461	0.067379	0.093144
contig_4_segment0	17687123	18382039	0.102398	0.048483	0.033060	0.047968
contig_4_segment0	17874501	18640657	0.101450	0.044954	0.033103	0.044477
contig_4_segment0	18098994	18961172	0.072783	0.027853	0.020725	0.028047
contig_4_segment0	18382077	19186881	0.093695	0.037086	0.027992	0.039021
contig_4_segment0	18640902	19486843	0.098913	0.036185	0.027303	0.044925
contig_4_segment0	18961184	19686446	0.057342	0.026268	0.019375	0.027684
contig_4_segment0	19186882	19770202	0.011065	0.006066	0.004398	0.007428
contig_4_segment0	19486848	20111998	0.109939	0.059661	0.042754	0.051617
contig_4_segment0	19686615	20548433	0.132771	0.054808	0.041802	0.060087
contig_4_segment0	19770212	20905358	0.205847	0.070449	0.054938	0.102931
contig_4_segment0	20112047	21061139	0.094554	0.037065	0.029306	0.045827
contig_4_segment0	20548462	21319096	0.150367	0.063350	0.047171	0.069953
contig_4_segment0	20905360	21513501	0.098736	0.046185	0.033647	0.041310
contig_4_segment0	21061143	21802843	0.091806	0.037619	0.028050	0.039404
contig_4_segment0	21319103	22312831	0.044349	0.015764	0.012550	0.021468
contig_4_segment0	21513504	22827661	0.015842	0.004642	0.003745	0.008586
contig_4_segment0	21804699	23222453	0.020269	0.005626	0.004413	0.008222
contig_4_segment0	22313141	23551230	0.021057	0.006145	0.004822	0.011097
contig_4_segment0	22827667	24268103	0.083445	0.019197	0.015630	0.040798
contig_4_segment0	23222456	24817956	0.092551	0.017625	0.014898	0.043478
contig_4_segment0	23551241	25177336	0.109348	0.018718	0.016053	0.048136
contig_4_segment0	24269069	25645704	0.111815	0.020114	0.017233	0.048007
contig_4_segment0	24818719	26298225	0.154488	0.026132	0.022920	0.064865
contig_4_segment0	25177639	26733485	0.309742	0.062366	0.052549	0.151556
contig_4_segment0	25645714	26805366	0.220925	0.071178	0.058479	0.104089
contig_4_segment0	26298283	27126837	0.138625	0.058176	0.043587	0.063664
contig_4_segment0	26733837	27551902	0.057408	0.028705	0.020861	0.022840
contig_4_segment0	26805372	27922088	0.112537	0.033485	0.025304	0.052234
contig_4_segment0	27126996	28122360	0.148425	0.049654	0.037034	0.064830
contig_4_segment0	27551909	28309929	0.053142	0.017798	0.013681	0.021986
contig_4_segment0	27922093	28729281	0.016321	0.005478	0.004326	0.002327
contig_4_segment0	28122362	28981871	0.026487	0.008126	0.006794	0.007437
contig_4_segment0	28311467	29264862	0.019408	0.005233	0.004325	0.005670
contig_4_segment0	28731512	29882144	0.068613	0.015507	0.013042	0.026952
contig_4_segment0	28981880	30549110	0.085617	0.014134	0.011790	0.037721
contig_4_segment0	29265281	31125366	0.129093	0.018118	0.015374	0.060468
contig_4_segment0	29882147	31596879	0.124714	0.019072	0.016076	0.060579
contig_4_segment0	30549114	31990507	0.163447	0.032399	0.026825	0.071431
contig_4_segment0	31125396	31997112	0.111737	0.039118	0.031296	0.045017
contig_4_segment0	31596885	32070166	0.054257	0.035447	0.024484	0.005133
contig_4_segment0	31990514	32580654	0.020413	0.010250	0.007762	-0.006291
contig_4_segment0	31997126	32998693	0.043487	0.012145	0.009319	-0.003741
contig_4_segment0	32070194	33612224	0.084729	0.017646	0.014080	0.032394
contig_4_segment0	32580671	34215889	0.096597	0.016842	0.013681	0.035403
contig_4_segment0	33005400	34636289	0.186548	0.035184	0.028961	0.080843
contig_4_segment0	33612226	35088594	0.116199	0.023411	0.019282	0.049091
contig_4_segment0	34216100	35623718	0.099365	0.022131	0.017816	0.046315
contig_4_segment0	34636311	36036797	-0.005754	-0.001262	-0.001027	-0.002119
contig_4_segment0	35088603	36426141	0.042615	0.010167	0.008154	0.017621
contig_4_segment0	35626538	36713439	0.049720	0.018329	0.013827	0.021432
contig_4_segment0	36037161	37083558	0.074980	0.033909	0.024745	0.034237
contig_4_segment0	36426557	37393403	0.019721	0.010098	0.007043	0.009905
contig_4_segment0	36714762	37929858	0.024769	0.008304	0.006347	0.011012
contig_4_segment0	37083564	38425471	0.014118	0.003399	0.002713	0.007646
contig_4_segment0	37393687	38971267	0.066568	0.012594	0.010563	0.031818
contig_4_segment0	37929861	39633711	0.045077	0.007740	0.006719	0.020006
contig_4_segment0	38425506	40330201	0.100499	0.014534	0.012415	0.047834
contig_4_segment0	38974018	40717333	0.143705	0.021762	0.018667	0.062177
contig_4_segment0	39633889	41221177	0.146341	0.024525	0.020813	0.065956
contig_4_segment0	40330369	41394569	0.104655	0.029111	0.024375	0.051414
contig_4_segment0	40718521	41635106	0.059659	0.018992	0.015116	0.039289
contig_4_segment0	41221181	42087643	0.075369	0.023837	0.017787	0.046608
contig_4_segment0	41394803	42390663	0.091491	0.027240	0.019965	0.052281
contig_4_segment0	41635203	42714912	0.117830	0.029139	0.022246	0.060252
contig_4_segment0	42088381	43118479	0.127919	0.036320	0.027987	0.062550
contig_4_segment0	42390672	43543971	0.095841	0.024959	0.019729	0.041142
contig_4_segment0	42715176	43944965	0.114631	0.030982	0.023599	0.051566
contig_4_segment0	43118783	44426613	0.131165	0.033760	0.025902	0.056870
contig_4_segment0	43543977	44789842	0.026891	0.009739	0.007200	0.015290
contig_4_segment0	43944970	45111951	0.079867	0.041173	0.030900	0.036346
contig_4_segment0	44426618	45371784	0.038962	0.027229	0.019366	0.015328
contig_4_segment0	44790154	45749524	0.193393	0.108675	0.077375	0.091189
contig_4_segment0	45113516	46540437	0.159971	0.049664	0.038753	0.074620
contig_4_segment0	45372323	47250465	0.205429	0.041191	0.034492	0.104792
contig_4_segment0	45751107	47792777	0.094136	0.013971	0.012117	0.041822
contig_4_segment0	46542465	48373048	0.072108	0.011336	0.009398	0.032266
contig_4_segment0	47250625	48938673	0.036976	0.005799	0.004747	0.015229
contig_4_segment0	47792993	49419363	0.088437	0.014318	0.011771	0.036636
contig_4_segment0	48373800	49877884	0.042766	0.007631	0.006314	0.014073
contig_4_segment0	48938674	50266904	-0.007527	-0.002038	-0.001601	-0.004526
contig_4_segment0	49419373	50849623	0.021050	0.005213	0.004116	0.008457
contig_4_segment0	49877915	51424250	0.057104	0.013832	0.011027	0.026934
contig_4_segment0	50267029	51785315	0.048395	0.011163	0.008908	0.019022
contig_4_segment0	50850435	52510445	0.030103	0.006710	0.005302	0.009513
contig_4_segment0	51424259	53391114	0.034486	0.006753	0.005512	0.013577
contig_4_segment0	51785325	53900071	0.099683	0.016425	0.013788	0.044006
contig_4_segment0	52510951	54523074	0.055341	0.009431	0.007821	0.025095
contig_4_segment0	53392909	54771200	0.042306	0.010102	0.008160	0.018283
scaffold_13_segment0	6002	186542	-0.004712	-0.006565	-0.004456	-0.002754
scaffold_13_segment0	16022	296606	0.010207	0.009228	0.006426	0.004393
scaffold_13_segment0	86327	455434	0.018901	0.014243	0.010110	0.008213
scaffold_13_segment0	186549	595374	0.021762	0.016006	0.011100	0.008779
scaffold_13_segment0	296616	731129	0.021781	0.016236	0.010886	0.007956
scaffold_13_segment0	455438	969544	-0.036843	-0.023590	-0.015624	-0.020852
scaffold_13_segment0	595452	1162464	-0.033629	-0.017411	-0.012078	-0.020017
scaffold_13_segment0	731190	1265439	-0.058089	-0.031174	-0.022305	-0.026597
scaffold_13_segment0	969694	1595354	-0.001066	-0.000566	-0.000442	-0.002130
