chr	windowStart	windowEnd	D	f_d	f_dM	d_f
contig_1888_segment0	71024	548384	0.018377	0.030911	0.020130	0.009771
contig_1888_segment0	270456	832714	-0.036800	-0.060013	-0.039060	-0.008649
contig_1888_segment0	352413	914993	-0.027807	-0.040987	-0.027285	-0.006364
contig_1888_segment0	548389	966425	-0.018768	-0.030538	-0.019699	-0.002809
contig_1888_segment0	832733	1057949	0.047888	0.093538	0.059621	0.018688
contig_1888_segment0	915029	1269717	0.041130	0.057921	0.034128	0.017424
contig_1888_segment0	968353	1406523	0.004857	0.004874	0.003110	0.002562
contig_1888_segment0	1057952	1808402	-0.033966	-0.018761	-0.012748	-0.017256
contig_1888_segment0	1269720	2046507	-0.041278	-0.019646	-0.014138	-0.019971
contig_1888_segment0	1406941	2253718	-0.013439	-0.005967	-0.004300	-0.003657
contig_1888_segment0	1808421	2421584	0.044806	0.026166	0.018512	0.023959
contig_1888_segment0	2046511	2623023	0.065462	0.040742	0.028539	0.032419
contig_1888_segment0	2254456	2777618	0.035585	0.023546	0.016046	0.017520
contig_1888_segment0	2421608	2880848	0.026835	0.018136	0.012447	0.011542
contig_1888_segment0	2623040	2972281	0.016521	0.011959	0.008058	0.005938
contig_1888_segment0	2778384	3069074	0.037380	0.028435	0.018955	0.013640
contig_1888_segment0	2880896	3160444	0.011232	0.008866	0.005907	0.003547
contig_1888_segment0	2972289	3237108	-0.028131	-0.022517	-0.015059	-0.020424
contig_1888_segment0	3069083	3396217	-0.017240	-0.011826	-0.008288	-0.012024
contig_1888_segment0	3160508	3568187	-0.067885	-0.041623	-0.029326	-0.044316
contig_1888_segment0	3237247	3758156	-0.049383	-0.028630	-0.020142	-0.029690
contig_1888_segment0	3396261	3884966	-0.073667	-0.046082	-0.031270	-0.043587
contig_1888_segment0	3568391	3998458	-0.014968	-0.011209	-0.007089	-0.011335
contig_1888_segment0	3758249	4122386	0.059597	0.044428	0.028623	0.024802
contig_1888_segment0	3885055	4200007	0.069794	0.055237	0.035952	0.032002
contig_1888_segment0	3998465	4289655	0.090342	0.065000	0.045302	0.043126
contig_1888_segment0	4122631	4398243	-0.016357	-0.011964	-0.008210	-0.010171
contig_1888_segment0	4200010	4539935	-0.015453	-0.009906	-0.006805	-0.009392
contig_1888_segment0	4289835	4685639	-0.039213	-0.022936	-0.016000	-0.018823
contig_1888_segment0	4398283	4809145	0.028756	0.016828	0.011800	0.015600
contig_1888_segment0	4540245	4891446	0.042846	0.027099	0.019438	0.021693
contig_1888_segment0	4685734	4973868	0.017235	0.012917	0.008747	0.004662
contig_1888_segment0	4809157	5075690	0.000846	0.000692	0.000450	-0.001814
contig_1888_segment0	4891451	5166227	-0.025323	-0.019963	-0.012722	-0.012987
contig_1888_segment0	4973922	5266558	-0.003828	-0.002816	-0.001842	-0.003623
contig_1888_segment0	5075815	5357328	-0.003004	-0.002250	-0.001496	-0.005562
contig_1888_segment0	5166882	5448101	0.025322	0.021448	0.013939	0.009949
contig_1888_segment0	5266606	5525370	-0.008850	-0.007980	-0.005099	-0.003278
contig_1888_segment0	5357333	5594088	-0.047542	-0.043462	-0.027232	-0.023067
contig_1888_segment0	5448141	5674446	-0.085290	-0.071141	-0.045657	-0.047553
contig_1888_segment0	5525375	5786881	-0.051224	-0.037975	-0.025546	-0.030094
contig_1888_segment0	5594095	5930369	-0.022294	-0.014721	-0.010085	-0.011251
contig_1888_segment0	5674800	6063165	0.049153	0.032063	0.022023	0.031376
contig_1888_segment0	5786895	6167676	0.089726	0.059283	0.040356	0.049335
contig_1888_segment0	5930415	6246600	0.092327	0.068829	0.046613	0.051206
contig_1888_segment0	6063186	6358751	0.039986	0.030963	0.020841	0.021302
contig_1888_segment0	6167737	6467277	0.034187	0.027279	0.018265	0.021085
contig_1888_segment0	6246630	6600000	0.023454	0.016190	0.011119	0.013022
contig_1888_segment0	6358774	6726610	0.032987	0.021907	0.014997	0.020211
contig_1888_segment0	6467457	6867070	0.012550	0.008330	0.005591	0.006506
contig_1888_segment0	6600004	6967365	0.031927	0.022076	0.014623	0.012978
contig_1888_segment0	6726712	7080213	0.042282	0.028199	0.019202	0.017707
contig_1888_segment0	6867071	7167525	0.045283	0.029411	0.020313	0.020940
contig_1888_segment0	6967588	7240649	0.005518	0.003989	0.002644	0.001287
contig_1888_segment0	7080216	7315418	-0.035861	-0.027549	-0.017674	-0.018773
contig_1888_segment0	7167593	7386000	-0.046192	-0.037394	-0.023719	-0.026876
contig_1888_segment0	7240660	7449111	-0.023052	-0.017414	-0.011482	-0.016452
contig_1888_segment0	7315465	7517215	-0.010891	-0.008210	-0.005438	-0.012304
contig_1888_segment0	7386016	7574989	0.003433	0.002413	0.001657	-0.001865
contig_1888_segment0	7449141	7637842	-0.000433	-0.000304	-0.000206	-0.000920
contig_1888_segment0	7517580	7712706	-0.013555	-0.009273	-0.006315	-0.006464
contig_1888_segment0	7575058	7770786	-0.019210	-0.014110	-0.009338	-0.008593
contig_1888_segment0	7637848	7835131	-0.029351	-0.022639	-0.014810	-0.015409
contig_1888_segment0	7712750	7904448	-0.017437	-0.013325	-0.008757	-0.007583
contig_1888_segment0	7770821	7980694	0.009348	0.006822	0.004563	0.005404
contig_1888_segment0	7835434	8060121	0.031752	0.021839	0.014909	0.020441
contig_1888_segment0	7904452	8135498	0.037229	0.025960	0.017821	0.022146
contig_1888_segment0	7980696	8207785	0.026139	0.018530	0.012789	0.012814
contig_1888_segment0	8060131	8274789	0.037173	0.026555	0.018335	0.012565
contig_1888_segment0	8135702	8340591	0.049002	0.036659	0.024998	0.018109
contig_1888_segment0	8207791	8424661	-0.000060	-0.000045	-0.000030	-0.004308
contig_1888_segment0	8274930	8526132	-0.003040	-0.002230	-0.001507	-0.002604
contig_1888_segment0	8340769	8609562	-0.022962	-0.016316	-0.011046	-0.013419
contig_1888_segment0	8424665	8698458	-0.018899	-0.013868	-0.009287	-0.012415
contig_1888_segment0	8526136	8790815	-0.028778	-0.022506	-0.014709	-0.020615
contig_1888_segment0	8609620	8926797	-0.017635	-0.013239	-0.008675	-0.018291
contig_1888_segment0	8698532	9041106	0.037286	0.026973	0.018005	0.009323
contig_1888_segment0	8790841	9173076	0.057312	0.041028	0.027828	0.023441
contig_1888_segment0	8926921	9303798	0.057096	0.041103	0.028187	0.022254
contig_1888_segment0	9041297	9506227	0.047508	0.031619	0.021926	0.021503
contig_1888_segment0	9173470	9675811	0.035936	0.022013	0.015418	0.013928
contig_1888_segment0	9304663	9803751	0.038600	0.023480	0.016172	0.018043
contig_1888_segment0	9506234	9913330	0.032865	0.020481	0.014021	0.014328
contig_1888_segment0	9675817	10009791	0.018591	0.012071	0.008158	0.007647
contig_1888_segment0	9803980	10136608	-0.010290	-0.006980	-0.004643	-0.008691
contig_1888_segment0	9913334	10304368	-0.039964	-0.028075	-0.018511	-0.025596
contig_1888_segment0	10009799	10478238	-0.019931	-0.012966	-0.008746	-0.014841
contig_1888_segment0	10136671	10586204	0.011503	0.007150	0.005027	0.003743
contig_1888_segment0	10304371	10675489	0.037217	0.023176	0.016457	0.017135
contig_1888_segment0	10478247	10755731	0.023359	0.016031	0.011139	0.011170
contig_1888_segment0	10586383	10836303	0.023484	0.016773	0.011556	0.013530
contig_1888_segment0	10675493	10925023	-0.002539	-0.001847	-0.001259	0.001376
contig_1888_segment0	10755836	11063491	0.005226	0.003712	0.002491	0.004670
contig_1888_segment0	10836313	11608525	-0.050133	-0.029303	-0.019967	-0.021632
contig_1888_segment0	10925104	11616761	-0.024511	-0.017974	-0.012346	-0.006887
contig_235_segment0	7528	59784	-0.012533	-0.047273	-0.025287	-0.005882
contig_235_segment0	32743	70239	-0.010717	-0.043579	-0.023017	-0.005912
contig_235_segment0	49097	88706	-0.033251	-0.141355	-0.071905	-0.015545
contig_235_segment0	59785	107357	0.004538	0.016276	0.009166	0.002176
contig_235_segment0	70244	127606	0.005401	0.018635	0.010978	0.003490
contig_235_segment0	88715	136368	0.031666	0.114350	0.071320	0.014204
contig_235_segment0	107358	168978	0.026404	0.085885	0.054091	0.011035
scaffold_335_segment0	127613	131545	0.024612	0.070239	0.043746	0.009602
scaffold_335_segment0	136369	279640	0.012005	0.028238	0.017699	0.004559
scaffold_335_segment0	168979	408815	0.003862	0.008210	0.005133	0.002169
scaffold_335_segment0	139958	873572	0.018518	0.018695	0.013073	0.009679
scaffold_335_segment0	279647	1085916	0.075551	0.063367	0.044052	0.040805
scaffold_335_segment0	408831	1274047	0.048900	0.031767	0.022535	0.028984
scaffold_335_segment0	873574	1284022	0.029140	0.025573	0.017487	0.013683
scaffold_335_segment0	1086831	1292337	-0.034924	-0.041941	-0.028379	-0.016976
scaffold_335_segment0	1274059	1428438	-0.014713	-0.022219	-0.014411	-0.008711
scaffold_335_segment0	1284023	1685275	-0.011885	-0.010126	-0.007049	-0.004192
scaffold_335_segment0	1292342	1883973	-0.016172	-0.009766	-0.006934	-0.005147
scaffold_335_segment0	1428717	2108876	0.013249	0.007464	0.005236	0.011307
scaffold_335_segment0	1685315	2276123	0.038310	0.022914	0.015855	0.022981
scaffold_335_segment0	1883992	2424982	0.081181	0.050681	0.034758	0.040997
scaffold_335_segment0	2109230	2525798	0.039688	0.025319	0.017803	0.017491
scaffold_335_segment0	2276768	2646664	0.002755	0.001770	0.001249	-0.000639
scaffold_335_segment0	2424988	2752118	-0.037810	-0.025720	-0.017822	-0.019065
scaffold_335_segment0	2525799	2848506	-0.027653	-0.020806	-0.014254	-0.015285
scaffold_335_segment0	2646665	2973824	-0.006652	-0.005007	-0.003406	-0.006961
scaffold_335_segment0	2752648	3179908	0.001744	0.001143	0.000806	-0.003497
scaffold_335_segment0	2848537	3359519	0.025880	0.015972	0.011127	0.011890
scaffold_335_segment0	2973839	3490673	0.044491	0.025289	0.018129	0.023130
scaffold_335_segment0	3179909	3613792	0.046941	0.027728	0.019633	0.027374
scaffold_335_segment0	3359541	3727119	0.062730	0.036693	0.026496	0.035638
scaffold_335_segment0	3490746	3848298	0.065354	0.040043	0.028765	0.035386
scaffold_335_segment0	3613811	3952373	0.057917	0.037282	0.026408	0.030304
scaffold_335_segment0	3727158	4065897	0.034269	0.022336	0.015686	0.019103
scaffold_335_segment0	3848383	4182326	0.014885	0.009990	0.006911	0.009979
scaffold_335_segment0	3952374	4316499	0.057231	0.036514	0.026021	0.030237
scaffold_335_segment0	4065918	4548439	0.026726	0.015100	0.011028	0.016705
scaffold_335_segment0	4182328	4699536	0.039899	0.020593	0.015299	0.023388
scaffold_335_segment0	4316690	4798368	0.001041	0.000560	0.000413	0.000477
scaffold_335_segment0	4548506	4895600	0.006104	0.003783	0.002664	0.000164
scaffold_335_segment0	4699605	4995048	0.002037	0.001440	0.000993	-0.002281
scaffold_335_segment0	4798376	5085097	0.018224	0.013369	0.009014	0.005501
scaffold_335_segment0	4895608	5183007	0.013852	0.009707	0.006670	0.004454
scaffold_335_segment0	4995205	5214961	0.009001	0.007172	0.004832	0.001916
scaffold_335_segment0	5085233	5290192	-0.009874	-0.008456	-0.005765	-0.004537
scaffold_335_segment0	5183153	5448575	-0.011817	-0.009779	-0.006719	-0.005630
scaffold_335_segment0	5214963	5587465	-0.019591	-0.013971	-0.009461	-0.010532
scaffold_335_segment0	5290199	5669054	-0.000022	-0.000016	-0.000010	-0.000938
scaffold_335_segment0	5448578	5759376	0.014049	0.010958	0.007140	0.005431
scaffold_335_segment0	5587485	5898769	0.019552	0.015353	0.009854	0.006646
scaffold_335_segment0	5669066	5987689	0.025440	0.018985	0.012380	0.011224
scaffold_335_segment0	5759555	6088664	0.005645	0.003677	0.002483	0.000247
scaffold_335_segment0	5899036	6166655	0.035983	0.023005	0.016135	0.021485
scaffold_335_segment0	5987693	6276743	0.046091	0.026636	0.019313	0.029345
scaffold_335_segment0	6088720	6374091	0.064562	0.038227	0.027868	0.042765
scaffold_335_segment0	6166663	6456901	0.020737	0.012942	0.009275	0.013063
scaffold_335_segment0	6276749	6547682	0.003531	0.002315	0.001620	0.002949
scaffold_335_segment0	6374726	6614185	-0.006110	-0.004290	-0.002962	-0.003639
scaffold_335_segment0	6456954	6658632	0.000344	0.000259	0.000180	0.000333
scaffold_335_segment0	6547760	6691536	0.003098	0.002511	0.001784	-0.000180
scaffold_335_segment0	6614206	6728267	0.015027	0.014966	0.010272	0.006158
scaffold_335_segment0	6658660	6872111	0.043210	0.031534	0.022136	0.017430
scaffold_335_segment0	6691540	7003171	-0.009149	-0.006177	-0.004240	-0.008801
scaffold_335_segment0	6728295	7119099	-0.038992	-0.021499	-0.015314	-0.022557
scaffold_335_segment0	6872137	7232315	-0.090586	-0.051249	-0.036477	-0.045831
scaffold_335_segment0	7003205	7331210	-0.062470	-0.035787	-0.025490	-0.028783
scaffold_335_segment0	7119229	7464577	-0.054663	-0.031608	-0.022530	-0.026387
scaffold_335_segment0	7232466	7683605	0.036237	0.021071	0.015190	0.021960
scaffold_335_segment0	7331329	7839313	0.041952	0.023696	0.017214	0.026218
scaffold_335_segment0	7464578	8016381	0.067150	0.038698	0.027543	0.035503
scaffold_335_segment0	7683609	8174079	0.025168	0.015322	0.010607	0.016181
scaffold_335_segment0	7839496	8356918	0.028724	0.016255	0.011566	0.014305
scaffold_335_segment0	8016408	8567601	0.021349	0.011280	0.007979	0.014399
scaffold_335_segment0	8174129	8712401	0.011141	0.005366	0.003899	0.004247
scaffold_335_segment0	8356951	8892963	0.019094	0.009381	0.006870	0.006430
scaffold_335_segment0	8567633	9057906	0.050058	0.024657	0.018635	0.020081
scaffold_335_segment0	8712602	9228651	0.005732	0.002794	0.002077	0.003731
scaffold_335_segment0	8893003	9424931	-0.059679	-0.031918	-0.022928	-0.029835
scaffold_335_segment0	9058426	9643253	-0.031545	-0.016848	-0.012016	-0.019422
scaffold_335_segment0	9228946	9824416	0.032177	0.018654	0.013429	0.015782
scaffold_335_segment0	9424937	10029846	0.070150	0.039323	0.028857	0.037131
scaffold_335_segment0	9643339	10246168	0.000189	0.000118	0.000084	-0.000939
scaffold_335_segment0	9824507	10429091	-0.077656	-0.045980	-0.032412	-0.041636
scaffold_335_segment0	10029894	10681287	-0.042070	-0.021722	-0.015637	-0.022635
scaffold_335_segment0	10246224	10929058	-0.043782	-0.017605	-0.013442	-0.021173
scaffold_335_segment0	10429224	11056516	-0.018008	-0.008036	-0.006155	-0.008506
scaffold_335_segment0	10681295	11338966	-0.005846	-0.002720	-0.002063	-0.003657
scaffold_335_segment0	10929183	11482190	0.051705	0.034051	0.023581	0.026359
scaffold_335_segment0	11056559	11618682	-0.013550	-0.008586	-0.005776	-0.007226
scaffold_335_segment0	11339026	11772223	-0.083006	-0.057138	-0.037952	-0.046749
scaffold_335_segment0	11482191	11982219	-0.137760	-0.078402	-0.055119	-0.074820
scaffold_335_segment0	11618690	12175420	-0.067713	-0.034206	-0.024811	-0.037865
scaffold_335_segment0	11772540	12353316	-0.012086	-0.005697	-0.004146	-0.006233
scaffold_335_segment0	11982228	12463175	-0.048788	-0.025987	-0.018209	-0.027712
scaffold_335_segment0	12175710	12627875	-0.059930	-0.033805	-0.023697	-0.031572
scaffold_335_segment0	12353324	12897034	-0.025264	-0.013005	-0.009550	-0.015349
scaffold_335_segment0	12463269	13090658	0.065341	0.031909	0.023919	0.037655
scaffold_335_segment0	12628201	13353134	0.098202	0.044670	0.033916	0.055335
scaffold_335_segment0	12897120	13586371	0.043466	0.021844	0.015880	0.025344
scaffold_335_segment0	13090852	13834871	0.016634	0.008423	0.006127	0.012415
scaffold_335_segment0	13354274	14062570	0.027494	0.013928	0.010155	0.019568
scaffold_335_segment0	13587497	14330802	0.014679	0.007642	0.005500	0.011874
scaffold_335_segment0	13834902	14671255	0.035203	0.015463	0.011508	0.018546
scaffold_335_segment0	14062722	15085234	0.090933	0.033226	0.024839	0.045938
scaffold_335_segment0	14330907	15434636	0.117263	0.037338	0.028524	0.061362
scaffold_335_segment0	14671471	15807627	0.094267	0.031104	0.023772	0.053787
scaffold_335_segment0	15085267	16190557	0.016420	0.005673	0.004388	0.011229
scaffold_335_segment0	15435286	16527138	0.007026	0.002521	0.001947	0.004371
scaffold_335_segment0	15808504	16755245	0.063235	0.025013	0.019019	0.034071
scaffold_335_segment0	16191586	16940916	0.074345	0.033882	0.025126	0.037581
scaffold_335_segment0	16527305	17063993	0.043887	0.024490	0.017764	0.024263
scaffold_335_segment0	16756089	17256365	0.010497	0.005334	0.003947	0.008844
scaffold_335_segment0	16940924	17470964	0.032386	0.016467	0.011957	0.022415
scaffold_335_segment0	17064463	17686618	0.130238	0.064564	0.046828	0.077302
scaffold_335_segment0	17256681	17862035	0.128215	0.067181	0.047428	0.071543
scaffold_335_segment0	17471104	18033955	0.093093	0.049151	0.034547	0.049335
scaffold_335_segment0	17686863	18185831	0.091562	0.043803	0.031829	0.047184
scaffold_335_segment0	17862077	18383860	0.110495	0.051275	0.037938	0.058969
scaffold_335_segment0	18033958	18643240	0.086029	0.038656	0.028479	0.047802
scaffold_335_segment0	18185833	18859413	0.062234	0.029006	0.021369	0.036093
scaffold_335_segment0	18383871	19075414	0.045526	0.019714	0.014623	0.025287
scaffold_335_segment0	18643243	19311927	0.108983	0.048844	0.037152	0.060875
scaffold_335_segment0	18860538	19614711	0.106609	0.055617	0.040004	0.059634
scaffold_335_segment0	19076356	19910214	0.187587	0.127484	0.085204	0.115623
scaffold_335_segment0	19311958	20126852	0.162609	0.129067	0.080882	0.102818
scaffold_335_segment0	19615087	20363225	0.104875	0.069925	0.045986	0.066549
scaffold_335_segment0	19910238	20689036	0.070768	0.041155	0.028166	0.040332
scaffold_335_segment0	20126914	20883929	0.083861	0.045700	0.032067	0.043751
scaffold_335_segment0	20363506	21146371	0.170125	0.092906	0.066502	0.091183
scaffold_335_segment0	20689182	21361573	0.088649	0.047144	0.034958	0.045360
scaffold_335_segment0	20884005	21602294	0.055745	0.030241	0.022196	0.030016
scaffold_335_segment0	21146467	21800648	-0.000361	-0.000211	-0.000152	0.000634
scaffold_335_segment0	21361599	21994762	-0.078038	-0.048331	-0.033174	-0.045805
scaffold_335_segment0	21602306	22264930	-0.037413	-0.018786	-0.013750	-0.020519
scaffold_335_segment0	21800657	22462015	-0.055749	-0.026958	-0.019561	-0.032272
scaffold_335_segment0	21995152	22865405	0.062760	0.025546	0.019685	0.029298
scaffold_335_segment0	22264941	23071870	0.035195	0.017925	0.013339	0.016598
scaffold_335_segment0	22462913	23670028	0.106863	0.039609	0.031442	0.052577
scaffold_335_segment0	22865999	24289018	0.125478	0.034556	0.028490	0.055265
scaffold_335_segment0	23072325	24945177	0.140352	0.025102	0.021605	0.056349
scaffold_335_segment0	23672828	25563100	0.122505	0.024968	0.020812	0.055488
scaffold_335_segment0	24289294	26038334	0.192158	0.054354	0.039533	0.107096
scaffold_335_segment0	24945180	26478041	0.118089	0.041367	0.026957	0.073549
scaffold_335_segment0	25563235	26742063	0.110913	0.040351	0.026026	0.066510
scaffold_335_segment0	26038373	26871571	-0.032053	-0.013709	-0.009252	-0.013626
scaffold_335_segment0	26478155	27049523	0.063092	0.035686	0.025372	0.031567
scaffold_335_segment0	26742465	27268292	-0.030539	-0.019685	-0.014110	-0.011253
scaffold_335_segment0	26871626	27494397	0.012346	0.008090	0.005748	0.011716
scaffold_335_segment0	27049538	27679231	-0.024258	-0.015150	-0.010747	-0.012962
scaffold_335_segment0	27268654	27860804	0.079172	0.052661	0.036726	0.043944
scaffold_335_segment0	27494516	28194502	0.193075	0.108749	0.077184	0.097555
scaffold_335_segment0	27679429	28461105	0.151596	0.088490	0.064307	0.070569
scaffold_335_segment0	27861191	28835684	0.069952	0.035841	0.027131	0.034813
scaffold_335_segment0	28194505	29044823	-0.077114	-0.041986	-0.032397	-0.032973
scaffold_335_segment0	28461932	29364147	-0.021566	-0.009729	-0.007571	-0.008555
scaffold_335_segment0	28835746	29628760	-0.040323	-0.019348	-0.014780	-0.017701
scaffold_335_segment0	29044845	29894617	-0.098194	-0.049707	-0.037343	-0.047231
scaffold_335_segment0	29364166	30194149	-0.135578	-0.073959	-0.051999	-0.076546
scaffold_335_segment0	29629510	30559998	-0.126930	-0.066210	-0.046450	-0.078622
scaffold_335_segment0	29894621	30760575	-0.023508	-0.011367	-0.007940	-0.011199
scaffold_335_segment0	30196370	30933579	0.015367	0.007414	0.005148	0.013432
scaffold_335_segment0	30559999	31079787	0.060837	0.031877	0.020592	0.032189
scaffold_335_segment0	30760609	31213625	0.024110	0.014045	0.008638	0.011529
scaffold_335_segment0	30933882	31448530	-0.055839	-0.036124	-0.020989	-0.029339
scaffold_335_segment0	31079789	31679886	-0.105691	-0.070295	-0.039538	-0.053849
scaffold_335_segment0	31213626	31889491	-0.028051	-0.017898	-0.010531	-0.013144
scaffold_335_segment0	31448849	32306624	0.126733	0.064797	0.042851	0.074113
scaffold_335_segment0	31679892	32653972	0.146859	0.061459	0.046782	0.083410
scaffold_335_segment0	31889495	33159512	0.042071	0.014241	0.011396	0.025199
scaffold_335_segment0	32306668	33494566	-0.105992	-0.038431	-0.030617	-0.053882
scaffold_335_segment0	32653980	33871121	-0.067794	-0.019130	-0.015830	-0.031083
scaffold_335_segment0	33159513	34187265	-0.057771	-0.017671	-0.014714	-0.032720
scaffold_335_segment0	33494571	34518831	-0.119283	-0.039309	-0.032438	-0.066342
scaffold_335_segment0	33871139	34759572	-0.120355	-0.061307	-0.045154	-0.076015
scaffold_335_segment0	34187509	34891030	-0.190373	-0.129815	-0.084934	-0.119993
scaffold_335_segment0	34519819	34979369	-0.139463	-0.124382	-0.074631	-0.077238
scaffold_335_segment0	34759880	35160522	-0.093505	-0.088044	-0.054128	-0.048705
scaffold_335_segment0	34891031	35414547	0.027421	0.019051	0.013225	0.016370
scaffold_335_segment0	34979426	35735334	0.109053	0.060759	0.044396	0.055840
scaffold_335_segment0	35160543	35965945	0.103455	0.055631	0.040617	0.051164
scaffold_335_segment0	35414923	36367226	0.106295	0.052003	0.037568	0.048174
scaffold_335_segment0	35736491	36658863	0.075925	0.041560	0.029176	0.035995
scaffold_335_segment0	35965974	36951153	0.079661	0.042139	0.029418	0.035129
scaffold_335_segment0	36367257	37161517	0.040949	0.023539	0.016461	0.018247
scaffold_335_segment0	36659342	37326319	-0.002615	-0.001455	-0.001032	-0.003948
scaffold_335_segment0	36951293	37479132	-0.055568	-0.030494	-0.022415	-0.027617
scaffold_335_segment0	37161877	37615246	-0.049973	-0.032047	-0.023859	-0.018123
scaffold_335_segment0	37326334	37860933	0.001261	0.000832	0.000615	0.002458
scaffold_335_segment0	37479165	38093521	0.129459	0.092295	0.063364	0.055782
scaffold_335_segment0	37615273	38386689	0.110139	0.068894	0.046905	0.049768
scaffold_335_segment0	37860939	38623137	0.101095	0.071534	0.048754	0.053134
scaffold_335_segment0	38093523	38850070	0.157571	0.124742	0.087556	0.087274
scaffold_335_segment0	38386968	39035819	0.237151	0.208649	0.149978	0.135900
scaffold_335_segment0	38623283	39194931	0.240901	0.198600	0.145680	0.118490
scaffold_335_segment0	38850071	39396325	0.044066	0.031317	0.021090	0.017178
scaffold_335_segment0	39035935	39575344	0.047385	0.033227	0.022082	0.015991
scaffold_335_segment0	39195579	39874558	0.003736	0.002219	0.001513	-0.002469
scaffold_335_segment0	39396339	40164855	0.013896	0.006520	0.004902	0.002873
scaffold_335_segment0	39575352	40310586	-0.189809	-0.085624	-0.063965	-0.088445
scaffold_335_segment0	39874563	40456929	-0.179138	-0.092470	-0.067176	-0.084426
scaffold_335_segment0	40164994	40542776	-0.169918	-0.133265	-0.087345	-0.082994
scaffold_335_segment0	40310600	40702749	-0.124081	-0.103770	-0.067897	-0.054886
scaffold_335_segment0	40456951	40829577	-0.085958	-0.073318	-0.048657	-0.037948
scaffold_335_segment0	40543012	40933024	-0.066990	-0.054126	-0.037522	-0.031298
scaffold_335_segment0	40702970	41074536	-0.016773	-0.013942	-0.009706	-0.010965
scaffold_335_segment0	40829828	41269733	-0.033622	-0.025255	-0.017549	-0.017966
scaffold_335_segment0	40933250	41467381	-0.007967	-0.005609	-0.003773	0.000258
scaffold_335_segment0	41074539	41616010	-0.057836	-0.040055	-0.026669	-0.020615
scaffold_335_segment0	41269760	41798631	-0.049726	-0.038120	-0.023769	-0.018628
scaffold_335_segment0	41467445	41944552	0.002559	0.001951	0.001205	0.003230
scaffold_335_segment0	41616287	42089351	0.057379	0.040490	0.025502	0.027727
scaffold_335_segment0	41798645	42245624	0.045524	0.033507	0.021446	0.024435
scaffold_335_segment0	41944553	42507658	-0.082069	-0.052314	-0.035917	-0.037433
scaffold_335_segment0	42090183	42764661	-0.124762	-0.073698	-0.051229	-0.059074
scaffold_335_segment0	42245987	43056346	-0.067804	-0.033523	-0.024337	-0.032851
scaffold_335_segment0	42507662	43267337	-0.068083	-0.035156	-0.025084	-0.031387
scaffold_335_segment0	42764742	43533061	0.075547	0.039159	0.028247	0.044703
scaffold_335_segment0	43056553	43794450	0.250130	0.146333	0.104109	0.149004
scaffold_335_segment0	43267567	44178712	0.172668	0.086337	0.063753	0.103857
scaffold_335_segment0	43533359	44518434	0.092296	0.044985	0.032969	0.057332
scaffold_335_segment0	43794452	44898015	-0.052767	-0.023819	-0.017424	-0.031194
scaffold_335_segment0	44179532	45150490	0.098831	0.051076	0.036264	0.049137
scaffold_335_segment0	44518689	45384333	0.148717	0.085487	0.060100	0.070334
scaffold_335_segment0	44898458	45608565	0.080150	0.046823	0.033737	0.040633
scaffold_335_segment0	45151741	45876113	0.036150	0.020853	0.014855	0.024541
scaffold_335_segment0	45384346	46130836	0.014759	0.008393	0.005830	0.013630
scaffold_335_segment0	45608742	46398967	0.019090	0.009728	0.006877	0.013868
scaffold_335_segment0	45876114	46610630	0.070469	0.033995	0.024484	0.033632
scaffold_335_segment0	46131168	46806152	0.019918	0.008699	0.006492	0.007947
scaffold_335_segment0	46399062	46989793	-0.024519	-0.012131	-0.008970	-0.012550
scaffold_335_segment0	46610664	47133590	-0.043439	-0.023463	-0.017145	-0.022197
scaffold_335_segment0	46806500	47317457	0.065372	0.043421	0.030543	0.039492
scaffold_335_segment0	46990069	47507174	0.084791	0.057663	0.039406	0.044170
scaffold_335_segment0	47133809	47663670	0.111677	0.074383	0.051177	0.055948
scaffold_335_segment0	47317462	47775211	0.023413	0.014248	0.009944	0.009401
scaffold_335_segment0	47507369	47975140	0.067753	0.039274	0.027819	0.032703
scaffold_335_segment0	47663740	48097801	0.067090	0.039716	0.028032	0.032723
scaffold_335_segment0	47775456	48245644	0.075582	0.044030	0.031327	0.038606
scaffold_335_segment0	47975211	48426164	0.037529	0.020989	0.014988	0.020466
scaffold_335_segment0	48097806	48565576	-0.027205	-0.015446	-0.010816	-0.014263
scaffold_335_segment0	48245656	48716558	-0.025675	-0.013988	-0.009882	-0.014557
scaffold_335_segment0	48426169	48848066	-0.034337	-0.021477	-0.014751	-0.017464
scaffold_335_segment0	48565910	48990977	-0.009988	-0.006174	-0.004268	-0.003065
scaffold_335_segment0	48716617	49197082	0.003936	0.002262	0.001596	0.001472
scaffold_335_segment0	48848073	49395671	-0.006112	-0.003160	-0.002290	-0.004120
scaffold_335_segment0	48991079	49563406	-0.003549	-0.001723	-0.001261	-0.002903
scaffold_335_segment0	49197114	49718090	-0.013282	-0.006897	-0.004964	-0.006219
scaffold_335_segment0	49395782	49855421	0.016209	0.009086	0.006535	0.008727
scaffold_335_segment0	49563606	49961214	0.012757	0.008173	0.005853	0.009708
scaffold_335_segment0	49718153	50087556	-0.002594	-0.001772	-0.001241	0.000997
scaffold_335_segment0	49855432	50221650	0.017889	0.011968	0.008130	0.009547
scaffold_335_segment0	49961272	50325545	0.022314	0.014831	0.010074	0.009425
scaffold_335_segment0	50087557	50491051	0.002024	0.001268	0.000862	0.001485
scaffold_335_segment0	50221655	50646924	-0.062964	-0.041555	-0.028133	-0.028216
scaffold_335_segment0	50326304	50812778	-0.060028	-0.034050	-0.023429	-0.025496
scaffold_335_segment0	50491350	50975583	-0.036234	-0.020617	-0.014292	-0.015466
scaffold_335_segment0	50647071	51180889	-0.012534	-0.006994	-0.004803	-0.007064
scaffold_335_segment0	50812828	51421855	-0.021825	-0.012217	-0.008428	-0.011350
scaffold_335_segment0	50975591	51627222	-0.019534	-0.010716	-0.007313	-0.012227
scaffold_335_segment0	51180904	51788347	-0.014337	-0.007649	-0.005336	-0.007322
scaffold_335_segment0	51422426	51973882	-0.028927	-0.016626	-0.011184	-0.017700
scaffold_335_segment0	51627225	52191998	-0.038612	-0.022134	-0.015171	-0.021906
scaffold_335_segment0	51789423	52399300	-0.025436	-0.014686	-0.010108	-0.015458
scaffold_335_segment0	51973885	52558808	0.021283	0.011974	0.008487	0.011745
scaffold_335_segment0	52192015	52713177	0.023119	0.012666	0.009069	0.014428
scaffold_335_segment0	52399887	52840117	0.047863	0.025741	0.018645	0.025519
scaffold_335_segment1	106204	491211	-0.000567	-0.000354	-0.000242	0.002251
scaffold_335_segment1	210682	611791	0.018352	0.010747	0.007590	0.010230
scaffold_335_segment1	351694	794163	-0.020021	-0.011367	-0.007976	-0.012429
scaffold_335_segment1	491218	888707	-0.029870	-0.018613	-0.012950	-0.018361
scaffold_335_segment1	612001	985188	-0.051493	-0.033461	-0.022847	-0.032761
scaffold_335_segment1	794406	1096154	0.007994	0.005585	0.003812	0.003583
scaffold_335_segment1	888747	1198110	0.030317	0.020154	0.014069	0.015043
scaffold_335_segment1	985190	1289189	0.069562	0.045199	0.032186	0.036766
scaffold_335_segment1	1097217	1376506	0.049600	0.032811	0.023396	0.019704
scaffold_335_segment1	1198112	1491029	0.077988	0.051824	0.036826	0.037126
scaffold_335_segment1	1289476	1604726	0.168702	0.117293	0.081038	0.090855
scaffold_335_segment1	1376738	1743780	0.150393	0.099936	0.069445	0.082493
scaffold_335_segment1	1491934	1904517	0.105232	0.067160	0.046582	0.058492
scaffold_335_segment1	1605190	1983164	-0.005566	-0.003525	-0.002469	-0.003957
scaffold_335_segment1	1743795	2051453	-0.014760	-0.009750	-0.006737	-0.010677
scaffold_335_segment1	1904638	2110296	-0.008732	-0.006619	-0.004502	-0.007519
scaffold_335_segment1	1983183	2174455	-0.015736	-0.012396	-0.008420	-0.008997
scaffold_335_segment1	2051457	2238519	0.023693	0.020707	0.014024	0.012699
scaffold_335_segment1	2110304	2315006	0.015658	0.013241	0.008864	0.009393
scaffold_335_segment1	2174904	2397520	0.004094	0.003312	0.002234	0.002993
scaffold_335_segment1	2238526	2494178	-0.013882	-0.010005	-0.006884	-0.009147
scaffold_335_segment1	2315021	2562774	-0.011081	-0.007831	-0.005457	-0.007189
scaffold_335_segment1	2397522	2632150	0.014436	0.010790	0.007467	0.007234
scaffold_335_segment1	2494241	2695773	-0.007756	-0.006111	-0.004145	-0.003920
scaffold_335_segment1	2562791	2769825	-0.013077	-0.010497	-0.007037	-0.003644
scaffold_335_segment1	2632152	2832057	-0.025013	-0.019134	-0.012955	-0.013762
scaffold_335_segment1	2695803	2923154	-0.000394	-0.000294	-0.000203	0.000912
scaffold_335_segment1	2769832	2989669	0.007394	0.005568	0.003834	0.002430
scaffold_335_segment1	2832281	3046739	0.003636	0.002785	0.001906	0.003986
scaffold_335_segment1	2923204	3094578	-0.009134	-0.007791	-0.005130	-0.001018
scaffold_335_segment1	2989679	3128986	-0.006744	-0.006113	-0.004042	-0.002325
scaffold_335_segment1	3046779	3170603	-0.012715	-0.012211	-0.007846	-0.010209
scaffold_335_segment1	3094595	3194918	0.010228	0.010049	0.006502	-0.003284
scaffold_335_segment1	3129147	3234472	0.022862	0.021793	0.014077	-0.000322
scaffold_335_segment1	3170608	3275451	0.020557	0.018499	0.012165	0.000378
scaffold_335_segment1	3194924	3309371	0.006295	0.005220	0.003468	-0.008692
scaffold_335_segment1	3234499	3346050	0.020584	0.016973	0.011247	0.004726
scaffold_335_segment1	3275585	3382174	0.036220	0.029775	0.020161	0.012353
scaffold_335_segment1	3309379	3412531	0.043078	0.036494	0.025220	0.019075
scaffold_335_segment1	3346069	3461028	0.005952	0.005074	0.003430	-0.001761
scaffold_335_segment1	3382188	3510661	-0.001266	-0.001102	-0.000734	-0.001342
scaffold_335_segment1	3412757	3559821	-0.021786	-0.018954	-0.012289	-0.013409
scaffold_335_segment1	3461562	3618426	-0.036694	-0.032459	-0.021257	-0.020200
scaffold_335_segment1	3510696	3687829	-0.043154	-0.038149	-0.024902	-0.028438
scaffold_335_segment1	3560013	3769141	-0.000744	-0.000609	-0.000406	-0.005865
scaffold_335_segment1	3618960	3836939	0.057749	0.043708	0.030096	0.022345
scaffold_335_segment1	3687845	3892269	0.055112	0.043621	0.029486	0.024356
scaffold_335_segment1	3769209	3942453	0.007864	0.006798	0.004496	0.000164
scaffold_335_segment1	3836991	3971207	-0.039907	-0.038451	-0.024665	-0.024261
scaffold_335_segment1	3892612	4027171	-0.031215	-0.029280	-0.018820	-0.020112
scaffold_335_segment1	3942649	4069032	0.016063	0.014750	0.009687	0.001138
scaffold_335_segment1	3971213	4106978	0.039600	0.036337	0.023655	0.012597
scaffold_335_segment1	4027180	4149307	0.029467	0.026974	0.017550	0.006900
scaffold_335_segment1	4069192	4201574	-0.033088	-0.029959	-0.019364	-0.023535
scaffold_335_segment1	4107005	4266135	-0.042759	-0.037336	-0.024293	-0.027042
scaffold_335_segment1	4149508	4348831	-0.052821	-0.045485	-0.029966	-0.033049
scaffold_335_segment1	4201604	4452823	-0.016359	-0.012690	-0.008761	-0.014979
scaffold_335_segment1	4266145	4697879	0.002317	0.001644	0.001183	-0.002908
scaffold_335_segment1	4349218	4808976	0.039499	0.032335	0.024116	0.015750
scaffold_335_segment1	4452827	4820710	0.030956	0.043421	0.031451	0.013540
scaffold_430_segment0	6003	266226	0.016585	0.023362	0.015483	0.005132
scaffold_430_segment0	26703	550108	0.005462	0.004153	0.002922	0.000663
scaffold_430_segment0	44267	770476	0.024767	0.014469	0.010088	0.006676
scaffold_430_segment0	266230	947882	0.037949	0.020812	0.015162	0.014599
scaffold_430_segment0	550110	1261145	0.099113	0.047541	0.035624	0.038168
scaffold_430_segment0	770477	1651239	0.085392	0.028255	0.023249	0.032216
scaffold_430_segment0	947895	1878434	0.066636	0.019145	0.015773	0.022909
scaffold_430_segment0	1261192	2137919	0.045637	0.011990	0.010012	0.018139
scaffold_430_segment0	1651294	2393159	0.065858	0.021513	0.016896	0.029627
scaffold_430_segment0	1878455	2577680	0.102283	0.041657	0.031472	0.049603
scaffold_430_segment0	2138117	2676634	0.044292	0.026644	0.019252	0.019314
scaffold_430_segment0	2393168	2816611	0.058937	0.044792	0.033014	0.026776
scaffold_430_segment0	2577685	3071529	-0.000950	-0.000550	-0.000439	0.001392
scaffold_430_segment0	2676643	3265419	0.027512	0.013728	0.011025	0.014740
scaffold_430_segment0	2816661	3480394	0.028647	0.013810	0.010509	0.012987
scaffold_430_segment0	3071722	3820034	0.074828	0.031627	0.024297	0.028435
scaffold_430_segment0	3265426	4017040	0.089416	0.035767	0.027606	0.036387
scaffold_430_segment0	3480402	4176530	0.090177	0.034770	0.027880	0.037501
scaffold_430_segment0	3820035	4335009	0.079269	0.037059	0.029189	0.032901
scaffold_430_segment0	4017052	4547376	0.058862	0.023856	0.019623	0.020653
scaffold_430_segment0	4176545	4839020	-0.062535	-0.022054	-0.017657	-0.025410
scaffold_430_segment0	4335767	4948846	-0.094040	-0.036879	-0.029001	-0.037944
scaffold_430_segment0	4547386	5234630	-0.070052	-0.030183	-0.022048	-0.028901
scaffold_430_segment0	4839118	5520360	-0.005675	-0.002353	-0.001724	-0.000598
scaffold_430_segment0	4948871	5742343	-0.051665	-0.019830	-0.014458	-0.026173
scaffold_430_segment0	5234631	5945821	-0.025360	-0.009760	-0.007353	-0.012781
scaffold_430_segment0	5520361	6059202	-0.063143	-0.031224	-0.022797	-0.031042
scaffold_430_segment0	5742525	6347791	-0.006220	-0.003015	-0.002261	-0.001733
scaffold_430_segment0	5945831	6427737	-0.109535	-0.069731	-0.049295	-0.047628
scaffold_430_segment0	6059222	6735431	-0.158134	-0.086889	-0.062618	-0.075425
scaffold_430_segment0	6348152	6973949	-0.118538	-0.067696	-0.047470	-0.056434
scaffold_430_segment0	6427738	7094365	-0.042016	-0.022690	-0.016105	-0.018741
scaffold_430_segment0	6735863	7346812	0.076173	0.040517	0.029816	0.035919
scaffold_430_segment0	6974142	7604376	0.004557	0.002431	0.001819	0.002106
scaffold_430_segment0	7094374	7769887	-0.019134	-0.010427	-0.007909	-0.006760
scaffold_430_segment0	7346813	7991107	-0.032862	-0.018614	-0.014254	-0.013162
scaffold_430_segment0	7604397	8236201	-0.024528	-0.013247	-0.010223	-0.011453
scaffold_430_segment0	7769915	8565651	-0.019919	-0.007495	-0.005988	-0.008050
scaffold_430_segment0	7991109	8823904	-0.021709	-0.007427	-0.005679	-0.009120
scaffold_430_segment0	8236646	9117420	-0.100219	-0.034107	-0.026275	-0.041084
scaffold_430_segment0	8565655	9406114	-0.085100	-0.028549	-0.022257	-0.036219
scaffold_430_segment0	8823908	9679504	-0.049993	-0.014428	-0.011851	-0.018601
scaffold_430_segment0	9117424	9962085	0.094070	0.023922	0.019586	0.043328
scaffold_430_segment0	9406121	10192524	0.063724	0.019444	0.015463	0.027064
scaffold_430_segment0	9679522	10485513	0.041389	0.016484	0.012242	0.013546
scaffold_430_segment0	9962086	10855857	0.055465	0.020737	0.016018	0.022310
scaffold_430_segment0	10192525	11099577	0.084438	0.028100	0.021841	0.037399
scaffold_430_segment0	10486667	11280103	0.158054	0.054932	0.042906	0.071701
scaffold_430_segment0	10855872	11291416	0.111189	0.071564	0.051993	0.042087
scaffold_430_segment0	11099600	11304252	0.094691	0.138162	0.093683	0.031993
scaffold_430_segment0	11280106	11639946	-0.019804	-0.017781	-0.013904	-0.007818
scaffold_430_segment0	11291433	11761069	-0.072211	-0.045822	-0.034951	-0.029229
scaffold_430_segment0	11304257	11932199	-0.134589	-0.061205	-0.046737	-0.059941
scaffold_430_segment0	11639962	12105439	-0.132456	-0.075633	-0.055939	-0.057443
scaffold_430_segment0	11761087	12278472	-0.106690	-0.057957	-0.041507	-0.048905
scaffold_430_segment0	11932908	12517178	-0.055011	-0.024939	-0.018525	-0.025827
scaffold_430_segment0	12105463	12700063	-0.002767	-0.001275	-0.000960	-0.000154
scaffold_430_segment0	12278476	12838280	0.050286	0.025503	0.019378	0.024643
scaffold_430_segment0	12518310	12913018	0.015233	0.012460	0.008401	0.011514
scaffold_430_segment0	12700075	13155389	0.005057	0.003224	0.002267	0.003194
scaffold_430_segment0	12838546	13554472	0.005681	0.002414	0.001856	0.004453
scaffold_430_segment0	12913047	13813428	0.050186	0.016537	0.013407	0.017127
scaffold_430_segment0	13155711	14113719	0.027877	0.008360	0.006857	0.007830
scaffold_430_segment0	13554474	14453201	0.043329	0.012861	0.010828	0.012012
scaffold_430_segment0	13813436	14788206	-0.003672	-0.001013	-0.000845	-0.002887
scaffold_430_segment0	14113757	15086680	0.011484	0.003385	0.002820	0.003881
scaffold_430_segment0	14453202	15487948	-0.018814	-0.005505	-0.004558	-0.008997
scaffold_430_segment0	14788207	15659559	0.010513	0.003374	0.002792	0.002290
scaffold_430_segment0	15086699	15879449	0.031176	0.010594	0.008714	0.012655
scaffold_430_segment0	15487949	16041888	0.048988	0.023430	0.018497	0.024098
scaffold_430_segment0	15659581	16230217	0.082402	0.037696	0.030696	0.038231
scaffold_430_segment0	15879502	16531307	0.095510	0.038785	0.032217	0.041872
scaffold_430_segment0	16041901	16724730	0.083928	0.030994	0.024843	0.037682
scaffold_430_segment0	16230218	16882194	0.070050	0.027145	0.021390	0.030652
scaffold_430_segment0	16531308	17201926	0.041845	0.014613	0.011674	0.021183
scaffold_430_segment0	16724731	17562834	0.024119	0.007246	0.005740	0.007376
scaffold_430_segment0	16882213	17954140	0.049106	0.012042	0.009647	0.022388
scaffold_430_segment0	17201927	18161705	0.104275	0.035315	0.025988	0.047458
scaffold_430_segment0	17562845	18558533	0.118726	0.040922	0.030124	0.057785
scaffold_430_segment0	17954151	18923065	0.110920	0.042076	0.030565	0.053735
scaffold_430_segment0	18161755	19096885	0.041237	0.013787	0.010494	0.020278
scaffold_430_segment0	18558562	19304806	-0.130959	-0.056282	-0.041347	-0.046228
scaffold_430_segment0	18923070	19593959	-0.113558	-0.046410	-0.033626	-0.043948
scaffold_430_segment0	19101315	20021798	-0.098621	-0.034172	-0.025289	-0.037654
scaffold_430_segment0	19304877	20534667	0.075893	0.019194	0.015403	0.031798
scaffold_430_segment0	19594896	20690726	0.041634	0.012846	0.010384	0.019986
scaffold_430_segment0	20023690	21174996	0.048728	0.012881	0.010581	0.016393
scaffold_430_segment0	20534671	21502257	-0.104482	-0.032974	-0.024878	-0.043097
scaffold_430_segment0	20690758	21828315	-0.071722	-0.018501	-0.013744	-0.028141
scaffold_430_segment0	21175585	22145520	-0.077380	-0.021453	-0.015727	-0.027837
scaffold_430_segment0	21502260	22260343	0.036860	0.011178	0.008428	0.018950
scaffold_430_segment0	21828336	22356885	0.086137	0.037233	0.027429	0.032241
scaffold_430_segment0	22145521	22554233	0.121719	0.082079	0.056831	0.049250
scaffold_430_segment0	22260353	22789627	-0.124954	-0.090750	-0.058413	-0.065610
scaffold_430_segment0	22357660	23088076	-0.169083	-0.107280	-0.074865	-0.080640
scaffold_430_segment0	22554326	23445607	-0.238303	-0.111202	-0.083717	-0.110320
scaffold_430_segment0	22789644	23713417	0.087461	0.033627	0.027134	0.035747
scaffold_430_segment0	23088084	24003478	0.076136	0.025857	0.020967	0.031018
scaffold_430_segment0	23445721	24388091	0.083095	0.027733	0.021920	0.034334
scaffold_430_segment0	23714920	24726758	0.047565	0.012399	0.010149	0.018839
scaffold_430_segment0	24003550	24987735	0.004440	0.001311	0.001055	-0.000493
scaffold_430_segment0	24388093	25290243	-0.002270	-0.000723	-0.000587	-0.001043
scaffold_430_segment0	24726764	25466034	-0.005583	-0.002237	-0.001780	0.001089
scaffold_430_segment0	24987744	25841975	0.059711	0.019629	0.016341	0.028443
scaffold_430_segment0	25290250	26376957	0.067128	0.016458	0.013770	0.030908
scaffold_430_segment0	25466112	26622089	0.113231	0.025554	0.021283	0.047245
scaffold_430_segment0	25845384	26886756	0.086319	0.020923	0.017136	0.035198
scaffold_430_segment0	26376963	27312095	0.091380	0.022948	0.019305	0.035138
scaffold_430_segment0	26622108	27762188	0.052417	0.010329	0.008815	0.020689
scaffold_430_segment0	26886757	27876591	0.026475	0.005684	0.004861	0.009612
scaffold_430_segment0	27312169	28237159	0.037296	0.009461	0.007774	0.016485
scaffold_430_segment0	27762802	28384991	0.050103	0.023758	0.017778	0.019655
scaffold_430_segment0	27876874	28683962	0.110875	0.048606	0.035722	0.052445
scaffold_430_segment0	28237160	29120453	0.094929	0.040487	0.030011	0.045260
scaffold_430_segment0	28385007	29547109	0.093751	0.028945	0.022033	0.042103
scaffold_430_segment0	28683970	30064260	0.114422	0.026393	0.020659	0.048340
scaffold_430_segment0	29120460	30212806	0.124662	0.035910	0.027244	0.049655
scaffold_430_segment0	29547756	30604215	0.083819	0.026042	0.020190	0.033327
scaffold_430_segment0	30064281	30938894	0.099993	0.037505	0.028057	0.037934
scaffold_430_segment0	30212811	31229314	0.106214	0.031648	0.024044	0.043386
scaffold_430_segment0	30606340	31547465	0.151040	0.046171	0.035019	0.067401
scaffold_430_segment0	30938916	31867308	0.086955	0.025655	0.020452	0.040712
scaffold_430_segment0	31229872	32097007	0.094111	0.030358	0.024637	0.043481
scaffold_430_segment0	31547466	32284223	0.045001	0.014829	0.011791	0.020474
scaffold_430_segment0	31867310	32401484	0.001144	0.000487	0.000357	-0.001797
scaffold_430_segment0	32097008	32650929	-0.015301	-0.006951	-0.005080	-0.009433
scaffold_430_segment0	32284269	32935775	-0.031372	-0.015063	-0.011166	-0.017894
scaffold_430_segment0	32401507	33273399	0.015732	0.005351	0.004315	0.003837
scaffold_430_segment0	32650931	33541515	0.024967	0.008260	0.006750	0.007218
scaffold_430_segment0	32935784	33811093	0.064413	0.021391	0.017554	0.022427
scaffold_430_segment0	33273402	34132808	0.064667	0.021530	0.017139	0.023927
scaffold_430_segment0	33541527	34397026	0.080536	0.024281	0.019271	0.034759
scaffold_430_segment0	33812113	34832470	0.114372	0.028626	0.023095	0.053768
scaffold_430_segment0	34133127	35186417	0.110799	0.024667	0.019910	0.052715
scaffold_430_segment0	34397185	35580149	0.106249	0.021802	0.017728	0.048414
scaffold_430_segment0	34834059	35962879	0.040221	0.008996	0.007240	0.013356
scaffold_430_segment0	35186433	36255084	0.031068	0.008641	0.007022	0.004469
scaffold_430_segment0	35582134	36663215	0.037118	0.010062	0.008392	0.006448
scaffold_430_segment0	35962894	37148170	0.125684	0.030091	0.024589	0.052076
scaffold_430_segment0	36255106	37535713	0.140004	0.027930	0.023337	0.057245
scaffold_430_segment0	36663221	38051346	0.125074	0.022158	0.018677	0.050670
scaffold_430_segment0	37148171	38311965	0.051221	0.010759	0.009228	0.015835
scaffold_430_segment0	37535721	38473439	0.028470	0.007997	0.006602	0.009360
scaffold_430_segment0	38051347	38495262	0.015209	0.009944	0.007366	0.004045
scaffold_430_segment0	38312288	38870934	-0.025129	-0.015280	-0.010405	-0.010766
scaffold_430_segment0	38473448	39466705	-0.004325	-0.001264	-0.000978	-0.002993
scaffold_430_segment0	38495263	40041665	0.011946	0.002157	0.001757	0.005757
scaffold_430_segment0	38872327	40388093	0.094121	0.014906	0.012688	0.039512
scaffold_430_segment0	39471441	40790788	0.061471	0.011041	0.009111	0.024612
scaffold_430_segment0	40041674	41011603	0.007221	0.001767	0.001374	0.001089
scaffold_430_segment0	40388095	41414447	-0.034547	-0.008925	-0.006806	-0.016918
scaffold_430_segment0	40790796	41732021	-0.001390	-0.000432	-0.000312	-0.006013
scaffold_430_segment0	41011613	41864948	0.034281	0.012090	0.008749	0.010441
scaffold_430_segment0	41414449	42342583	0.057650	0.018986	0.013262	0.021519
scaffold_430_segment0	41732030	42600338	0.055181	0.019881	0.014649	0.021418
scaffold_430_segment0	41864974	42674268	0.043040	0.016942	0.012244	0.016003
scaffold_430_segment0	42342617	42977837	-0.015791	-0.008176	-0.005547	-0.000252
scaffold_430_segment0	42600340	43563532	-0.014805	-0.004940	-0.003597	-0.000222
scaffold_430_segment0	42674271	44049714	-0.010960	-0.002550	-0.001945	0.002469
scaffold_430_segment0	42977845	44504073	0.092370	0.020174	0.015471	0.050104
scaffold_430_segment0	43563535	45041766	0.101504	0.023656	0.017820	0.051956
scaffold_430_segment0	44049831	45991123	0.156931	0.026671	0.021159	0.081226
scaffold_430_segment0	44504075	46548193	0.121599	0.017440	0.014638	0.054643
scaffold_430_segment0	45043162	46961293	0.121122	0.017923	0.015366	0.051482
scaffold_430_segment0	45991516	47444841	0.093475	0.019418	0.015955	0.035773
scaffold_430_segment0	46548198	47877804	0.121554	0.026175	0.021396	0.047420
scaffold_430_segment0	46961297	48082802	0.109656	0.027914	0.022398	0.038854
scaffold_430_segment0	47444842	48574036	0.109968	0.026408	0.022324	0.039907
scaffold_430_segment0	47877807	49200024	0.103158	0.020733	0.018115	0.036176
scaffold_430_segment0	48082917	49522605	0.099854	0.017841	0.015717	0.038668
scaffold_430_segment0	48575738	49876544	0.070342	0.014412	0.012551	0.025108
scaffold_430_segment0	49200097	50208468	0.038475	0.010612	0.009060	0.014214
scaffold_430_segment0	49522608	50592622	0.031695	0.009181	0.007802	0.014126
scaffold_430_segment0	49876550	51024324	0.038611	0.012403	0.010129	0.019059
scaffold_430_segment0	50208838	51381770	0.109111	0.039742	0.031002	0.049999
scaffold_430_segment0	50592632	51560840	0.083912	0.034850	0.026202	0.036838
contig_14_segment0	4272	240402	0.023368	0.020613	0.013434	0.010092
contig_14_segment0	66730	315391	0.009661	0.008587	0.005382	0.001447
contig_14_segment0	143917	404302	0.018469	0.015212	0.009626	0.008927
contig_14_segment0	240412	491889	0.016385	0.013699	0.008738	0.010588
contig_14_segment0	315499	594899	0.005228	0.004008	0.002629	0.005543
contig_14_segment0	404321	699722	-0.005497	-0.004114	-0.002735	0.001475
contig_14_segment0	491919	804565	0.012476	0.009078	0.006057	0.009269
contig_14_segment0	594931	877571	0.021638	0.016499	0.010739	0.013171
contig_14_segment0	699744	979467	0.036669	0.029239	0.018951	0.017046
contig_14_segment0	804630	1147323	0.009783	0.007208	0.004729	0.003975
contig_14_segment0	877572	1265099	0.011758	0.008026	0.005393	0.005966
contig_14_segment0	979482	1392242	0.016604	0.010291	0.007034	0.011301
contig_14_segment0	1147357	1539667	0.016252	0.010392	0.007029	0.011180
contig_14_segment0	1265236	1580607	0.025697	0.020077	0.013564	0.015212
contig_14_segment0	1392328	1591889	0.001971	0.002309	0.001504	0.001490
contig_14_segment0	1539869	1615397	0.013182	0.018482	0.012746	0.006658
contig_14_segment0	1580617	1629137	-0.011859	-0.017339	-0.011864	-0.007382
contig_14_segment0	1591895	1676828	0.013542	0.014515	0.010090	0.002693
contig_14_segment0	1615408	1733206	0.013265	0.014880	0.009525	-0.002504
contig_14_segment0	1629142	1794780	0.035296	0.030307	0.019802	0.010512
contig_14_segment0	1677202	1839318	-0.000052	-0.000044	-0.000028	-0.004682
contig_14_segment0	1733231	1893324	-0.011046	-0.008911	-0.005742	-0.009028
contig_14_segment0	1794782	1939725	-0.036783	-0.032270	-0.020494	-0.020462
contig_14_segment0	1839335	1988426	-0.027311	-0.024421	-0.015528	-0.020017
contig_14_segment0	1893338	2044488	-0.020214	-0.017756	-0.011362	-0.014354
contig_14_segment0	1939886	2107623	-0.014307	-0.011966	-0.007588	-0.010801
contig_14_segment0	1988457	2171830	0.000792	0.000646	0.000415	-0.000394
contig_14_segment0	2044493	2227365	-0.003579	-0.003011	-0.001909	-0.001868
contig_14_segment0	2107734	2291025	0.032662	0.028156	0.017888	0.013272
contig_14_segment0	2171969	2361097	0.022476	0.019119	0.012125	0.012022
contig_14_segment0	2227382	2420022	0.043626	0.036982	0.023756	0.022036
contig_14_segment0	2291027	2491445	0.030625	0.025663	0.016556	0.014471
contig_14_segment0	2361120	2559394	0.039998	0.033052	0.021435	0.017536
contig_14_segment0	2420058	2634391	0.002262	0.001857	0.001182	-0.002060
contig_14_segment0	2491457	2708652	-0.012925	-0.010320	-0.006707	-0.008291
contig_14_segment0	2559395	2786320	0.009599	0.007322	0.004917	0.003618
contig_14_segment0	2634420	2885380	0.042344	0.029308	0.020438	0.019496
contig_14_segment0	2708786	2961296	0.036771	0.024445	0.016957	0.018731
contig_14_segment0	2786322	3034035	0.013410	0.009083	0.006210	0.004494
contig_14_segment0	2885507	3118881	0.021123	0.014839	0.010082	0.012189
contig_14_segment0	2961347	3196912	0.021210	0.015484	0.010531	0.013973
contig_14_segment0	3034090	3280667	0.019257	0.014157	0.009591	0.015107
contig_14_segment0	3118888	3362237	-0.001684	-0.001253	-0.000839	0.004048
contig_14_segment0	3197058	3458623	0.027976	0.019850	0.013504	0.016592
contig_14_segment0	3280855	3543943	0.037902	0.026713	0.018311	0.019763
contig_14_segment0	3362338	3633881	0.033476	0.022896	0.016008	0.013977
contig_14_segment0	3458629	3731154	0.031554	0.021811	0.015213	0.012809
contig_14_segment0	3543952	3820663	0.026162	0.017506	0.012170	0.008726
contig_14_segment0	3633906	3976427	0.031723	0.020288	0.014025	0.013778
contig_14_segment0	3731169	4095275	0.005709	0.003628	0.002488	-0.000279
contig_14_segment0	3820667	4202942	-0.021659	-0.014074	-0.009575	-0.012552
contig_14_segment0	3976960	4284328	-0.038008	-0.026331	-0.017516	-0.019843
contig_14_segment0	4095276	4367456	-0.016866	-0.011676	-0.007832	-0.008954
contig_14_segment0	4202956	4439458	-0.007310	-0.005251	-0.003489	-0.004778
contig_14_segment0	4284329	4520133	-0.005100	-0.003623	-0.002459	-0.004542
contig_14_segment0	4367630	4607668	-0.002194	-0.001543	-0.001051	-0.004151
contig_14_segment0	4439602	4681690	-0.007214	-0.004980	-0.003400	-0.005048
contig_14_segment0	4520142	4762059	-0.013884	-0.010204	-0.006813	-0.008205
contig_14_segment0	4607680	4902161	-0.071284	-0.058025	-0.037120	-0.032612
contig_14_segment0	4681938	5214808	-0.057991	-0.047513	-0.029609	-0.030940
contig_14_segment0	4762189	5521823	-0.082530	-0.074297	-0.045875	-0.040073
contig_14_segment0	4902490	5531530	-0.041621	-0.051928	-0.031919	-0.019658
contig_4_segment0	19441	424277	0.077186	0.054022	0.038382	0.037791
contig_4_segment0	213956	488973	0.064596	0.048076	0.033440	0.032728
contig_4_segment0	337062	544853	0.042410	0.034466	0.023467	0.021344
contig_4_segment0	424291	608586	-0.032494	-0.030970	-0.019817	-0.009721
contig_4_segment0	488975	669943	-0.054855	-0.049621	-0.032233	-0.024087
contig_4_segment0	544862	725669	-0.032349	-0.028773	-0.018782	-0.014215
contig_4_segment0	608589	805648	-0.001780	-0.001646	-0.001070	-0.003997
contig_4_segment0	670056	887051	0.018063	0.017888	0.011285	0.007726
contig_4_segment0	725673	953672	-0.005474	-0.005306	-0.003339	-0.005660
contig_4_segment0	806036	1006862	0.014967	0.014567	0.009127	0.008247
contig_4_segment0	887121	1064900	0.006140	0.005624	0.003603	0.005356
contig_4_segment0	953673	1125818	0.038757	0.033148	0.021836	0.016827
contig_4_segment0	1006870	1178371	0.034950	0.027631	0.018802	0.015152
contig_4_segment0	1064913	1229872	0.058139	0.045956	0.031396	0.026257
contig_4_segment0	1125856	1284886	0.037623	0.030666	0.020587	0.018993
contig_4_segment0	1178380	1339841	0.019488	0.016650	0.010857	0.010394
contig_4_segment0	1229880	1391190	-0.004922	-0.004054	-0.002654	-0.003362
contig_4_segment0	1284979	1443938	-0.004958	-0.004104	-0.002688	-0.004118
contig_4_segment0	1339845	1501104	-0.018276	-0.014760	-0.009739	-0.013687
contig_4_segment0	1391223	1559650	-0.023771	-0.019062	-0.012547	-0.015476
contig_4_segment0	1443943	1636885	-0.012985	-0.010549	-0.006937	-0.008394
contig_4_segment0	1501172	1720801	0.003564	0.003043	0.001995	0.001414
contig_4_segment0	1559738	1793917	0.002772	0.002515	0.001607	0.002907
contig_4_segment0	1636913	1894314	0.007043	0.006075	0.003982	0.000251
contig_4_segment0	1720813	1970853	0.022088	0.018334	0.012126	0.008720
contig_4_segment0	1793920	2032488	0.044231	0.036826	0.024578	0.016071
contig_4_segment0	1894332	2092773	0.038096	0.034313	0.022424	0.016149
contig_4_segment0	1970857	2164428	0.026360	0.022275	0.014734	0.009441
contig_4_segment0	2032489	2241556	0.018697	0.014920	0.010079	0.006933
contig_4_segment0	2092919	2321753	0.004755	0.003738	0.002531	-0.002406
contig_4_segment0	2164444	2409643	0.013745	0.010946	0.007433	0.003710
contig_4_segment0	2241570	2486893	-0.000131	-0.000103	-0.000069	-0.004608
contig_4_segment0	2321756	2542747	-0.032069	-0.026181	-0.017526	-0.022341
contig_4_segment0	2409648	2661484	-0.019571	-0.016105	-0.010677	-0.014148
contig_4_segment0	2486906	2777092	-0.007936	-0.006562	-0.004367	-0.007611
contig_4_segment0	2542774	2922884	0.022105	0.016175	0.011118	0.014417
contig_4_segment0	2661711	3025644	-0.002656	-0.001983	-0.001364	-0.001156
contig_4_segment0	2777465	3118207	-0.007963	-0.006011	-0.004064	-0.004214
contig_4_segment0	2922892	3222507	-0.001715	-0.001328	-0.000885	-0.007405
contig_4_segment0	3025733	3341419	-0.010479	-0.007538	-0.005009	-0.012773
contig_4_segment0	3118340	3416233	-0.017978	-0.013033	-0.008750	-0.015484
contig_4_segment0	3222792	3513898	-0.027450	-0.019685	-0.013224	-0.017247
contig_4_segment0	3341556	3613173	-0.033906	-0.025182	-0.016948	-0.019763
contig_4_segment0	3416234	3712627	-0.024996	-0.017987	-0.012238	-0.015307
contig_4_segment0	3513903	3803218	-0.023384	-0.016928	-0.011503	-0.014750
contig_4_segment0	3613238	3874761	-0.020617	-0.015689	-0.010635	-0.012261
contig_4_segment0	3712708	3981643	-0.019249	-0.014963	-0.009971	-0.015070
contig_4_segment0	3803337	4064844	-0.019908	-0.016386	-0.010850	-0.011116
contig_4_segment0	3874791	4154280	0.010774	0.008623	0.005805	0.002963
contig_4_segment0	3981808	4245824	0.017016	0.013769	0.009095	0.006783
contig_4_segment0	4064849	4365223	0.022534	0.016712	0.011019	0.006670
contig_4_segment0	4154291	4488635	0.012755	0.009112	0.005958	0.001466
contig_4_segment0	4245932	4590253	-0.001394	-0.000995	-0.000668	-0.002803
contig_4_segment0	4365408	4603809	0.009333	0.009029	0.006060	0.002565
contig_4_segment0	4488777	4719253	-0.016447	-0.017021	-0.011327	-0.007545
contig_4_segment0	4590261	4798729	0.000334	0.000344	0.000224	-0.000337
contig_4_segment0	4603811	4893158	0.000133	0.000102	0.000068	0.000836
contig_4_segment0	4719292	4985868	0.011683	0.008810	0.005846	0.006173
contig_4_segment0	4798746	5082999	0.001361	0.001068	0.000703	0.000176
contig_4_segment0	4893450	5187236	-0.027631	-0.021014	-0.013782	-0.015740
contig_4_segment0	4985883	5317680	-0.016086	-0.011942	-0.007905	-0.009331
contig_4_segment0	5083032	5432676	0.030013	0.021280	0.014413	0.014048
contig_4_segment0	5187298	5528953	0.062869	0.045295	0.030904	0.034711
contig_4_segment0	5317750	5668952	0.047452	0.035028	0.024010	0.026913
contig_4_segment0	5432684	5770523	-0.015233	-0.011350	-0.007657	-0.003085
contig_4_segment0	5529236	5858472	-0.022873	-0.017401	-0.011613	-0.009827
contig_4_segment0	5669093	5963350	0.003280	0.002331	0.001597	0.004907
contig_4_segment0	5771327	6073005	0.020329	0.013790	0.009575	0.012270
contig_4_segment0	5858494	6192686	0.012580	0.008224	0.005768	0.006842
contig_4_segment0	5963358	6294615	0.012160	0.008987	0.006032	0.005620
contig_4_segment0	6073333	6426671	0.014082	0.010182	0.006792	0.007202
contig_4_segment0	6192878	6558066	0.046936	0.034272	0.022738	0.021897
contig_4_segment0	6294685	6689566	0.045551	0.030147	0.020519	0.021405
contig_4_segment0	6426772	6844986	0.082354	0.055954	0.037899	0.041089
contig_4_segment0	6558391	7021783	0.060385	0.037030	0.025729	0.029978
contig_4_segment0	6689615	7142372	0.041568	0.025909	0.017910	0.019408
contig_4_segment0	6845405	7281946	0.012119	0.007166	0.005036	0.003098
contig_4_segment0	7021804	7390033	0.034880	0.023722	0.016231	0.014958
contig_4_segment0	7142394	7567881	0.033600	0.021338	0.014988	0.014802
contig_4_segment0	7281952	7739617	0.014761	0.009674	0.006658	0.004164
contig_4_segment0	7390106	7886593	-0.005730	-0.003435	-0.002373	-0.006690
contig_4_segment0	7567940	8090390	0.016937	0.009869	0.006809	0.004927
contig_4_segment0	7739621	8285261	0.013808	0.007123	0.005042	0.004040
contig_4_segment0	7886810	8405903	-0.003845	-0.002007	-0.001420	-0.005684
contig_4_segment0	8090718	8527775	-0.039799	-0.021226	-0.014809	-0.022313
contig_4_segment0	8285297	8648159	-0.026690	-0.015817	-0.010769	-0.016017
contig_4_segment0	8406066	8771310	-0.003750	-0.002196	-0.001487	0.000895
contig_4_segment0	8527894	8894239	-0.006947	-0.004291	-0.002890	0.000295
contig_4_segment0	8648192	9071930	-0.032107	-0.018249	-0.012486	-0.008589
contig_4_segment0	8771908	9325215	-0.036529	-0.016996	-0.012367	-0.014131
contig_4_segment0	8894662	9536196	-0.041642	-0.017630	-0.012802	-0.019843
contig_4_segment0	9072221	9810886	0.023169	0.009040	0.006626	0.009092
contig_4_segment0	9325361	10080313	0.053382	0.021069	0.015193	0.024872
contig_4_segment0	9536253	10330853	0.081090	0.030192	0.022410	0.041896
contig_4_segment0	9811100	10519780	0.036730	0.015547	0.011503	0.021850
contig_4_segment0	10080367	10805544	0.004092	0.001806	0.001310	0.003723
contig_4_segment0	10331483	11032260	-0.000752	-0.000348	-0.000246	-0.000507
contig_4_segment0	10519995	11195397	-0.022971	-0.010700	-0.007403	-0.013882
contig_4_segment0	10805732	11393316	-0.060669	-0.030444	-0.021107	-0.029493
contig_4_segment0	11032269	11570780	-0.067537	-0.035367	-0.025060	-0.031532
contig_4_segment0	11195435	11735190	-0.049201	-0.025422	-0.018332	-0.020051
contig_4_segment0	11393400	11909462	0.007488	0.004130	0.002949	0.006994
contig_4_segment0	11570920	12225955	0.067643	0.035341	0.024746	0.033974
contig_4_segment0	11735240	12465095	0.101324	0.051270	0.035869	0.047162
contig_4_segment0	11909705	12737336	0.074076	0.032669	0.023400	0.032005
contig_4_segment0	12226385	13012675	0.030450	0.012695	0.009349	0.012648
contig_4_segment0	12465172	13263629	0.048582	0.020341	0.015052	0.024778
contig_4_segment0	12738448	13503190	0.070370	0.031680	0.023201	0.034437
contig_4_segment0	13012684	13666409	0.069501	0.039453	0.028037	0.031027
contig_4_segment0	13263643	13843282	0.037280	0.021386	0.015183	0.014642
contig_4_segment0	13503191	13985342	0.006140	0.003916	0.002734	0.002512
contig_4_segment0	13666662	14178893	0.005908	0.003485	0.002401	0.004199
contig_4_segment0	13843293	14423211	0.014900	0.008493	0.005922	0.008207
contig_4_segment0	13985512	14659967	0.026057	0.013548	0.009433	0.013522
contig_4_segment0	14178912	14884681	-0.017899	-0.009409	-0.006347	-0.008808
contig_4_segment0	14423228	15134766	0.017485	0.009231	0.006005	0.008796
contig_4_segment0	14660127	15359897	0.049524	0.026604	0.017459	0.024935
contig_4_segment0	14884699	15602211	0.134069	0.071272	0.049096	0.067965
contig_4_segment0	15134774	15950711	0.082666	0.042154	0.030586	0.041048
contig_4_segment0	15359917	16232142	0.098387	0.046912	0.034299	0.044611
contig_4_segment0	15602229	16558640	0.052772	0.019402	0.014645	0.024616
contig_4_segment0	15950714	16865385	0.043029	0.015616	0.011693	0.023904
contig_4_segment0	16232145	17278805	0.060363	0.018963	0.014786	0.033987
contig_4_segment0	16558643	17609123	0.115969	0.040788	0.030805	0.059886
contig_4_segment0	16865555	17850731	0.179581	0.065201	0.047578	0.089270
contig_4_segment0	17278808	18059343	0.148689	0.062787	0.044294	0.076475
contig_4_segment0	17609162	18362957	0.074999	0.031149	0.022148	0.039020
contig_4_segment0	17850742	18617779	0.055562	0.023767	0.017795	0.024921
contig_4_segment0	18059346	18950435	0.042369	0.015801	0.011817	0.016963
contig_4_segment0	18364238	19170700	0.068958	0.027519	0.021079	0.027087
contig_4_segment0	18617917	19478780	0.085298	0.031098	0.023632	0.040393
contig_4_segment0	18950441	19685575	0.052005	0.024047	0.017862	0.026435
contig_4_segment0	19171243	19785114	0.041850	0.023203	0.016499	0.022313
contig_4_segment0	19478886	20132997	0.104357	0.056013	0.040433	0.048954
contig_4_segment0	19686403	20612270	0.117919	0.047202	0.036061	0.055781
contig_4_segment0	19787427	20930511	0.152245	0.052450	0.041449	0.075943
contig_4_segment0	20133056	21144799	0.081704	0.030835	0.023957	0.040587
contig_4_segment0	20612770	21323138	0.113919	0.053039	0.039397	0.050478
contig_4_segment0	20930532	21606562	0.094119	0.042057	0.030904	0.040493
contig_4_segment0	21144812	22053969	0.068010	0.024759	0.019175	0.032871
contig_4_segment0	21323145	22618600	0.055160	0.015469	0.012740	0.029562
contig_4_segment0	21606567	23092053	-0.008050	-0.002034	-0.001644	-0.002797
contig_4_segment0	22053984	23531327	-0.003479	-0.000880	-0.000707	-0.004347
contig_4_segment0	22618635	24044669	0.020208	0.004994	0.004023	0.012814
contig_4_segment0	23092638	24789964	0.086256	0.016286	0.013742	0.044684
contig_4_segment0	23531328	25109878	0.086911	0.015201	0.013113	0.040893
contig_4_segment0	24044704	25626991	0.104425	0.016777	0.014467	0.044136
contig_4_segment0	24790680	26272557	0.123605	0.021450	0.018778	0.051964
contig_4_segment0	25111193	26728991	0.304020	0.060909	0.051387	0.148582
contig_4_segment0	25627445	26811519	0.209429	0.066809	0.055011	0.099218
contig_4_segment0	26273479	27153077	0.160818	0.066733	0.050252	0.077640
contig_4_segment0	26729395	27588634	0.083600	0.039839	0.029433	0.036077
contig_4_segment0	26811575	27969909	0.132048	0.037965	0.028742	0.061275
contig_4_segment0	27153132	28158358	0.118366	0.037659	0.028477	0.048963
contig_4_segment0	27588637	28541384	0.022601	0.006060	0.004828	0.009273
contig_4_segment0	27970030	28806037	-0.011282	-0.003633	-0.002938	-0.009026
contig_4_segment0	28158383	29061105	0.013292	0.003544	0.003010	0.003231
contig_4_segment0	28541398	29506934	-0.015832	-0.004186	-0.003496	-0.008393
contig_4_segment0	28807353	30265188	0.050693	0.009064	0.007772	0.019422
contig_4_segment0	29062265	30832674	0.068337	0.010945	0.009193	0.030638
contig_4_segment0	29506939	31358611	0.121782	0.018089	0.015365	0.060864
contig_4_segment0	30265194	31872806	0.130899	0.023286	0.019228	0.064172
contig_4_segment0	30832753	31994345	0.111718	0.029112	0.023915	0.048135
contig_4_segment0	31358619	32017815	0.048707	0.024038	0.017822	0.005618
contig_4_segment0	31872959	32373545	0.022976	0.014480	0.010325	-0.004899
contig_4_segment0	31994356	32872567	0.039804	0.014443	0.010797	-0.000853
contig_4_segment0	32017818	33483228	0.078939	0.016783	0.013312	0.026835
contig_4_segment0	32373550	34085715	0.088198	0.014918	0.012351	0.033762
contig_4_segment0	32872588	34611943	0.151841	0.024591	0.020676	0.066541
contig_4_segment0	33483231	35094792	0.087373	0.015799	0.013366	0.041096
contig_4_segment0	34085723	35694029	0.107145	0.020053	0.016568	0.052296
contig_4_segment0	34612048	36132790	0.017658	0.003446	0.002880	0.007452
contig_4_segment0	35094793	36507998	0.115755	0.025817	0.020922	0.052913
contig_4_segment0	35694044	36860538	0.081930	0.026454	0.020866	0.037884
contig_4_segment0	36133793	37220688	0.017590	0.007828	0.005668	0.009854
contig_4_segment0	36508610	37599695	0.011156	0.005096	0.003661	0.004567
contig_4_segment0	36861342	38171774	0.000296	0.000095	0.000072	0.001151
contig_4_segment0	37221324	38784705	0.077115	0.017160	0.013969	0.036137
contig_4_segment0	37601283	39451252	0.045255	0.007836	0.006718	0.021106
contig_4_segment0	38171838	40043589	0.073739	0.011853	0.010169	0.033403
contig_4_segment0	38784706	40458028	0.113645	0.020131	0.016992	0.050963
contig_4_segment0	39451301	41089489	0.139436	0.024425	0.020735	0.062405
contig_4_segment0	40043595	41354028	0.129669	0.030214	0.025375	0.063869
contig_4_segment0	40460719	41620356	0.079235	0.021863	0.017861	0.048646
contig_4_segment0	41089514	42075200	0.088136	0.025477	0.019367	0.055497
contig_4_segment0	41354313	42352546	0.100251	0.030241	0.022230	0.057293
contig_4_segment0	41620577	42698092	0.118714	0.030703	0.023254	0.059430
contig_4_segment0	42075235	43114890	0.132046	0.039156	0.029869	0.064237
contig_4_segment0	42352689	43564859	0.094469	0.026491	0.020576	0.041449
contig_4_segment0	42698462	43976736	0.121191	0.034800	0.026260	0.057830
contig_4_segment0	43116935	44455480	0.100578	0.027491	0.021066	0.047616
contig_4_segment0	43564898	44858261	0.046667	0.017278	0.012907	0.028452
contig_4_segment0	43976740	45125917	0.075471	0.039679	0.030209	0.038945
contig_4_segment0	44455930	45481157	0.148518	0.095197	0.066138	0.077946
contig_4_segment0	44858484	46065221	0.177307	0.081193	0.060146	0.087818
contig_4_segment0	45125918	46855366	0.181504	0.045507	0.036789	0.089596
contig_4_segment0	45481593	47498734	0.082124	0.013627	0.011847	0.039058
contig_4_segment0	46065969	48104343	0.106484	0.014917	0.012898	0.049942
contig_4_segment0	46859660	48677691	0.042716	0.006664	0.005525	0.020233
contig_4_segment0	47499270	49319567	0.049739	0.007720	0.006364	0.022118
contig_4_segment0	48106357	49679432	0.018702	0.003253	0.002664	0.003453
contig_4_segment0	48677706	50134604	0.035407	0.007455	0.006112	0.014631
contig_4_segment0	49319615	50705877	0.004105	0.001072	0.000846	0.001831
contig_4_segment0	49679965	51419547	0.036331	0.008105	0.006513	0.018854
contig_4_segment0	50136322	51725276	-0.006370	-0.001487	-0.001183	-0.006220
contig_4_segment0	50707516	52417643	0.025743	0.005203	0.004203	0.006992
contig_4_segment0	51419548	53330634	0.028540	0.005540	0.004580	0.009819
contig_4_segment0	51726119	53813632	0.095011	0.016235	0.013719	0.044055
contig_4_segment0	52421911	54522735	0.050069	0.008281	0.006927	0.023993
contig_4_segment0	53331410	54779870	0.042806	0.009715	0.007922	0.019680
scaffold_13_segment0	6789	187350	-0.003052	-0.004404	-0.002947	-0.001977
scaffold_13_segment0	17060	306656	0.014354	0.012718	0.008937	0.007049
scaffold_13_segment0	86607	501867	0.019300	0.014113	0.010063	0.008359
scaffold_13_segment0	187374	653702	0.076546	0.054527	0.038389	0.037705
scaffold_13_segment0	306658	834774	0.047399	0.032532	0.022018	0.022077
scaffold_13_segment0	501894	1084674	-0.028068	-0.016054	-0.010923	-0.017176
scaffold_13_segment0	653792	1236504	-0.083943	-0.043602	-0.030610	-0.040774
scaffold_13_segment0	834812	1587940	-0.082709	-0.038069	-0.029174	-0.036448
