chr	windowStart	windowEnd	D	f_d	f_dM	d_f
contig_1888_segment0	55090	919321	0.201641	0.323589	0.173085	0.080791
contig_1888_segment0	247923	1004003	0.181478	0.323521	0.167412	0.070844
contig_1888_segment0	348466	1062031	0.166402	0.320782	0.156055	0.062357
contig_1888_segment0	469496	1271682	0.201123	0.299078	0.155664	0.077989
contig_1888_segment0	668086	1421430	0.126896	0.166182	0.087184	0.048301
contig_1888_segment0	849806	1793576	0.103113	0.089027	0.051626	0.036920
contig_1888_segment0	919347	2024760	0.088409	0.068196	0.039425	0.029572
contig_1888_segment0	1004005	2200420	0.056790	0.040064	0.023322	0.016319
contig_1888_segment0	1062033	2402973	0.044296	0.027712	0.016009	0.009976
contig_1888_segment0	1271688	2586204	-0.003104	-0.001970	-0.001110	-0.010813
contig_1888_segment0	1421434	2727729	0.028162	0.018063	0.009912	0.000272
contig_1888_segment0	1793953	2831556	-0.001808	-0.001487	-0.000742	-0.012855
contig_1888_segment0	2024762	2912312	0.003023	0.002725	0.001317	-0.012167
contig_1888_segment0	2200610	2991367	0.005269	0.005144	0.002373	-0.012893
contig_1888_segment0	2403032	3085157	-0.006858	-0.007246	-0.003294	-0.016115
contig_1888_segment0	2586731	3162599	-0.010930	-0.012241	-0.005484	-0.018894
contig_1888_segment0	2727732	3219487	-0.008245	-0.009803	-0.004352	-0.015744
contig_1888_segment0	2831611	3339478	0.004728	0.005698	0.002523	-0.010357
contig_1888_segment0	2912479	3484985	-0.007178	-0.007946	-0.003520	-0.014652
contig_1888_segment0	2991455	3634235	0.008408	0.009007	0.003984	-0.007881
contig_1888_segment0	3085227	3801467	0.045814	0.045706	0.020581	0.006338
contig_1888_segment0	3162750	3930123	0.034602	0.033443	0.014941	0.001103
contig_1888_segment0	3219492	4033934	0.024177	0.022620	0.010217	-0.002497
contig_1888_segment0	3339508	4139504	0.029846	0.027612	0.012530	0.001874
contig_1888_segment0	3485300	4218309	0.025463	0.024990	0.011523	-0.000012
contig_1888_segment0	3634239	4302046	0.022179	0.022007	0.010350	0.000694
contig_1888_segment0	3801563	4388627	-0.028925	-0.031994	-0.014503	-0.022931
contig_1888_segment0	3930667	4491101	-0.030875	-0.034046	-0.015357	-0.023865
contig_1888_segment0	4034094	4616805	-0.020742	-0.022378	-0.009957	-0.021412
contig_1888_segment0	4139524	4737948	-0.018991	-0.020471	-0.009146	-0.022871
contig_1888_segment0	4218312	4823705	0.000129	0.000138	0.000062	-0.014031
contig_1888_segment0	4302196	4893879	-0.001690	-0.001860	-0.000826	-0.016631
contig_1888_segment0	4388809	4970290	0.031651	0.034054	0.015579	0.001407
contig_1888_segment0	4491104	5064111	0.040765	0.044154	0.020306	0.005044
contig_1888_segment0	4616858	5142938	0.047427	0.053391	0.024383	0.008319
contig_1888_segment0	4737960	5237262	0.045911	0.050622	0.023616	0.006458
contig_1888_segment0	4823907	5326516	0.030951	0.034625	0.015554	-0.001745
contig_1888_segment0	4893928	5401117	0.028223	0.031488	0.013921	-0.005843
contig_1888_segment0	4970375	5483848	0.014306	0.016618	0.007052	-0.013144
contig_1888_segment0	5064116	5547205	0.022093	0.026197	0.011318	-0.009297
contig_1888_segment0	5143047	5618234	-0.005726	-0.006937	-0.002981	-0.021851
contig_1888_segment0	5237280	5693923	-0.019505	-0.025893	-0.010313	-0.026291
contig_1888_segment0	5326596	5783218	-0.015165	-0.019807	-0.008096	-0.022448
contig_1888_segment0	5401119	5910451	-0.019948	-0.024571	-0.010192	-0.022833
contig_1888_segment0	5484135	6040002	-0.034567	-0.039505	-0.016925	-0.030507
contig_1888_segment0	5547220	6137727	-0.066681	-0.077183	-0.031609	-0.044332
contig_1888_segment0	5618363	6213206	-0.056451	-0.066572	-0.026936	-0.040881
contig_1888_segment0	5694023	6286030	-0.053142	-0.061608	-0.025695	-0.039616
contig_1888_segment0	5783229	6392881	-0.068941	-0.080623	-0.033225	-0.047564
contig_1888_segment0	5910690	6497393	-0.071928	-0.086433	-0.035347	-0.048723
contig_1888_segment0	6040035	6619189	-0.039679	-0.047731	-0.019774	-0.033649
contig_1888_segment0	6137771	6740926	-0.011528	-0.012972	-0.005679	-0.021750
contig_1888_segment0	6213621	6865727	0.007645	0.007907	0.003661	-0.012054
contig_1888_segment0	6286113	6955186	-0.000287	-0.000284	-0.000134	-0.015936
contig_1888_segment0	6392965	7055596	0.011775	0.011296	0.005571	-0.009207
contig_1888_segment0	6497420	7139432	0.017022	0.016232	0.008237	-0.004949
contig_1888_segment0	6619667	7208097	0.007658	0.007395	0.003788	-0.007323
contig_1888_segment0	6741017	7275327	-0.011607	-0.011838	-0.005944	-0.014918
contig_1888_segment0	6865743	7339140	-0.019500	-0.021010	-0.010222	-0.017387
contig_1888_segment0	6955286	7405771	-0.005905	-0.006549	-0.003142	-0.011282
contig_1888_segment0	7055609	7460339	0.006016	0.006940	0.003232	-0.006811
contig_1888_segment0	7139582	7523129	0.019973	0.022709	0.010620	-0.001423
contig_1888_segment0	7208137	7573886	0.019955	0.023383	0.010777	-0.002123
contig_1888_segment0	7275331	7626627	0.030155	0.034685	0.016265	0.002440
contig_1888_segment0	7339230	7690667	0.031631	0.036080	0.017154	0.002741
contig_1888_segment0	7405820	7742588	0.046417	0.053490	0.025798	0.009311
contig_1888_segment0	7460391	7792082	0.055049	0.063155	0.030518	0.014021
contig_1888_segment0	7523382	7853877	0.049186	0.059769	0.027977	0.009881
contig_1888_segment0	7573898	7915764	0.032314	0.039704	0.018376	0.001460
contig_1888_segment0	7626669	7976209	0.032429	0.040361	0.018133	0.000775
contig_1888_segment0	7690792	8038229	0.041715	0.052081	0.023418	0.002057
contig_1888_segment0	7742632	8103470	0.026908	0.033644	0.014930	-0.004349
contig_1888_segment0	7792090	8168797	-0.006621	-0.008529	-0.003703	-0.019443
contig_1888_segment0	7853882	8229755	-0.006007	-0.007639	-0.003322	-0.017440
contig_1888_segment0	7915786	8285596	0.013267	0.016522	0.007338	-0.007416
contig_1888_segment0	7976224	8349570	0.020636	0.025641	0.011667	-0.002056
contig_1888_segment0	8038250	8421012	0.016019	0.019451	0.008950	-0.000392
contig_1888_segment0	8103479	8498620	0.013375	0.016374	0.007399	-0.000694
contig_1888_segment0	8168818	8584987	0.026881	0.032292	0.014756	0.006700
contig_1888_segment0	8229794	8652280	0.023219	0.027863	0.012813	0.005171
contig_1888_segment0	8285623	8729564	0.024419	0.029559	0.013529	0.005923
contig_1888_segment0	8349574	8813512	0.014380	0.018116	0.008126	0.000763
contig_1888_segment0	8421021	8946330	0.005268	0.006504	0.002874	-0.005209
contig_1888_segment0	8498622	9039299	0.005673	0.006784	0.003078	-0.005591
contig_1888_segment0	8585024	9147182	0.001508	0.001762	0.000798	-0.008480
contig_1888_segment0	8652298	9282278	0.001857	0.002019	0.000932	-0.010294
contig_1888_segment0	8729604	9438578	-0.012467	-0.013136	-0.005987	-0.016986
contig_1888_segment0	8813696	9583349	0.009760	0.009673	0.004445	-0.007857
contig_1888_segment0	8946340	9732347	0.023470	0.023174	0.010633	-0.001266
contig_1888_segment0	9039313	9833821	0.026027	0.025136	0.011682	0.000129
contig_1888_segment0	9147184	9923501	0.026276	0.025548	0.011773	-0.001100
contig_1888_segment0	9282279	10008260	0.019888	0.020505	0.009166	-0.003157
contig_1888_segment0	9438620	10116130	0.051308	0.052953	0.024025	0.009278
contig_1888_segment0	9583354	10259944	0.031032	0.031791	0.014593	-0.000295
contig_1888_segment0	9732355	10416884	0.029156	0.029858	0.013963	-0.000766
contig_1888_segment0	9833823	10545434	0.046343	0.047038	0.021911	0.006668
contig_1888_segment0	9923513	10623006	0.054452	0.054912	0.026202	0.011714
contig_1888_segment0	10008362	10699851	0.052934	0.052322	0.025355	0.011351
contig_1888_segment0	10116158	10778436	0.031659	0.031544	0.015239	0.000212
contig_1888_segment0	10259949	10843851	0.029602	0.030728	0.014703	-0.001734
contig_1888_segment0	10416947	10926316	0.020676	0.021997	0.010390	-0.005213
contig_1888_segment0	10545440	11040078	0.004551	0.004854	0.002289	-0.012481
contig_1888_segment0	10623026	11465049	0.026246	0.023286	0.011612	-0.002162
contig_1888_segment0	10699887	11613769	0.044089	0.039854	0.020631	0.007757
contig_235_segment0	3836	88203	0.021237	0.094628	0.046535	0.007775
contig_235_segment0	10890	105711	0.014606	0.066329	0.032084	0.005771
contig_235_segment0	39391	123193	0.012497	0.055177	0.025962	0.005430
contig_235_segment0	53227	134692	0.004651	0.021064	0.009923	0.002481
contig_235_segment0	62387	155509	0.000138	0.000630	0.000286	-0.000378
scaffold_335_segment0	88204	174267	0.040077	0.126834	0.063020	0.017574
scaffold_335_segment0	105734	307379	0.061299	0.163980	0.081401	0.025355
scaffold_335_segment0	123290	480477	0.093025	0.207701	0.101919	0.038156
scaffold_335_segment0	134694	872785	0.212446	0.292181	0.146229	0.093220
scaffold_335_segment0	155511	1057622	0.270402	0.308933	0.153222	0.122549
scaffold_335_segment0	23827	1230486	0.303267	0.293897	0.142451	0.143812
scaffold_335_segment0	174286	1280246	0.286401	0.283128	0.135611	0.135213
scaffold_335_segment0	307380	1287403	0.275398	0.285583	0.137105	0.127715
scaffold_335_segment0	480479	1314859	0.251553	0.279578	0.133106	0.112159
scaffold_335_segment0	872794	1453283	0.143415	0.181452	0.081147	0.054570
scaffold_335_segment0	1058270	1679493	0.080815	0.100602	0.045349	0.026307
scaffold_335_segment0	1230962	1846625	0.032364	0.041596	0.019058	0.004222
scaffold_335_segment0	1280251	2029993	0.032579	0.037183	0.016990	0.002067
scaffold_335_segment0	1287411	2189105	0.032765	0.033308	0.015026	0.001279
scaffold_335_segment0	1314860	2333452	0.035353	0.032647	0.014954	0.001431
scaffold_335_segment0	1453559	2442454	0.039841	0.037083	0.017094	0.004051
scaffold_335_segment0	1679520	2522268	0.033385	0.033117	0.014984	0.001484
scaffold_335_segment0	1847058	2628593	0.037661	0.039748	0.017675	0.004348
scaffold_335_segment0	2031558	2709269	0.035049	0.039797	0.017757	0.004284
scaffold_335_segment0	2189116	2803584	0.042705	0.050016	0.021780	0.005550
scaffold_335_segment0	2333492	2881931	0.016169	0.019243	0.008409	-0.007624
scaffold_335_segment0	2442463	2995757	0.027068	0.031593	0.014630	-0.000949
scaffold_335_segment0	2522294	3151862	0.057642	0.064883	0.030564	0.014303
scaffold_335_segment0	2628594	3301555	0.070332	0.076653	0.034794	0.018832
scaffold_335_segment0	2709513	3416723	0.080809	0.083273	0.037683	0.023459
scaffold_335_segment0	2803615	3510237	0.081851	0.083516	0.038492	0.026019
scaffold_335_segment0	2881966	3595463	0.094212	0.096656	0.043409	0.033394
scaffold_335_segment0	2995758	3683618	0.069916	0.075265	0.032096	0.020117
scaffold_335_segment0	3152020	3783426	0.044199	0.047943	0.019831	0.005657
scaffold_335_segment0	3301562	3891934	0.024160	0.025720	0.010705	-0.005262
scaffold_335_segment0	3416776	3995023	0.021411	0.023540	0.009796	-0.006732
scaffold_335_segment0	3510258	4089990	0.019264	0.020339	0.008732	-0.006317
scaffold_335_segment0	3595474	4182442	0.016254	0.017674	0.007303	-0.007986
scaffold_335_segment0	3684042	4276022	0.035706	0.038023	0.015875	0.000344
scaffold_335_segment0	3783464	4447696	0.042777	0.043575	0.018338	0.003588
scaffold_335_segment0	3891968	4598013	0.064823	0.065392	0.027865	0.014480
scaffold_335_segment0	3995033	4714349	0.051046	0.051269	0.021174	0.009013
scaffold_335_segment0	4089997	4798376	0.043860	0.046406	0.018163	0.004013
scaffold_335_segment0	4182452	4880167	0.061262	0.060729	0.025249	0.011797
scaffold_335_segment0	4276697	4968857	0.041650	0.041204	0.016869	0.003297
scaffold_335_segment0	4447699	5057846	0.020629	0.021916	0.008968	-0.005721
scaffold_335_segment0	4598211	5136190	-0.001382	-0.001507	-0.000623	-0.015396
scaffold_335_segment0	4714353	5195675	-0.003142	-0.003499	-0.001496	-0.016400
scaffold_335_segment0	4798422	5222524	-0.013225	-0.015043	-0.006600	-0.020729
scaffold_335_segment0	4880228	5334137	-0.008272	-0.009516	-0.004147	-0.019755
scaffold_335_segment0	4968982	5465773	0.012790	0.014090	0.006299	-0.009615
scaffold_335_segment0	5057876	5587772	0.058171	0.060785	0.027629	0.011361
scaffold_335_segment0	5136217	5662430	0.084166	0.087504	0.040137	0.024303
scaffold_335_segment0	5196111	5739018	0.092819	0.095820	0.042939	0.027825
scaffold_335_segment0	5222527	5855144	0.102561	0.100232	0.044390	0.034006
scaffold_335_segment0	5334159	5948731	0.099497	0.097769	0.043348	0.034321
scaffold_335_segment0	5465827	6030084	0.093705	0.094539	0.041225	0.029598
scaffold_335_segment0	5587783	6104833	0.063766	0.067965	0.029629	0.016018
scaffold_335_segment0	5662467	6161461	0.033053	0.037733	0.015797	-0.000600
scaffold_335_segment0	5739033	6245545	0.021445	0.024193	0.010481	-0.003453
scaffold_335_segment0	5855251	6321790	0.018510	0.021856	0.009445	-0.005468
scaffold_335_segment0	5949310	6393608	0.001884	0.002238	0.000985	-0.013008
scaffold_335_segment0	6030193	6456901	-0.004833	-0.006014	-0.002693	-0.014534
scaffold_335_segment0	6104840	6533225	-0.006367	-0.007836	-0.003508	-0.017159
scaffold_335_segment0	6161487	6586642	0.006105	0.007217	0.003306	-0.009687
scaffold_335_segment0	6245551	6645372	0.022151	0.026915	0.012201	-0.001988
scaffold_335_segment0	6322183	6667169	0.027087	0.034428	0.016050	0.002682
scaffold_335_segment0	6393623	6700002	0.010446	0.014344	0.006427	-0.006781
scaffold_335_segment0	6456954	6747634	0.019150	0.027497	0.012323	-0.001682
scaffold_335_segment0	6533247	6864214	0.029123	0.039276	0.017725	0.002131
scaffold_335_segment0	6586647	6961448	0.026406	0.034617	0.015951	0.001768
scaffold_335_segment0	6645373	7078767	0.010800	0.013326	0.006253	-0.005794
scaffold_335_segment0	6667188	7167044	0.023712	0.025792	0.012425	-0.001406
scaffold_335_segment0	6700005	7255282	0.036731	0.037758	0.018369	0.005972
scaffold_335_segment0	6747638	7338184	0.047542	0.045904	0.022090	0.008065
scaffold_335_segment0	6864539	7437308	0.039709	0.038917	0.018729	0.005041
scaffold_335_segment0	6961513	7604666	0.038422	0.036856	0.017634	0.003343
scaffold_335_segment0	7078788	7765989	0.036491	0.033746	0.015953	0.001219
scaffold_335_segment0	7167065	7882875	0.021738	0.020718	0.009209	-0.008224
scaffold_335_segment0	7255289	8065333	0.014540	0.013581	0.006120	-0.011044
scaffold_335_segment0	7338212	8190373	0.000819	0.000740	0.000337	-0.017025
scaffold_335_segment0	7437317	8357207	0.007559	0.006506	0.002964	-0.013201
scaffold_335_segment0	7604681	8538720	0.014592	0.011611	0.005433	-0.009652
scaffold_335_segment0	7766444	8659288	0.019001	0.015502	0.007180	-0.007159
scaffold_335_segment0	7882880	8795939	0.007459	0.006115	0.002897	-0.011564
scaffold_335_segment0	8065374	8957019	0.012015	0.009772	0.004569	-0.011177
scaffold_335_segment0	8190474	9085794	0.007411	0.006080	0.002805	-0.011974
scaffold_335_segment0	8357892	9206227	0.017966	0.015533	0.007066	-0.008135
scaffold_335_segment0	8538947	9340716	0.054474	0.051049	0.022693	0.009886
scaffold_335_segment0	8659344	9557704	0.066388	0.058295	0.026328	0.016090
scaffold_335_segment0	8796040	9737024	0.114012	0.095636	0.044698	0.038747
scaffold_335_segment0	8957040	9911234	0.108704	0.093392	0.043031	0.038251
scaffold_335_segment0	9085837	10120850	0.134504	0.112012	0.053216	0.051440
scaffold_335_segment0	9206229	10294969	0.154434	0.127839	0.061115	0.067218
scaffold_335_segment0	9340717	10421229	0.112279	0.093095	0.043878	0.045229
scaffold_335_segment0	9558786	10635907	0.114259	0.097884	0.046647	0.047056
scaffold_335_segment0	9737097	10797112	0.053355	0.046309	0.021669	0.016019
scaffold_335_segment0	9911237	10948735	0.077642	0.066025	0.032039	0.029268
scaffold_335_segment0	10120880	11044675	0.100491	0.093253	0.044773	0.040561
scaffold_335_segment0	10294975	11313809	0.067009	0.055718	0.027426	0.019577
scaffold_335_segment0	10421309	11465138	0.100230	0.079585	0.039732	0.034577
scaffold_335_segment0	10636008	11583317	0.107988	0.089928	0.042808	0.037116
scaffold_335_segment0	10797124	11683803	0.156042	0.129451	0.061884	0.061351
scaffold_335_segment0	10948925	11851857	0.170759	0.140680	0.066755	0.067061
scaffold_335_segment0	11044676	12016906	0.189313	0.147287	0.070358	0.079434
scaffold_335_segment0	11314288	12174302	0.210249	0.178627	0.081549	0.092435
scaffold_335_segment0	11466024	12322960	0.159946	0.134365	0.062212	0.065870
scaffold_335_segment0	11583341	12433811	0.143861	0.120952	0.056888	0.057335
scaffold_335_segment0	11683857	12538916	0.110952	0.097385	0.044865	0.040041
scaffold_335_segment0	11851916	12757107	0.100052	0.082093	0.037928	0.034814
scaffold_335_segment0	12016953	12938915	0.052570	0.041140	0.018889	0.010305
scaffold_335_segment0	12174318	13117464	0.089722	0.071546	0.033212	0.028365
scaffold_335_segment0	12323000	13301215	0.165432	0.140557	0.062574	0.065280
scaffold_335_segment0	12433818	13501358	0.182386	0.147339	0.065864	0.075509
scaffold_335_segment0	12538942	13693600	0.221869	0.171505	0.075689	0.095661
scaffold_335_segment0	12757557	13926364	0.246088	0.196877	0.087226	0.111916
scaffold_335_segment0	12939247	14115365	0.240127	0.196119	0.084533	0.109402
scaffold_335_segment0	13117475	14356466	0.184979	0.137753	0.060082	0.078578
scaffold_335_segment0	13301287	14667916	0.139487	0.091894	0.042225	0.054821
scaffold_335_segment0	13501982	15008064	0.090865	0.053066	0.025622	0.030177
scaffold_335_segment0	13693936	15362426	0.071700	0.038424	0.019296	0.020933
scaffold_335_segment0	13926394	15555664	0.014648	0.007875	0.003913	-0.008427
scaffold_335_segment0	14115650	15879594	0.001919	0.001014	0.000516	-0.013795
scaffold_335_segment0	14356798	16242529	-0.009784	-0.004982	-0.002610	-0.020138
scaffold_335_segment0	14667954	16504051	-0.009044	-0.004726	-0.002430	-0.019740
scaffold_335_segment0	15008620	16678147	0.073072	0.041485	0.021027	0.022161
scaffold_335_segment0	15362435	16877635	0.058485	0.035154	0.018073	0.016833
scaffold_335_segment0	15555669	16978609	0.080034	0.048959	0.025469	0.028986
scaffold_335_segment0	15879610	17108703	0.084961	0.054487	0.027897	0.030016
scaffold_335_segment0	16243263	17243302	0.095595	0.067586	0.033981	0.035877
scaffold_335_segment0	16504500	17404130	0.113630	0.084921	0.041969	0.045101
scaffold_335_segment0	16678307	17569947	0.084115	0.065266	0.031738	0.030023
scaffold_335_segment0	16877647	17759548	0.099922	0.084773	0.039659	0.037359
scaffold_335_segment0	16978610	17876544	0.083771	0.072411	0.033738	0.029123
scaffold_335_segment0	17108853	18025424	0.062048	0.051602	0.024347	0.019656
scaffold_335_segment0	17243308	18147960	0.047003	0.039637	0.018721	0.013055
scaffold_335_segment0	17404215	18276157	0.012284	0.010900	0.005187	-0.004177
scaffold_335_segment0	17570313	18443546	0.000186	0.000165	0.000079	-0.009381
scaffold_335_segment0	17759776	18613280	0.000002	0.000002	0.000001	-0.007775
scaffold_335_segment0	17876560	18798277	0.049631	0.040325	0.019577	0.015425
scaffold_335_segment0	18025426	18968749	0.075220	0.060796	0.029428	0.026877
scaffold_335_segment0	18148301	19216741	0.079623	0.059635	0.028651	0.027288
scaffold_335_segment0	18276171	19397817	0.092753	0.069663	0.032615	0.030819
scaffold_335_segment0	18443548	19697191	0.107600	0.078403	0.036344	0.037354
scaffold_335_segment0	18613354	19923062	0.189156	0.132511	0.060953	0.081863
scaffold_335_segment0	18798412	20183770	0.184254	0.124095	0.057746	0.081585
scaffold_335_segment0	18968765	20394111	0.191532	0.126661	0.060441	0.086607
scaffold_335_segment0	19217589	20672183	0.179872	0.120178	0.057030	0.080276
scaffold_335_segment0	19397823	20858446	0.174733	0.114356	0.054244	0.078483
scaffold_335_segment0	19697192	21037042	0.128674	0.087570	0.041845	0.051655
scaffold_335_segment0	19923237	21277288	0.047123	0.032037	0.015382	0.007438
scaffold_335_segment0	20183776	21426709	-0.019688	-0.014271	-0.006741	-0.024044
scaffold_335_segment0	20394398	21635728	0.044733	0.033952	0.015555	0.009313
scaffold_335_segment0	20672426	21817973	0.128994	0.101223	0.047048	0.057155
scaffold_335_segment0	20858451	21978418	0.192490	0.148519	0.068683	0.095892
scaffold_335_segment0	21037052	22220385	0.243557	0.180032	0.082004	0.122207
scaffold_335_segment0	21277459	22420376	0.224635	0.169508	0.076584	0.110816
scaffold_335_segment0	21426856	22783120	0.235328	0.163363	0.077580	0.114839
scaffold_335_segment0	21635735	22974802	0.179204	0.125475	0.060782	0.080509
scaffold_335_segment0	21818658	23169669	0.145786	0.102762	0.049772	0.058597
scaffold_335_segment0	21978636	23783046	0.125446	0.060295	0.034450	0.049948
scaffold_335_segment0	22220393	24280255	0.050632	0.020088	0.012707	0.015374
scaffold_335_segment0	22420553	24761405	0.062106	0.021477	0.013719	0.020844
scaffold_335_segment0	22783283	25294819	0.079864	0.027045	0.017113	0.033239
scaffold_335_segment0	22974813	25821577	0.131208	0.038971	0.024621	0.060756
scaffold_335_segment0	23169674	26298067	0.143516	0.038837	0.024798	0.068229
scaffold_335_segment0	23783087	26532711	0.098159	0.029760	0.018710	0.042850
scaffold_335_segment0	24280317	26752719	0.122294	0.040666	0.024410	0.056700
scaffold_335_segment0	24761421	26873197	0.122397	0.047527	0.028137	0.057180
scaffold_335_segment0	25294826	27047315	0.124793	0.052772	0.030851	0.057386
scaffold_335_segment0	25821581	27249073	0.116190	0.060043	0.033482	0.053187
scaffold_335_segment0	26298084	27448380	0.126647	0.083901	0.044697	0.061518
scaffold_335_segment0	26532798	27585678	0.162515	0.123183	0.062958	0.079609
scaffold_335_segment0	26752839	27750394	0.228310	0.191562	0.096612	0.117368
scaffold_335_segment0	26873205	27996377	0.274999	0.201300	0.106469	0.144141
scaffold_335_segment0	27047453	28372122	0.308691	0.200033	0.109723	0.154380
scaffold_335_segment0	27249163	28582229	0.344334	0.226700	0.127562	0.172706
scaffold_335_segment0	27448390	28894254	0.288424	0.169561	0.096443	0.134899
scaffold_335_segment0	27585718	29054080	0.265161	0.152603	0.089478	0.116701
scaffold_335_segment0	27750413	29363157	0.138250	0.072058	0.044413	0.055680
scaffold_335_segment0	27996382	29606219	0.185563	0.101775	0.061763	0.078775
scaffold_335_segment0	28372124	29830110	0.270081	0.165067	0.097624	0.131099
scaffold_335_segment0	28582235	30087313	0.237296	0.138834	0.080728	0.111398
scaffold_335_segment0	28894256	30407530	0.315964	0.200223	0.112318	0.157762
scaffold_335_segment0	29054101	30593537	0.314924	0.204310	0.109073	0.166418
scaffold_335_segment0	29363242	30743057	0.385889	0.288115	0.141914	0.203599
scaffold_335_segment0	29606777	30883140	0.309130	0.240744	0.118692	0.156827
scaffold_335_segment0	29830585	30972068	0.202587	0.164602	0.079907	0.088855
scaffold_335_segment0	30087483	31088473	0.192425	0.170105	0.084491	0.084443
scaffold_335_segment0	30407538	31251671	0.128557	0.117312	0.058747	0.052365
scaffold_335_segment0	30593550	31473901	0.184183	0.147838	0.080702	0.080110
scaffold_335_segment0	30743173	31679228	0.159438	0.115708	0.066826	0.071022
scaffold_335_segment0	30883410	31887283	0.164312	0.108735	0.063782	0.075374
scaffold_335_segment0	30972315	32257850	0.171194	0.099721	0.059278	0.083536
scaffold_335_segment0	31088486	32504417	0.138914	0.074058	0.043853	0.063277
scaffold_335_segment0	31251693	32936087	0.175922	0.086144	0.050964	0.082116
scaffold_335_segment0	31473934	33238478	0.168989	0.084380	0.048795	0.076957
scaffold_335_segment0	31679385	33541876	0.220826	0.107498	0.061087	0.104366
scaffold_335_segment0	31887290	33827848	0.240682	0.106557	0.060568	0.106766
scaffold_335_segment0	32257862	34094226	0.239014	0.113867	0.062156	0.098575
scaffold_335_segment0	32505803	34320239	0.180292	0.094725	0.050068	0.073653
scaffold_335_segment0	32939570	34575963	0.138507	0.080290	0.041531	0.054610
scaffold_335_segment0	33238481	34753729	0.114662	0.068883	0.036815	0.044545
scaffold_335_segment0	33542238	34881292	0.096135	0.064117	0.033996	0.035640
scaffold_335_segment0	33827927	34941331	0.090449	0.082102	0.041133	0.035898
scaffold_335_segment0	34096080	35087863	0.092072	0.086386	0.045302	0.038301
scaffold_335_segment0	34320571	35268068	0.161493	0.147666	0.081966	0.076504
scaffold_335_segment0	34576106	35523087	0.145934	0.135305	0.073022	0.065577
scaffold_335_segment0	34753743	35818914	0.090340	0.083445	0.040902	0.032246
scaffold_335_segment0	34881408	36014141	0.105511	0.091422	0.043644	0.036368
scaffold_335_segment0	34941424	36432950	0.096192	0.067462	0.033413	0.031720
scaffold_335_segment0	35087866	36732423	0.110387	0.072986	0.036459	0.039495
scaffold_335_segment0	35268069	37016163	0.178327	0.105643	0.053774	0.071632
scaffold_335_segment0	35523717	37201469	0.192169	0.113423	0.059298	0.079458
scaffold_335_segment0	35818916	37329672	0.201375	0.121173	0.063400	0.087324
scaffold_335_segment0	36014204	37472589	0.143159	0.088498	0.047160	0.060425
scaffold_335_segment0	36433166	37572946	0.119253	0.083544	0.044296	0.050131
scaffold_335_segment0	36733905	37758973	0.105193	0.077014	0.040990	0.043584
scaffold_335_segment0	37016170	37974221	0.045161	0.035763	0.019023	0.014692
scaffold_335_segment0	37201557	38155523	-0.023671	-0.018834	-0.009960	-0.019440
scaffold_335_segment0	37329674	38445796	0.000490	0.000374	0.000197	-0.006110
scaffold_335_segment0	37472595	38686374	0.134609	0.098622	0.053111	0.056957
scaffold_335_segment0	37572948	38861769	0.194966	0.140146	0.075912	0.084468
scaffold_335_segment0	37759505	39046732	0.249795	0.188557	0.098464	0.112961
scaffold_335_segment0	37974246	39192583	0.279395	0.229415	0.112823	0.130417
scaffold_335_segment0	38155586	39373772	0.321232	0.259424	0.126318	0.153253
scaffold_335_segment0	38445799	39547067	0.252869	0.209375	0.103531	0.121448
scaffold_335_segment0	38686670	39747577	0.207053	0.180027	0.082686	0.096795
scaffold_335_segment0	38861778	39995696	0.200390	0.157047	0.072694	0.093884
scaffold_335_segment0	39046811	40214133	0.143904	0.099106	0.048811	0.060912
scaffold_335_segment0	39193162	40323299	0.105596	0.075980	0.038862	0.042074
scaffold_335_segment0	39373829	40461995	0.092313	0.069549	0.036642	0.037677
scaffold_335_segment0	39547592	40531726	0.131977	0.105139	0.057407	0.058475
scaffold_335_segment0	39747954	40675167	0.079318	0.063874	0.035971	0.031838
scaffold_335_segment0	39995935	40791126	0.034894	0.031403	0.017292	0.009249
scaffold_335_segment0	40214167	40907382	0.098685	0.098814	0.052334	0.040229
scaffold_335_segment0	40323602	41026713	0.109512	0.103932	0.053999	0.045694
scaffold_335_segment0	40462035	41165438	0.127562	0.118178	0.061675	0.052321
scaffold_335_segment0	40531838	41365563	0.120277	0.100006	0.051748	0.050214
scaffold_335_segment0	40675172	41511753	0.167360	0.140542	0.073143	0.071979
scaffold_335_segment0	40791139	41639898	0.187333	0.159271	0.081309	0.086544
scaffold_335_segment0	40907397	41806756	0.138063	0.115657	0.059006	0.056682
scaffold_335_segment0	41026782	41950108	0.108421	0.087499	0.045729	0.039273
scaffold_335_segment0	41165462	42130713	0.100319	0.078484	0.038772	0.034915
scaffold_335_segment0	41366243	42284113	0.120027	0.100676	0.046692	0.042027
scaffold_335_segment0	41511785	42513029	0.080082	0.065266	0.029019	0.023415
scaffold_335_segment0	41640146	42774397	0.094110	0.069132	0.032765	0.029529
scaffold_335_segment0	41806760	43031357	0.075739	0.055180	0.025852	0.022068
scaffold_335_segment0	41950110	43192094	0.175988	0.130993	0.059069	0.076680
scaffold_335_segment0	42130716	43412710	0.191649	0.146952	0.066712	0.086404
scaffold_335_segment0	42284209	43651876	0.190858	0.135128	0.064648	0.089139
scaffold_335_segment0	42513370	43875835	0.212683	0.140392	0.071660	0.102621
scaffold_335_segment0	42774406	44252015	0.255872	0.166764	0.083060	0.130398
scaffold_335_segment0	43031435	44574075	0.291804	0.183461	0.092697	0.157075
scaffold_335_segment0	43192315	44983349	0.228540	0.135548	0.069160	0.109524
scaffold_335_segment0	43413052	45170858	0.216502	0.127927	0.065401	0.096146
scaffold_335_segment0	43652037	45382492	0.189696	0.119379	0.059519	0.080044
scaffold_335_segment0	43876035	45565689	0.182929	0.122021	0.058300	0.075349
scaffold_335_segment0	44252025	45824340	0.093161	0.062343	0.030579	0.031364
scaffold_335_segment0	44574257	46017011	0.047365	0.034962	0.016344	0.008895
scaffold_335_segment0	44984584	46255934	0.034166	0.026764	0.012273	0.003476
scaffold_335_segment0	45170859	46496063	0.041062	0.030023	0.014191	0.007157
scaffold_335_segment0	45382538	46665741	0.080111	0.056148	0.026981	0.026225
scaffold_335_segment0	45565895	46819384	0.060609	0.042341	0.020286	0.016640
scaffold_335_segment0	45824630	46975264	0.078701	0.060049	0.028043	0.027810
scaffold_335_segment0	46017124	47106065	0.068675	0.050929	0.024162	0.022446
scaffold_335_segment0	46255938	47258050	0.067563	0.051664	0.024685	0.023326
scaffold_335_segment0	46496097	47423017	0.050503	0.040301	0.018955	0.015580
scaffold_335_segment0	46665752	47612911	0.027266	0.021976	0.010359	0.003089
scaffold_335_segment0	46819430	47705697	0.021085	0.017913	0.008553	0.001293
scaffold_335_segment0	46975300	47827242	0.024277	0.020974	0.009822	0.001225
scaffold_335_segment0	47106119	47976634	0.066879	0.060935	0.028313	0.023509
scaffold_335_segment0	47258058	48089961	0.060253	0.054943	0.025475	0.018853
scaffold_335_segment0	47423077	48209678	0.074224	0.069833	0.032447	0.023976
scaffold_335_segment0	47612927	48367120	0.061514	0.059652	0.027239	0.016346
scaffold_335_segment0	47705805	48479175	0.075520	0.072830	0.032209	0.021412
scaffold_335_segment0	47827263	48610184	0.046373	0.045381	0.019632	0.007323
scaffold_335_segment0	47976829	48747177	-0.002307	-0.002267	-0.000961	-0.014774
scaffold_335_segment0	48090315	48864458	0.038233	0.037808	0.015909	0.001064
scaffold_335_segment0	48209814	48963883	0.072188	0.075408	0.031758	0.019520
scaffold_335_segment0	48367230	49095840	0.097252	0.103090	0.042510	0.031533
scaffold_335_segment0	48479267	49253146	0.087353	0.087681	0.038082	0.026698
scaffold_335_segment0	48610707	49403233	0.081178	0.080129	0.035548	0.024944
scaffold_335_segment0	48747180	49521277	0.096105	0.091369	0.041308	0.031051
scaffold_335_segment0	48864482	49681115	0.056213	0.053628	0.023961	0.014680
scaffold_335_segment0	48964115	49787671	0.012513	0.011776	0.005292	-0.004949
scaffold_335_segment0	49095850	49866997	0.005093	0.005172	0.002355	-0.006872
scaffold_335_segment0	49253973	49994245	-0.005179	-0.005688	-0.002423	-0.012129
scaffold_335_segment0	49403740	50088508	0.006876	0.007721	0.003175	-0.008772
scaffold_335_segment0	49521366	50205492	-0.004320	-0.004844	-0.001999	-0.013805
scaffold_335_segment0	49681134	50303278	0.027994	0.031831	0.013673	0.000569
scaffold_335_segment0	49787753	50438624	0.033620	0.036474	0.015938	0.002155
scaffold_335_segment0	49867617	50599824	0.027431	0.025998	0.011721	-0.001445
scaffold_335_segment0	49994503	50739293	0.026896	0.024726	0.011288	-0.002432
scaffold_335_segment0	50088529	50866889	0.028137	0.025409	0.011974	0.000009
scaffold_335_segment0	50205926	51003495	0.010151	0.009446	0.004378	-0.007265
scaffold_335_segment0	50303328	51183181	0.020710	0.018598	0.008476	-0.003322
scaffold_335_segment0	50438626	51376797	0.046626	0.041472	0.018515	0.007870
scaffold_335_segment0	50599944	51522648	0.057666	0.055150	0.024182	0.013746
scaffold_335_segment0	50739332	51675295	0.052497	0.047813	0.021776	0.012017
scaffold_335_segment0	50867115	51866742	0.034385	0.028621	0.013370	0.003368
scaffold_335_segment0	51003591	52009144	0.068361	0.055687	0.026970	0.019150
scaffold_335_segment0	51183216	52171534	0.052409	0.042285	0.021134	0.012160
scaffold_335_segment0	51376857	52338094	0.025898	0.021041	0.010632	0.000084
scaffold_335_segment0	51522674	52486301	0.016266	0.012719	0.006478	-0.003583
scaffold_335_segment0	51675475	52621408	0.033097	0.026919	0.013328	0.004834
scaffold_335_segment0	51866760	52727103	0.057329	0.050650	0.024701	0.017154
scaffold_335_segment0	52009821	52832131	0.046088	0.041833	0.019806	0.012532
scaffold_335_segment1	62890	762362	0.012411	0.012678	0.005709	-0.007393
scaffold_335_segment1	157759	865721	0.007130	0.007220	0.003359	-0.009475
scaffold_335_segment1	271360	939810	-0.005708	-0.006117	-0.002726	-0.015601
scaffold_335_segment1	379774	1011687	0.001076	0.001195	0.000533	-0.013804
scaffold_335_segment1	505359	1092558	0.008790	0.009810	0.004420	-0.011173
scaffold_335_segment1	607799	1172963	0.008771	0.009896	0.004437	-0.013086
scaffold_335_segment1	762567	1247978	0.012381	0.014270	0.006555	-0.010273
scaffold_335_segment1	865738	1320598	0.007741	0.008926	0.003929	-0.013220
scaffold_335_segment1	939994	1404596	-0.000899	-0.001027	-0.000463	-0.014935
scaffold_335_segment1	1011826	1494178	-0.007852	-0.008927	-0.004025	-0.016565
scaffold_335_segment1	1092560	1579430	-0.024539	-0.027846	-0.012421	-0.021472
scaffold_335_segment1	1173037	1700338	-0.030028	-0.033739	-0.014825	-0.022447
scaffold_335_segment1	1248001	1828057	-0.028557	-0.032096	-0.013935	-0.021633
scaffold_335_segment1	1320607	1921474	-0.016625	-0.018783	-0.008408	-0.016289
scaffold_335_segment1	1404608	1983416	-0.011303	-0.012890	-0.005803	-0.014796
scaffold_335_segment1	1494487	2040933	-0.009975	-0.011405	-0.005150	-0.013621
scaffold_335_segment1	1579506	2096005	-0.006994	-0.008577	-0.003768	-0.012881
scaffold_335_segment1	1700341	2140221	-0.022276	-0.029744	-0.013074	-0.017490
scaffold_335_segment1	1828116	2197193	0.000541	0.000742	0.000330	-0.008525
scaffold_335_segment1	1921531	2251008	-0.011007	-0.015821	-0.006961	-0.013753
scaffold_335_segment1	1983440	2316800	0.005792	0.008172	0.003590	-0.006184
scaffold_335_segment1	2041045	2384675	0.006057	0.008455	0.003617	-0.008161
scaffold_335_segment1	2096013	2468074	0.010819	0.014519	0.006301	-0.006905
scaffold_335_segment1	2140229	2524120	0.016333	0.021520	0.009177	-0.006647
scaffold_335_segment1	2197196	2584664	-0.002586	-0.003412	-0.001449	-0.014889
scaffold_335_segment1	2251022	2636609	-0.001246	-0.001657	-0.000708	-0.014052
scaffold_335_segment1	2316819	2691743	-0.007166	-0.009738	-0.004169	-0.017916
scaffold_335_segment1	2384682	2752549	0.006479	0.008835	0.003850	-0.011788
scaffold_335_segment1	2468193	2810926	0.012838	0.017883	0.007807	-0.009569
scaffold_335_segment1	2524121	2875077	0.023220	0.030976	0.013996	-0.005089
scaffold_335_segment1	2584667	2939997	0.033257	0.044251	0.019706	0.000428
scaffold_335_segment1	2636623	2990514	0.033035	0.043843	0.019188	-0.000488
scaffold_335_segment1	2691798	3037114	0.027413	0.037158	0.016083	-0.002508
scaffold_335_segment1	2752646	3082675	0.021216	0.029264	0.012661	-0.005104
scaffold_335_segment1	2810928	3112398	0.015660	0.022723	0.009787	-0.006179
scaffold_335_segment1	2875082	3146520	0.016224	0.024853	0.010594	-0.004120
scaffold_335_segment1	2940006	3177743	0.007829	0.012487	0.005306	-0.007421
scaffold_335_segment1	2990522	3204991	-0.003595	-0.005782	-0.002408	-0.016507
scaffold_335_segment1	3037126	3244894	0.011924	0.018461	0.007862	-0.011607
scaffold_335_segment1	3082679	3280708	0.012844	0.018960	0.008294	-0.010817
scaffold_335_segment1	3112418	3312254	0.003408	0.004742	0.002075	-0.016143
scaffold_335_segment1	3146521	3345592	-0.002336	-0.003172	-0.001417	-0.021277
scaffold_335_segment1	3177757	3377618	-0.004232	-0.005519	-0.002504	-0.022993
scaffold_335_segment1	3204992	3400357	-0.000356	-0.000462	-0.000215	-0.016993
scaffold_335_segment1	3244911	3439213	-0.011256	-0.014710	-0.006891	-0.019165
scaffold_335_segment1	3280712	3485448	-0.006183	-0.008194	-0.003831	-0.017130
scaffold_335_segment1	3312262	3526899	-0.003446	-0.004754	-0.002242	-0.016076
scaffold_335_segment1	3345627	3577187	0.006452	0.008847	0.004174	-0.011360
scaffold_335_segment1	3377626	3623207	0.019005	0.025696	0.012112	-0.006981
scaffold_335_segment1	3400362	3681087	0.035517	0.048293	0.022311	0.001327
scaffold_335_segment1	3439220	3743690	0.051406	0.068520	0.031804	0.009065
scaffold_335_segment1	3485450	3817615	0.041171	0.054358	0.025113	0.004846
scaffold_335_segment1	3526925	3864225	0.035673	0.046765	0.021370	0.004096
scaffold_335_segment1	3577245	3920045	0.017806	0.023338	0.010784	-0.002007
scaffold_335_segment1	3623241	3952223	0.007103	0.009728	0.004507	-0.005463
scaffold_335_segment1	3681113	3990851	0.006973	0.008946	0.004359	-0.007121
scaffold_335_segment1	3743692	4039042	-0.003626	-0.004688	-0.002301	-0.013305
scaffold_335_segment1	3817804	4076471	0.004010	0.005112	0.002571	-0.011238
scaffold_335_segment1	3864264	4113722	0.017530	0.021301	0.010930	-0.007885
scaffold_335_segment1	3920048	4156067	0.024411	0.029248	0.014450	-0.007854
scaffold_335_segment1	3952277	4201372	0.036054	0.042311	0.020694	-0.003075
scaffold_335_segment1	3990852	4257626	0.038545	0.046294	0.022192	-0.001984
scaffold_335_segment1	4039118	4327847	0.045180	0.054259	0.025967	0.000522
scaffold_335_segment1	4076551	4390104	0.037632	0.046446	0.022268	-0.000513
scaffold_335_segment1	4113732	4516084	0.031329	0.036352	0.018070	-0.001541
scaffold_335_segment1	4156321	4804077	0.060723	0.064389	0.034268	0.014603
scaffold_335_segment1	4201384	4810409	0.056751	0.066754	0.036207	0.015276
scaffold_335_segment1	4257850	4826314	0.047550	0.064305	0.036100	0.013601
scaffold_430_segment0	6601	864829	0.147875	0.109290	0.064640	0.059626
scaffold_430_segment0	25817	1045878	0.191282	0.122381	0.073538	0.081349
scaffold_430_segment0	43091	1424581	0.164329	0.075241	0.046809	0.070622
scaffold_430_segment0	259914	1734805	0.166094	0.066311	0.042136	0.071411
scaffold_430_segment0	541151	1937077	0.150296	0.055273	0.036026	0.063210
scaffold_430_segment0	675174	2128836	0.157496	0.055219	0.035724	0.066309
scaffold_430_segment0	864830	2368770	0.159613	0.053984	0.034116	0.064070
scaffold_430_segment0	1045895	2538435	0.107645	0.035834	0.022414	0.035424
scaffold_430_segment0	1424582	2626663	0.119360	0.050436	0.030918	0.042664
scaffold_430_segment0	1734819	2783102	0.151114	0.076456	0.044071	0.058035
scaffold_430_segment0	1937214	2997493	0.164376	0.093714	0.050322	0.067116
scaffold_430_segment0	2128856	3141235	0.134924	0.079997	0.042385	0.051768
scaffold_430_segment0	2368789	3312689	0.111743	0.072919	0.038675	0.040671
scaffold_430_segment0	2538521	3490984	0.143530	0.089998	0.048064	0.058671
scaffold_430_segment0	2627473	3840543	0.139737	0.070643	0.038419	0.052896
scaffold_430_segment0	2783211	4013355	0.116831	0.057728	0.031685	0.040688
scaffold_430_segment0	2997505	4172447	0.106665	0.052847	0.029687	0.034296
scaffold_430_segment0	3141244	4308920	0.082759	0.041672	0.023395	0.023112
scaffold_430_segment0	3312701	4475903	0.091458	0.043100	0.025084	0.026606
scaffold_430_segment0	3491017	4684697	0.128360	0.057472	0.034916	0.042846
scaffold_430_segment0	3840583	4924529	0.169589	0.082793	0.049749	0.065177
scaffold_430_segment0	4013358	5064726	0.158638	0.075607	0.046315	0.059486
scaffold_430_segment0	4172494	5356448	0.159598	0.072131	0.044102	0.061992
scaffold_430_segment0	4308934	5587275	0.179628	0.078048	0.047355	0.075733
scaffold_430_segment0	4475908	5777213	0.234705	0.109677	0.064777	0.111746
scaffold_430_segment0	4684709	5946094	0.198091	0.097465	0.055640	0.090797
scaffold_430_segment0	4924556	6059762	0.154158	0.079299	0.045128	0.066201
scaffold_430_segment0	5064945	6302801	0.265786	0.143926	0.080296	0.134027
scaffold_430_segment0	5356453	6386291	0.282733	0.167555	0.093909	0.142872
scaffold_430_segment0	5587501	6603853	0.330943	0.214352	0.115763	0.171852
scaffold_430_segment0	5777218	6842071	0.276501	0.186688	0.097590	0.134961
scaffold_430_segment0	5946096	7045508	0.320621	0.230647	0.117940	0.163288
scaffold_430_segment0	6060089	7177832	0.365272	0.274005	0.137986	0.192523
scaffold_430_segment0	6302802	7400317	0.270467	0.195834	0.100222	0.129384
scaffold_430_segment0	6386293	7604882	0.238470	0.167767	0.085344	0.110368
scaffold_430_segment0	6604232	7740511	0.172497	0.126846	0.066426	0.073953
scaffold_430_segment0	6842447	7935964	0.205619	0.150413	0.080900	0.092305
scaffold_430_segment0	7045509	8118268	0.128281	0.089113	0.049845	0.052338
scaffold_430_segment0	7178122	8474516	0.058071	0.034978	0.019624	0.017198
scaffold_430_segment0	7402184	8665275	0.058412	0.034156	0.019574	0.016671
scaffold_430_segment0	7604894	8918961	0.073343	0.040159	0.023560	0.024270
scaffold_430_segment0	7742087	9198381	0.121372	0.059333	0.034967	0.044830
scaffold_430_segment0	7935985	9517696	0.058762	0.024364	0.014698	0.012917
scaffold_430_segment0	8118274	9737160	0.022693	0.008577	0.005202	-0.005564
scaffold_430_segment0	8474526	9963076	0.054898	0.019536	0.012194	0.009931
scaffold_430_segment0	8666802	10189964	0.078142	0.028508	0.017505	0.022002
scaffold_430_segment0	8919351	10429329	0.074020	0.027975	0.016836	0.020618
scaffold_430_segment0	9198627	10754627	0.039807	0.014487	0.008707	0.002618
scaffold_430_segment0	9517701	10982543	0.083640	0.031655	0.018927	0.026796
scaffold_430_segment0	9737167	11272979	0.175205	0.067184	0.040427	0.076903
scaffold_430_segment0	9963097	11286393	0.168517	0.078218	0.046688	0.070110
scaffold_430_segment0	10189966	11297698	0.141952	0.074216	0.044592	0.053556
scaffold_430_segment0	10429333	11448814	0.123402	0.064962	0.039901	0.042218
scaffold_430_segment0	10754629	11700514	0.149323	0.086381	0.051553	0.052923
scaffold_430_segment0	10982915	11815969	0.192614	0.128001	0.073510	0.074360
scaffold_430_segment0	11272981	11949907	0.168234	0.139484	0.074771	0.062788
scaffold_430_segment0	11286409	12106429	0.225025	0.157231	0.084906	0.093724
scaffold_430_segment0	11297700	12258457	0.230352	0.136007	0.074444	0.100183
scaffold_430_segment0	11449014	12441051	0.238447	0.134414	0.073784	0.106480
scaffold_430_segment0	11700518	12652532	0.197543	0.110576	0.063112	0.087153
scaffold_430_segment0	11816150	12782551	0.124787	0.071251	0.040496	0.046877
scaffold_430_segment0	11949921	12871179	0.056090	0.034162	0.019465	0.012934
scaffold_430_segment0	12107738	12976656	0.004156	0.002739	0.001549	-0.012658
scaffold_430_segment0	12258718	13200211	0.026368	0.016217	0.009285	-0.001942
scaffold_430_segment0	12441052	13555553	0.033525	0.018270	0.010588	0.001316
scaffold_430_segment0	12654195	13803712	0.001937	0.001044	0.000602	-0.013174
scaffold_430_segment0	12782633	14068181	0.029056	0.013102	0.007968	0.001363
scaffold_430_segment0	12871202	14318093	0.008618	0.003240	0.002018	-0.009506
scaffold_430_segment0	12976669	14514044	0.167718	0.066879	0.041146	0.076651
scaffold_430_segment0	13200220	14787658	0.208102	0.083797	0.051268	0.103446
scaffold_430_segment0	13555561	15026537	0.173293	0.074535	0.045515	0.084600
scaffold_430_segment0	13803863	15406390	0.214640	0.084922	0.051938	0.106367
scaffold_430_segment0	14069324	15557278	0.206885	0.086218	0.052246	0.099149
scaffold_430_segment0	14318746	15714218	0.286738	0.132107	0.078166	0.145044
scaffold_430_segment0	14514062	15915366	0.179382	0.075332	0.044762	0.078801
scaffold_430_segment0	14787713	16068342	0.081588	0.036867	0.021569	0.026397
scaffold_430_segment0	15026538	16232038	0.078820	0.036824	0.021220	0.024027
scaffold_430_segment0	15406398	16525349	0.052481	0.025174	0.014416	0.010200
scaffold_430_segment0	15561256	16676417	0.093086	0.046485	0.026130	0.029088
scaffold_430_segment0	15714233	16818098	0.018290	0.009104	0.005198	-0.008846
scaffold_430_segment0	15915376	17072875	-0.033972	-0.015316	-0.009091	-0.034711
scaffold_430_segment0	16068360	17283250	-0.038945	-0.016206	-0.009817	-0.037190
scaffold_430_segment0	16232423	17586426	0.026564	0.010444	0.006379	-0.003953
scaffold_430_segment0	16525351	17953873	0.043317	0.016645	0.010310	0.004303
scaffold_430_segment0	16676449	18126997	0.035696	0.013653	0.008437	0.001451
scaffold_430_segment0	16818103	18435910	0.085394	0.031308	0.019123	0.027521
scaffold_430_segment0	17072876	18833823	0.102632	0.036838	0.022036	0.035459
scaffold_430_segment0	17283305	18970485	0.140206	0.053648	0.031546	0.055785
scaffold_430_segment0	17586487	19127031	0.126977	0.053493	0.031235	0.048665
scaffold_430_segment0	17953920	19359796	0.169133	0.081342	0.046268	0.071866
scaffold_430_segment0	18127006	19648821	0.132195	0.056377	0.033579	0.050015
scaffold_430_segment0	18435916	19925825	0.128730	0.054421	0.032834	0.045152
scaffold_430_segment0	18833826	20472105	0.103186	0.038741	0.024430	0.034073
scaffold_430_segment0	18970494	20629382	0.085442	0.030591	0.019772	0.024688
scaffold_430_segment0	19127032	20884600	0.054726	0.017197	0.011355	0.010617
scaffold_430_segment0	19359798	21348653	-0.008459	-0.002356	-0.001557	-0.019925
scaffold_430_segment0	19650129	21666285	0.036986	0.010346	0.006780	0.001674
scaffold_430_segment0	19925826	21890502	0.010980	0.002936	0.001958	-0.009921
scaffold_430_segment0	20472118	22173422	0.023342	0.006529	0.004364	-0.004672
scaffold_430_segment0	20629440	22266584	0.039226	0.011414	0.007555	0.003305
scaffold_430_segment0	20884604	22366536	0.021478	0.006777	0.004448	-0.006160
scaffold_430_segment0	21348656	22555820	0.064721	0.024655	0.015871	0.013881
scaffold_430_segment0	21666287	22772678	0.175244	0.082026	0.050882	0.069913
scaffold_430_segment0	21890778	22995621	0.155257	0.081149	0.048815	0.064118
scaffold_430_segment0	22173424	23277011	0.172792	0.107937	0.061057	0.079781
scaffold_430_segment0	22266585	23599682	0.159788	0.087036	0.049901	0.073175
scaffold_430_segment0	22366538	23757481	0.179264	0.095874	0.054566	0.082736
scaffold_430_segment0	22555835	24014905	0.141986	0.067801	0.039694	0.061314
scaffold_430_segment0	22772679	24386549	0.035184	0.013643	0.008339	0.001368
scaffold_430_segment0	22995629	24650730	0.042458	0.014941	0.009371	0.006597
scaffold_430_segment0	23277298	24897532	0.017438	0.005714	0.003612	-0.004432
scaffold_430_segment0	23599930	25146691	0.027084	0.009365	0.005901	0.002877
scaffold_430_segment0	23757491	25379890	-0.015630	-0.005336	-0.003355	-0.017246
scaffold_430_segment0	24016302	25685517	-0.023026	-0.007713	-0.004908	-0.021133
scaffold_430_segment0	24386552	25945406	-0.055575	-0.019686	-0.012367	-0.037191
scaffold_430_segment0	24650736	26430747	-0.041509	-0.012656	-0.007953	-0.033660
scaffold_430_segment0	24897927	26650715	-0.065891	-0.019511	-0.012466	-0.042662
scaffold_430_segment0	25146819	26886320	-0.083540	-0.023930	-0.015415	-0.049888
scaffold_430_segment0	25379898	27295461	-0.060393	-0.015122	-0.010015	-0.038409
scaffold_430_segment0	25685538	27611513	0.021411	0.005523	0.003629	-0.003176
scaffold_430_segment0	25946031	27871066	0.015716	0.004171	0.002734	-0.007240
scaffold_430_segment0	26431625	28018892	0.020191	0.006538	0.004223	-0.002964
scaffold_430_segment0	26650717	28290695	0.030026	0.009482	0.006124	0.000558
scaffold_430_segment0	26886323	28470201	0.041824	0.014818	0.009408	0.006962
scaffold_430_segment0	27295466	28789178	0.039234	0.015360	0.009304	0.005131
scaffold_430_segment0	27611516	29119256	0.013899	0.006140	0.003581	-0.010909
scaffold_430_segment0	27871068	29403404	-0.043005	-0.019999	-0.011302	-0.038769
scaffold_430_segment0	28019386	29934877	-0.049274	-0.018275	-0.010866	-0.046859
scaffold_430_segment0	28291188	30119447	-0.033996	-0.013260	-0.007841	-0.038018
scaffold_430_segment0	28470226	30340951	-0.014553	-0.005312	-0.003166	-0.027376
scaffold_430_segment0	28789243	30705094	-0.020655	-0.007850	-0.004682	-0.031324
scaffold_430_segment0	29119258	30976892	-0.061695	-0.022010	-0.013353	-0.052273
scaffold_430_segment0	29403420	31249094	0.027286	0.009183	0.005660	-0.003334
scaffold_430_segment0	29934880	31547437	0.028949	0.011018	0.006629	-0.000195
scaffold_430_segment0	30119456	31819199	0.003210	0.001198	0.000719	-0.016758
scaffold_430_segment0	30341410	32025450	-0.061901	-0.023568	-0.014090	-0.054905
scaffold_430_segment0	30705095	32163875	-0.063878	-0.024232	-0.014687	-0.050645
scaffold_430_segment0	30976901	32376167	-0.034578	-0.013121	-0.008047	-0.034110
scaffold_430_segment0	31249108	32537888	-0.071831	-0.030669	-0.018781	-0.049613
scaffold_430_segment0	31547440	32704942	-0.064031	-0.029663	-0.018005	-0.045308
scaffold_430_segment0	31819202	32988187	-0.051465	-0.023002	-0.014032	-0.039210
scaffold_430_segment0	32026645	33320611	0.002269	0.000877	0.000556	-0.012884
scaffold_430_segment0	32163881	33541848	0.016760	0.006420	0.004082	-0.006460
scaffold_430_segment0	32376187	33752360	0.036613	0.014665	0.009298	0.003129
scaffold_430_segment0	32538305	34085497	0.039252	0.013193	0.008525	0.002570
scaffold_430_segment0	32704943	34331557	0.051384	0.016520	0.010525	0.006820
scaffold_430_segment0	32988488	34517144	0.075769	0.025391	0.016094	0.018202
scaffold_430_segment0	33323245	34924535	0.066520	0.022437	0.014124	0.013386
scaffold_430_segment0	33541849	35207385	0.031876	0.010383	0.006565	-0.002987
scaffold_430_segment0	33752387	35587083	0.007167	0.002127	0.001359	-0.015492
scaffold_430_segment0	34085498	35941845	0.003069	0.000963	0.000609	-0.014964
scaffold_430_segment0	34331570	36159094	-0.030137	-0.009717	-0.006124	-0.028268
scaffold_430_segment0	34517194	36487828	-0.039439	-0.011503	-0.007396	-0.032172
scaffold_430_segment0	34924537	36921420	-0.026821	-0.007865	-0.004975	-0.027184
scaffold_430_segment0	35207387	37235637	-0.021166	-0.006105	-0.003866	-0.026649
scaffold_430_segment0	35587084	37590286	-0.070557	-0.020569	-0.013016	-0.053655
scaffold_430_segment0	35941846	38044691	-0.075152	-0.020123	-0.012959	-0.057954
scaffold_430_segment0	36159107	38246716	-0.050721	-0.013937	-0.009027	-0.047275
scaffold_430_segment0	36488381	38458057	-0.065635	-0.019509	-0.012352	-0.053760
scaffold_430_segment0	36921446	38480139	-0.091947	-0.031340	-0.020189	-0.056482
scaffold_430_segment0	37235728	38727762	-0.024567	-0.008988	-0.005759	-0.023756
scaffold_430_segment0	37590294	39204613	0.012138	0.004159	0.002658	-0.008495
scaffold_430_segment0	38044698	39739972	0.026999	0.008558	0.005400	-0.001375
scaffold_430_segment0	38247288	40105278	0.026820	0.007510	0.004811	-0.004744
scaffold_430_segment0	38458066	40393572	0.067398	0.017676	0.011640	0.014714
scaffold_430_segment0	38480142	40759732	0.095525	0.022669	0.014977	0.028197
scaffold_430_segment0	38727769	40965016	0.036688	0.008639	0.005682	-0.002482
scaffold_430_segment0	39204620	41239095	0.068499	0.017615	0.011510	0.016130
scaffold_430_segment0	39739973	41642060	0.042465	0.011677	0.007616	0.002505
scaffold_430_segment0	40105490	41746411	0.051422	0.015827	0.010286	0.010743
scaffold_430_segment0	40394924	41957793	0.018081	0.005930	0.003821	-0.005617
scaffold_430_segment0	40759740	42411018	-0.048903	-0.015807	-0.010156	-0.037854
scaffold_430_segment0	40965017	42601247	-0.009370	-0.003110	-0.002021	-0.016864
scaffold_430_segment0	41239101	42659963	-0.019945	-0.007384	-0.004784	-0.021394
scaffold_430_segment0	41642460	42960276	0.017880	0.007410	0.004772	-0.004252
scaffold_430_segment0	41746420	43409941	-0.014547	-0.005132	-0.003321	-0.020135
scaffold_430_segment0	41957802	43830256	0.027547	0.009045	0.005838	-0.000880
scaffold_430_segment0	42411019	44256406	0.040435	0.013348	0.008374	0.007195
scaffold_430_segment0	42601249	44656537	0.053962	0.016699	0.010453	0.010290
scaffold_430_segment0	42659967	45250540	0.049257	0.012612	0.008070	0.006515
scaffold_430_segment0	42960277	46030778	0.032579	0.006744	0.004483	-0.003816
scaffold_430_segment0	43410116	46487482	0.036441	0.007264	0.004869	-0.003717
scaffold_430_segment0	43831571	46893760	-0.017150	-0.003216	-0.002178	-0.033436
scaffold_430_segment0	44257018	47255692	0.021828	0.003998	0.002772	-0.014493
scaffold_430_segment0	44656544	47755618	-0.034953	-0.005799	-0.004080	-0.038580
scaffold_430_segment0	45251701	47950198	-0.041116	-0.007574	-0.005303	-0.038773
scaffold_430_segment0	46030783	48312159	-0.065898	-0.014676	-0.009936	-0.048786
scaffold_430_segment0	46487483	48748289	-0.057045	-0.012368	-0.008529	-0.042476
scaffold_430_segment0	46893762	49309462	-0.029464	-0.006301	-0.004301	-0.030493
scaffold_430_segment0	47255698	49534793	-0.034954	-0.007559	-0.005198	-0.031422
scaffold_430_segment0	47755644	49831950	-0.017499	-0.004320	-0.002905	-0.025839
scaffold_430_segment0	47950935	50106489	0.002401	0.000587	0.000394	-0.016685
scaffold_430_segment0	48312270	50473752	0.046044	0.011581	0.007631	0.005675
scaffold_430_segment0	48757255	50811542	0.069322	0.019362	0.012294	0.017364
scaffold_430_segment0	49309985	51170104	0.077575	0.025863	0.015924	0.020184
scaffold_430_segment0	49534799	51423216	0.067743	0.024663	0.014799	0.013509
scaffold_430_segment0	49831954	51572048	0.070109	0.026977	0.016148	0.014579
contig_14_segment0	7252	455673	0.004549	0.005691	0.002539	-0.009075
contig_14_segment0	64491	541192	0.005415	0.006372	0.002892	-0.009166
contig_14_segment0	136945	628336	0.018185	0.020898	0.009516	-0.004351
contig_14_segment0	220426	718095	0.029361	0.033909	0.015552	0.000938
contig_14_segment0	295281	811269	0.019531	0.021693	0.010087	-0.004599
contig_14_segment0	368309	878217	0.002604	0.002948	0.001366	-0.014708
contig_14_segment0	455719	971606	-0.000313	-0.000351	-0.000161	-0.015832
contig_14_segment0	541206	1100301	0.009656	0.010636	0.004850	-0.012288
contig_14_segment0	628499	1219001	-0.004945	-0.005462	-0.002459	-0.019144
contig_14_segment0	718110	1306190	-0.008635	-0.009804	-0.004334	-0.020645
contig_14_segment0	811310	1422675	0.007701	0.008519	0.003767	-0.012096
contig_14_segment0	878238	1546779	0.032072	0.035207	0.015654	0.000244
contig_14_segment0	971817	1580275	0.027770	0.033641	0.015057	-0.000320
contig_14_segment0	1100368	1588940	0.018129	0.025453	0.011456	0.001125
contig_14_segment0	1219121	1606150	0.024598	0.036332	0.017383	0.007434
contig_14_segment0	1306191	1625395	0.014198	0.020591	0.010663	0.004656
contig_14_segment0	1422978	1648923	0.008561	0.014867	0.007673	0.002847
contig_14_segment0	1547375	1700970	0.002273	0.004013	0.002044	0.001069
contig_14_segment0	1580281	1755525	0.012862	0.019956	0.010104	0.005385
contig_14_segment0	1588942	1806913	0.003609	0.005052	0.002485	-0.003049
contig_14_segment0	1606152	1848808	-0.008327	-0.011620	-0.005439	-0.012114
contig_14_segment0	1625400	1895064	0.006411	0.009005	0.004051	-0.006365
contig_14_segment0	1648945	1939243	0.005505	0.007196	0.003289	-0.010080
contig_14_segment0	1701133	1985999	-0.010817	-0.014598	-0.006574	-0.017093
contig_14_segment0	1755536	2028437	-0.002862	-0.003875	-0.001770	-0.013255
contig_14_segment0	1806914	2083911	-0.005215	-0.006823	-0.003147	-0.016875
contig_14_segment0	1848910	2132803	0.014917	0.019028	0.008788	-0.006998
contig_14_segment0	1895102	2197592	0.005574	0.006727	0.003160	-0.012171
contig_14_segment0	1939355	2252044	0.007697	0.009144	0.004340	-0.009551
contig_14_segment0	1986002	2312807	0.010324	0.011682	0.005736	-0.010711
contig_14_segment0	2028442	2374984	-0.007534	-0.008419	-0.004075	-0.022642
contig_14_segment0	2083987	2431523	-0.003665	-0.004179	-0.001998	-0.018652
contig_14_segment0	2132814	2502866	-0.023068	-0.026623	-0.012521	-0.028238
contig_14_segment0	2197717	2559782	-0.021007	-0.025240	-0.011630	-0.027739
contig_14_segment0	2252046	2632371	-0.018943	-0.022535	-0.010288	-0.027824
contig_14_segment0	2312813	2691743	-0.010393	-0.012672	-0.005665	-0.022065
contig_14_segment0	2374993	2760961	-0.013872	-0.017035	-0.007585	-0.022019
contig_14_segment0	2431595	2844145	-0.021923	-0.026538	-0.011965	-0.025493
contig_14_segment0	2503013	2909820	-0.010592	-0.012337	-0.005724	-0.020013
contig_14_segment0	2559892	2972096	-0.006126	-0.007065	-0.003307	-0.017540
contig_14_segment0	2632379	3033761	-0.012088	-0.014436	-0.006669	-0.018991
contig_14_segment0	2691832	3102199	-0.018046	-0.022195	-0.010088	-0.022301
contig_14_segment0	2760986	3157920	-0.004454	-0.005603	-0.002578	-0.015032
contig_14_segment0	2844146	3224797	0.003337	0.004269	0.001932	-0.010964
contig_14_segment0	2909885	3297578	-0.006363	-0.008274	-0.003738	-0.014350
contig_14_segment0	2972107	3366108	-0.004676	-0.006176	-0.002753	-0.014404
contig_14_segment0	3033951	3454935	-0.001464	-0.001851	-0.000844	-0.013382
contig_14_segment0	3102206	3509435	0.002937	0.003666	0.001709	-0.009431
contig_14_segment0	3157946	3584154	0.000532	0.000660	0.000303	-0.011032
contig_14_segment0	3225082	3664008	0.013090	0.015759	0.007395	-0.006031
contig_14_segment0	3297681	3740777	0.010206	0.012331	0.005804	-0.007392
contig_14_segment0	3366151	3813714	0.001755	0.002079	0.000986	-0.009416
contig_14_segment0	3454944	3930504	0.000368	0.000431	0.000203	-0.008372
contig_14_segment0	3509448	4036469	0.002127	0.002425	0.001131	-0.010262
contig_14_segment0	3584170	4123637	0.004378	0.004855	0.002311	-0.009216
contig_14_segment0	3664020	4220702	-0.019582	-0.022192	-0.010286	-0.019079
contig_14_segment0	3741053	4289536	-0.004355	-0.004955	-0.002283	-0.012257
contig_14_segment0	3813729	4359852	0.001216	0.001389	0.000635	-0.010420
contig_14_segment0	3930584	4423539	0.007501	0.008486	0.003934	-0.010103
contig_14_segment0	4036471	4499052	0.004613	0.005158	0.002432	-0.010798
contig_14_segment0	4123648	4572755	0.011225	0.012725	0.005985	-0.007850
contig_14_segment0	4220720	4648914	0.021116	0.023334	0.011050	-0.005033
contig_14_segment0	4289540	4707116	0.024976	0.027089	0.012976	-0.002208
contig_14_segment0	4359857	4790312	0.020514	0.023126	0.010826	-0.005256
contig_14_segment0	4423643	4991151	0.022321	0.024337	0.011534	-0.002986
contig_14_segment0	4499515	5342185	0.087006	0.094438	0.045118	0.026273
contig_14_segment0	4572786	5522516	0.114278	0.127284	0.061543	0.039144
contig_14_segment0	4649137	5531727	0.118147	0.154664	0.077187	0.043379
contig_4_segment0	17926	583769	0.049537	0.053926	0.024786	0.005601
contig_4_segment0	193471	644697	0.051416	0.056946	0.025647	0.007095
contig_4_segment0	319271	693896	0.033392	0.039387	0.018290	-0.001471
contig_4_segment0	404304	759423	0.022844	0.026798	0.012720	-0.005667
contig_4_segment0	468002	836803	0.020379	0.024590	0.011574	-0.005575
contig_4_segment0	527354	914090	0.010701	0.012945	0.006325	-0.006566
contig_4_segment0	583842	967381	0.008507	0.010652	0.005147	-0.006570
contig_4_segment0	644719	1017581	0.004500	0.005754	0.002798	-0.009690
contig_4_segment0	693912	1068415	0.011973	0.015102	0.007404	-0.005675
contig_4_segment0	759428	1122201	0.015006	0.018994	0.009238	-0.003911
contig_4_segment0	837046	1167573	0.002566	0.003266	0.001607	-0.010361
contig_4_segment0	914095	1217400	0.011920	0.014996	0.007401	-0.007389
contig_4_segment0	967413	1262371	0.021939	0.027261	0.013404	-0.004413
contig_4_segment0	1017615	1311077	0.029701	0.036141	0.018024	-0.001548
contig_4_segment0	1068757	1356177	0.029926	0.036709	0.018357	-0.001973
contig_4_segment0	1122204	1397992	0.027107	0.034666	0.016896	-0.003694
contig_4_segment0	1167583	1446822	0.035946	0.045712	0.022110	0.000358
contig_4_segment0	1217454	1493453	0.022259	0.028541	0.013401	-0.006568
contig_4_segment0	1262513	1538602	0.006010	0.008052	0.003740	-0.011608
contig_4_segment0	1311090	1589512	-0.000706	-0.000971	-0.000439	-0.013386
contig_4_segment0	1356305	1657139	-0.019143	-0.027754	-0.012009	-0.022014
contig_4_segment0	1398263	1746537	-0.017538	-0.024574	-0.010782	-0.021559
contig_4_segment0	1446843	1817210	-0.030451	-0.043866	-0.018485	-0.028589
contig_4_segment0	1493527	1896142	-0.022277	-0.032451	-0.013651	-0.023904
contig_4_segment0	1538688	1968443	-0.012112	-0.016564	-0.007067	-0.019495
contig_4_segment0	1589531	2025272	-0.006372	-0.008804	-0.003734	-0.016824
contig_4_segment0	1657208	2080058	-0.002092	-0.002821	-0.001215	-0.014645
contig_4_segment0	1746695	2132286	-0.002315	-0.003172	-0.001370	-0.014771
contig_4_segment0	1817260	2195138	0.000130	0.000174	0.000077	-0.011935
contig_4_segment0	1896252	2274565	0.006273	0.008190	0.003712	-0.010270
contig_4_segment0	1968555	2337144	0.016733	0.021915	0.010250	-0.005590
contig_4_segment0	2025284	2413892	0.022082	0.026836	0.012940	-0.003201
contig_4_segment0	2080081	2480672	0.029155	0.034585	0.016802	-0.000393
contig_4_segment0	2132298	2528015	0.038422	0.045237	0.022514	0.005034
contig_4_segment0	2195204	2638754	0.025851	0.029599	0.014952	-0.000639
contig_4_segment0	2274654	2733512	0.019173	0.022392	0.010979	-0.003470
contig_4_segment0	2337298	2893624	0.006751	0.007642	0.003690	-0.008658
contig_4_segment0	2413973	2974649	0.011175	0.013150	0.006317	-0.005664
contig_4_segment0	2480675	3066520	0.012776	0.014786	0.007207	-0.004477
contig_4_segment0	2528498	3142003	0.002686	0.003213	0.001497	-0.010752
contig_4_segment0	2638778	3242731	0.004748	0.005717	0.002673	-0.008962
contig_4_segment0	2733514	3348116	0.010365	0.011664	0.005638	-0.005750
contig_4_segment0	2894067	3414257	0.007722	0.009132	0.004365	-0.007347
contig_4_segment0	2974733	3501651	0.008277	0.009535	0.004492	-0.007368
contig_4_segment0	3066546	3582094	-0.001181	-0.001363	-0.000642	-0.010242
contig_4_segment0	3142008	3667916	-0.006689	-0.007548	-0.003538	-0.013490
contig_4_segment0	3242880	3755164	0.013823	0.015776	0.007299	-0.004815
contig_4_segment0	3348172	3835379	0.001722	0.002037	0.000922	-0.011029
contig_4_segment0	3414284	3925129	-0.007364	-0.008749	-0.003882	-0.015274
contig_4_segment0	3501656	4002142	-0.014683	-0.018104	-0.007853	-0.020325
contig_4_segment0	3582159	4081981	-0.008336	-0.010501	-0.004465	-0.019748
contig_4_segment0	3667927	4161220	-0.006416	-0.007940	-0.003513	-0.017042
contig_4_segment0	3755497	4247304	-0.009699	-0.011918	-0.005394	-0.019171
contig_4_segment0	3835380	4349477	0.006773	0.008212	0.003717	-0.010375
contig_4_segment0	3925160	4453544	0.007917	0.009522	0.004242	-0.009977
contig_4_segment0	4002234	4559930	0.004454	0.005173	0.002371	-0.009993
contig_4_segment0	4081990	4597588	0.005676	0.007167	0.003273	-0.008249
contig_4_segment0	4161519	4648045	0.003584	0.004877	0.002189	-0.007457
contig_4_segment0	4247422	4733487	-0.003098	-0.004278	-0.001840	-0.009860
contig_4_segment0	4349555	4816797	-0.010231	-0.014468	-0.006143	-0.013026
contig_4_segment0	4453679	4897097	-0.007924	-0.011108	-0.004847	-0.013172
contig_4_segment0	4559931	4984302	-0.007851	-0.011224	-0.004814	-0.014208
contig_4_segment0	4597592	5074831	0.002345	0.003027	0.001360	-0.008818
contig_4_segment0	4648050	5160598	0.009255	0.011059	0.004923	-0.007837
contig_4_segment0	4733504	5258675	0.019592	0.023135	0.010106	-0.003177
contig_4_segment0	4816848	5373605	0.027929	0.031731	0.014381	-0.000063
contig_4_segment0	4897130	5475735	0.048178	0.053958	0.024403	0.011131
contig_4_segment0	4984319	5578754	0.047069	0.051720	0.023472	0.009804
contig_4_segment0	5075105	5683013	0.025832	0.028867	0.012594	-0.000695
contig_4_segment0	5160605	5779824	0.018264	0.020940	0.008966	-0.003313
contig_4_segment0	5258809	5853355	0.011576	0.013298	0.005962	-0.007074
contig_4_segment0	5373651	5943206	0.008119	0.009269	0.004178	-0.008426
contig_4_segment0	5475753	6032996	-0.002584	-0.002945	-0.001355	-0.013445
contig_4_segment0	5578842	6140766	-0.009190	-0.010525	-0.004788	-0.015908
contig_4_segment0	5683054	6230403	-0.006072	-0.006846	-0.003151	-0.014887
contig_4_segment0	5779825	6363847	0.004933	0.005265	0.002462	-0.011728
contig_4_segment0	5853359	6472103	0.020177	0.020843	0.009583	-0.004389
contig_4_segment0	5943971	6605171	0.020496	0.021452	0.009535	-0.004301
contig_4_segment0	6033086	6742901	-0.001468	-0.001445	-0.000640	-0.015168
contig_4_segment0	6141394	6887704	0.018938	0.017874	0.008116	-0.005388
contig_4_segment0	6230449	7021437	0.026973	0.024874	0.011260	-0.003919
contig_4_segment0	6363930	7126501	0.012513	0.011871	0.005459	-0.007842
contig_4_segment0	6472164	7241597	-0.010814	-0.010680	-0.004892	-0.018068
contig_4_segment0	6605412	7331900	-0.030934	-0.032302	-0.014716	-0.027908
contig_4_segment0	6743109	7493131	-0.005613	-0.006053	-0.002714	-0.015138
contig_4_segment0	6887724	7667795	-0.036043	-0.038512	-0.017222	-0.030216
contig_4_segment0	7021637	7776358	-0.016676	-0.017715	-0.007993	-0.018860
contig_4_segment0	7126736	7907994	-0.002992	-0.003055	-0.001379	-0.013891
contig_4_segment0	7241679	8056398	-0.001925	-0.001922	-0.000851	-0.014079
contig_4_segment0	7332020	8239670	0.021970	0.019924	0.009044	-0.002818
contig_4_segment0	7493169	8367994	0.021485	0.019972	0.008986	-0.003307
contig_4_segment0	7668394	8474357	0.034122	0.033543	0.014651	0.002169
contig_4_segment0	7776507	8560336	0.013577	0.013731	0.005800	-0.012803
contig_4_segment0	7908323	8675100	0.011414	0.011652	0.004880	-0.014512
contig_4_segment0	8056446	8796613	0.009921	0.010017	0.004286	-0.014465
contig_4_segment0	8239807	8897438	0.020374	0.021714	0.009431	-0.008844
contig_4_segment0	8368000	9026319	0.018888	0.019379	0.008683	-0.011615
contig_4_segment0	8474358	9231187	0.037016	0.034960	0.016034	-0.003283
contig_4_segment0	8560337	9445025	0.067264	0.057311	0.026650	0.016301
contig_4_segment0	8675534	9674998	0.063160	0.050296	0.022839	0.013353
contig_4_segment0	8796615	9874969	0.054526	0.041656	0.019007	0.009673
contig_4_segment0	8897498	10096422	0.061197	0.042780	0.019604	0.012562
contig_4_segment0	9026680	10326341	0.066322	0.045608	0.020580	0.015971
contig_4_segment0	9231282	10493822	0.081737	0.059400	0.025808	0.022279
contig_4_segment0	9446390	10704241	0.075983	0.057629	0.025110	0.019783
contig_4_segment0	9675056	10918952	0.092128	0.071050	0.031604	0.029067
contig_4_segment0	9874974	11109181	0.135043	0.100263	0.045403	0.047789
contig_4_segment0	10096869	11272119	0.094102	0.074960	0.032399	0.027764
contig_4_segment0	10326524	11422782	0.091980	0.073568	0.032278	0.027027
contig_4_segment0	10493825	11581333	0.099546	0.076556	0.034162	0.030640
contig_4_segment0	10705255	11713780	0.077681	0.061476	0.027414	0.021254
contig_4_segment0	10919124	11867871	0.044973	0.037114	0.016385	0.006903
contig_4_segment0	11109184	12056009	0.036295	0.031869	0.013855	0.004309
contig_4_segment0	11272168	12353957	0.053390	0.042882	0.019759	0.012333
contig_4_segment0	11422783	12519080	0.039071	0.032639	0.014759	0.005503
contig_4_segment0	11581347	12763563	0.010254	0.007711	0.003742	-0.006131
contig_4_segment0	11714404	12996722	0.012502	0.008785	0.004274	-0.005482
contig_4_segment0	11867991	13240632	0.050871	0.033430	0.016688	0.010232
contig_4_segment0	12056685	13444651	0.030480	0.019852	0.009903	0.001240
contig_4_segment0	12353965	13613728	0.028359	0.019637	0.009697	-0.001649
contig_4_segment0	12519095	13748962	0.062042	0.042062	0.021326	0.014037
contig_4_segment0	12763588	13888469	0.052917	0.038686	0.018950	0.009000
contig_4_segment0	12997220	14014041	0.054505	0.041697	0.020920	0.009419
contig_4_segment0	13240650	14213684	0.046886	0.036573	0.018132	0.006826
contig_4_segment0	13445040	14409569	0.057396	0.043249	0.021399	0.011543
contig_4_segment0	13613733	14591771	0.069750	0.050115	0.024856	0.019327
contig_4_segment0	13748963	14781078	0.065963	0.045126	0.021897	0.017503
contig_4_segment0	13888475	15021658	0.071181	0.045227	0.022218	0.020911
contig_4_segment0	14014102	15251762	0.093170	0.057586	0.027917	0.032826
contig_4_segment0	14213894	15502534	0.109203	0.066142	0.032276	0.042620
contig_4_segment0	14410204	15735135	0.126814	0.078135	0.038875	0.052831
contig_4_segment0	14592104	16025515	0.131822	0.077425	0.039316	0.055513
contig_4_segment0	14782241	16242654	0.147698	0.087738	0.045883	0.066110
contig_4_segment0	15022266	16558275	0.142306	0.078767	0.042787	0.062773
contig_4_segment0	15251902	16742248	0.144771	0.079831	0.043545	0.064827
contig_4_segment0	15502927	17034034	0.102874	0.055815	0.031075	0.043550
contig_4_segment0	15735144	17442834	0.114632	0.054201	0.031698	0.051088
contig_4_segment0	16025516	17659184	0.152953	0.076649	0.043904	0.071823
contig_4_segment0	16242656	17855348	0.109322	0.052487	0.029801	0.044765
contig_4_segment0	16558280	18066295	0.106159	0.053980	0.030016	0.043234
contig_4_segment0	16742738	18323139	0.060898	0.029906	0.016646	0.017166
contig_4_segment0	17034065	18550019	0.104601	0.051429	0.028622	0.039036
contig_4_segment0	17442867	18887390	0.074752	0.035926	0.019297	0.021319
contig_4_segment0	17659248	19113347	0.012477	0.005718	0.003088	-0.009425
contig_4_segment0	17855369	19386693	0.026420	0.011338	0.006256	-0.002636
contig_4_segment0	18066611	19633939	0.063162	0.027798	0.015237	0.015527
contig_4_segment0	18323179	19703191	0.108140	0.052676	0.028774	0.037345
contig_4_segment0	18550124	19971032	0.127908	0.060271	0.033320	0.048883
contig_4_segment0	18887494	20299146	0.107148	0.049174	0.028200	0.037944
contig_4_segment0	19114122	20713398	0.109291	0.049150	0.028404	0.040409
contig_4_segment0	19386745	20945659	0.150541	0.073069	0.041204	0.064630
contig_4_segment0	19634399	21139172	0.154223	0.072268	0.041798	0.065812
contig_4_segment0	19703209	21322737	0.142487	0.058620	0.035411	0.060158
contig_4_segment0	19971433	21517158	0.092082	0.039233	0.023908	0.033301
contig_4_segment0	20299574	21847841	0.094232	0.041930	0.024853	0.033931
contig_4_segment0	20713561	22288127	0.092539	0.038423	0.023247	0.034888
contig_4_segment0	20945661	22756641	0.049495	0.018523	0.011336	0.012525
contig_4_segment0	21139173	23142579	0.005206	0.001842	0.001148	-0.011275
contig_4_segment0	21322739	23525804	-0.033519	-0.011707	-0.007097	-0.031532
contig_4_segment0	21517162	23789104	-0.053419	-0.018026	-0.010976	-0.044001
contig_4_segment0	21848299	24538578	-0.080537	-0.023368	-0.014509	-0.060451
contig_4_segment0	22288130	24892359	-0.086462	-0.024021	-0.015060	-0.060866
contig_4_segment0	22756838	25302012	-0.107168	-0.026820	-0.017528	-0.069493
contig_4_segment0	23142714	25698019	-0.123026	-0.029948	-0.019643	-0.075533
contig_4_segment0	23525829	26314342	-0.083646	-0.017522	-0.011838	-0.058320
contig_4_segment0	23789129	26715208	-0.075540	-0.015015	-0.010025	-0.058139
contig_4_segment0	24540838	26741903	-0.030208	-0.007748	-0.005198	-0.029225
contig_4_segment0	24892361	27054646	-0.038248	-0.010145	-0.006776	-0.034157
contig_4_segment0	25302904	27426607	0.113629	0.036746	0.023362	0.043632
contig_4_segment0	25698689	27772066	0.169565	0.055159	0.034815	0.068556
contig_4_segment0	26314598	28069491	0.150685	0.056122	0.034712	0.061225
contig_4_segment0	26715226	28163269	0.186425	0.082828	0.051193	0.079407
contig_4_segment0	26741904	28583839	0.153375	0.050934	0.031864	0.061869
contig_4_segment0	27054730	28811864	0.141267	0.048499	0.030510	0.057450
contig_4_segment0	27426940	29039813	-0.036513	-0.011246	-0.007356	-0.029766
contig_4_segment0	27772131	29386972	-0.100263	-0.031345	-0.019878	-0.057631
contig_4_segment0	28069514	30012046	-0.126068	-0.033159	-0.021444	-0.068329
contig_4_segment0	28163290	30634356	-0.152180	-0.032655	-0.021530	-0.085992
contig_4_segment0	28585717	31157000	-0.137139	-0.027291	-0.018223	-0.078043
contig_4_segment0	28811868	31665847	-0.152626	-0.027103	-0.018185	-0.089023
contig_4_segment0	29039814	31991483	-0.139874	-0.024835	-0.016585	-0.083012
contig_4_segment0	29386989	32010525	-0.102314	-0.019940	-0.013603	-0.060952
contig_4_segment0	30012053	32100198	-0.062760	-0.015808	-0.010623	-0.029455
contig_4_segment0	30634866	32565614	-0.091112	-0.024986	-0.016502	-0.041151
contig_4_segment0	31157002	32979839	-0.043870	-0.013656	-0.008869	-0.019523
contig_4_segment0	31667289	33559501	-0.023231	-0.007712	-0.004980	-0.009045
contig_4_segment0	31991484	34085532	-0.030551	-0.009047	-0.006022	-0.010759
contig_4_segment0	32010537	34593207	-0.030134	-0.007358	-0.004883	-0.014619
contig_4_segment0	32100647	34976776	0.057379	0.014334	0.009233	0.013990
contig_4_segment0	32566019	35424854	0.044693	0.011542	0.007274	0.004935
contig_4_segment0	32979851	35825670	0.136978	0.037412	0.023487	0.055114
contig_4_segment0	33559503	36236951	0.108795	0.030767	0.018937	0.038167
contig_4_segment0	34085542	36523091	0.198850	0.069701	0.040501	0.095506
contig_4_segment0	34593218	36812434	0.295378	0.118527	0.066493	0.159536
contig_4_segment0	34977333	37132381	0.418557	0.186564	0.104788	0.250173
contig_4_segment0	35425306	37396090	0.523210	0.262612	0.146579	0.333763
contig_4_segment0	35825681	37929621	0.486390	0.221193	0.127681	0.298956
contig_4_segment0	36237618	38407082	0.513339	0.222131	0.131599	0.315126
contig_4_segment0	36523100	38897784	0.507465	0.193252	0.117340	0.303429
contig_4_segment0	36812618	39470497	0.464008	0.153618	0.096314	0.271264
contig_4_segment0	37132391	39976031	0.221088	0.054153	0.035654	0.104363
contig_4_segment0	37396987	40434487	0.029731	0.006181	0.004149	-0.005354
contig_4_segment0	37929625	40947259	0.015228	0.003259	0.002177	-0.012648
contig_4_segment0	38407108	41324568	0.014145	0.003109	0.002065	-0.011809
contig_4_segment0	38897785	41467703	-0.062623	-0.014226	-0.009489	-0.052316
contig_4_segment0	39470622	41732314	-0.114995	-0.029260	-0.019175	-0.082497
contig_4_segment0	39976881	42143407	-0.068154	-0.018253	-0.011739	-0.052784
contig_4_segment0	40434503	42463767	-0.060472	-0.017761	-0.011132	-0.051612
contig_4_segment0	40947269	42808499	-0.112125	-0.034819	-0.021151	-0.078781
contig_4_segment0	41325611	43180316	-0.016686	-0.005512	-0.003302	-0.032296
contig_4_segment0	41468124	43564415	0.075917	0.023446	0.014230	0.016552
contig_4_segment0	41732316	43906127	0.081257	0.023569	0.014345	0.018577
contig_4_segment0	42149076	44264418	0.098617	0.030608	0.018495	0.029536
contig_4_segment0	42463819	44646497	0.275993	0.097177	0.057288	0.144058
contig_4_segment0	42808522	44947043	0.438727	0.183175	0.104646	0.265650
contig_4_segment0	43184521	45128359	0.449629	0.208531	0.118116	0.271915
contig_4_segment0	43564419	45473017	0.407924	0.198321	0.110402	0.245344
contig_4_segment0	43906659	45888724	0.482681	0.253239	0.139727	0.305377
contig_4_segment0	44264471	46571858	0.490430	0.225891	0.128059	0.317620
contig_4_segment0	44646509	47199835	0.372230	0.132641	0.079941	0.225676
contig_4_segment0	44947099	47728357	0.267810	0.081747	0.050004	0.146823
contig_4_segment0	45128367	48259561	0.218791	0.057098	0.035771	0.113834
contig_4_segment0	45473026	48779482	0.182494	0.042344	0.027089	0.086181
contig_4_segment0	45888766	49319392	0.101264	0.020913	0.013740	0.038022
contig_4_segment0	46571863	49620966	0.015351	0.003300	0.002170	-0.011437
contig_4_segment0	47200707	49997170	0.111481	0.026914	0.017376	0.042567
contig_4_segment0	47728358	50406115	0.131078	0.033618	0.021660	0.056156
contig_4_segment0	48259714	51000315	0.097467	0.025945	0.016511	0.035777
contig_4_segment0	48779523	51424744	0.108958	0.032263	0.020169	0.044685
contig_4_segment0	49319394	51758309	0.139572	0.044524	0.026986	0.063149
contig_4_segment0	49620990	52374403	0.121075	0.035988	0.021892	0.052668
contig_4_segment0	49998183	53180338	0.090719	0.024763	0.015425	0.031918
contig_4_segment0	50406136	53722573	0.011045	0.002769	0.001736	-0.016908
contig_4_segment0	51005981	54369943	-0.008889	-0.002093	-0.001327	-0.030277
contig_4_segment0	51424767	54536683	-0.043348	-0.010719	-0.006803	-0.047886
contig_4_segment0	51759563	54972782	-0.094506	-0.022237	-0.014270	-0.076446
scaffold_13_segment0	8583	585509	0.020011	0.028038	0.012067	0.000300
scaffold_13_segment0	18694	707034	0.013649	0.016553	0.007201	-0.004335
scaffold_13_segment0	89008	932142	0.013326	0.013968	0.006235	-0.006571
scaffold_13_segment0	200506	1121376	0.015030	0.014242	0.006441	-0.005922
scaffold_13_segment0	303165	1236983	0.033557	0.030954	0.014808	0.004089
scaffold_13_segment0	453876	1587911	0.010017	0.007891	0.004132	-0.006574
scaffold_13_segment0	585778	1623876	-0.016298	-0.013583	-0.007430	-0.016094
