chr	windowStart	windowEnd	D	f_d	f_dM	d_f
contig_1888_segment0	13290	157306	0.275057	0.376106	0.208483	0.119249
contig_1888_segment0	157314	272683	0.189726	0.237153	0.137533	0.076951
contig_1888_segment0	276254	348463	0.172593	0.327769	0.192429	0.061863
contig_1888_segment0	348466	425537	0.164135	0.325007	0.180871	0.077020
contig_1888_segment0	425541	548680	0.143278	0.250561	0.138149	0.049728
contig_1888_segment0	548684	723924	0.299175	0.389638	0.216202	0.130143
contig_1888_segment0	724250	849803	0.233250	0.383911	0.184194	0.096314
contig_1888_segment0	849806	916188	0.152196	0.286659	0.118936	0.056675
contig_1888_segment0	916311	926480	0.015101	0.062666	0.030926	0.006245
contig_1888_segment0	926490	1011167	0.180977	0.359712	0.171572	0.065291
contig_1888_segment0	1011175	1062031	0.097186	0.281869	0.097602	0.024275
contig_1888_segment0	1062033	1241410	0.429740	0.347432	0.197437	0.221210
contig_1888_segment0	1245273	1322487	-0.225120	-0.201251	-0.128446	-0.118308
contig_1888_segment0	1323456	1475627	0.116297	0.071409	0.042017	0.039125
contig_1888_segment0	1475628	1793576	0.048915	0.015313	0.010143	0.010305
contig_1888_segment0	1793953	1964053	0.006535	0.005074	0.002335	-0.008704
contig_1888_segment0	1964270	2061805	0.043248	0.033989	0.022183	0.015384
contig_1888_segment0	2061934	2267504	-0.077441	-0.044076	-0.024384	-0.046666
contig_1888_segment0	2267592	2402973	-0.028443	-0.022567	-0.010357	-0.025291
contig_1888_segment0	2403032	2533903	0.106900	0.099906	0.049171	0.038707
contig_1888_segment0	2533913	2648567	-0.018248	-0.017471	-0.008190	-0.024535
contig_1888_segment0	2649091	2750809	0.073396	0.066007	0.033907	0.011303
contig_1888_segment0	2750824	2831556	-0.107839	-0.113107	-0.048043	-0.065930
contig_1888_segment0	2831611	2890714	0.005338	0.007388	0.002832	-0.013272
contig_1888_segment0	2890733	2949581	-0.032242	-0.045736	-0.017904	-0.039551
contig_1888_segment0	2949636	3024064	0.062915	0.058101	0.029663	0.015263
contig_1888_segment0	3024356	3085157	-0.133929	-0.151376	-0.065748	-0.058743
contig_1888_segment0	3085227	3143642	0.085934	0.114260	0.050580	0.026614
contig_1888_segment0	3143716	3192119	0.049631	0.062166	0.031901	0.018526
contig_1888_segment0	3192290	3244316	0.023220	0.029688	0.013552	-0.004883
contig_1888_segment0	3244673	3339478	-0.018586	-0.020496	-0.008518	-0.027239
contig_1888_segment0	3339508	3438451	-0.026674	-0.022490	-0.009511	-0.024056
contig_1888_segment0	3438460	3564140	0.036914	0.033662	0.013384	-0.001212
contig_1888_segment0	3564215	3703140	0.131883	0.117922	0.053456	0.050475
contig_1888_segment0	3703237	3801467	0.073871	0.053732	0.028327	0.018073
contig_1888_segment0	3801563	3890782	-0.011197	-0.012696	-0.005169	-0.017828
contig_1888_segment0	3891065	3980851	-0.081216	-0.088189	-0.041358	-0.042140
contig_1888_segment0	3980871	4084482	0.037004	0.032170	0.015260	0.016303
contig_1888_segment0	4084495	4139504	0.060805	0.065014	0.032009	0.022627
contig_1888_segment0	4139524	4195769	-0.027929	-0.033843	-0.015261	-0.030329
contig_1888_segment0	4195811	4253852	-0.066871	-0.077840	-0.035921	-0.036042
contig_1888_segment0	4253882	4325598	0.020713	0.021945	0.010577	0.001795
contig_1888_segment0	4326377	4388627	-0.172603	-0.241258	-0.091872	-0.099296
contig_1888_segment0	4388809	4472128	0.006045	0.006108	0.002644	-0.005510
contig_1888_segment0	4472133	4562139	-0.070653	-0.064283	-0.028268	-0.044161
contig_1888_segment0	4562262	4650349	0.076702	0.075534	0.034424	0.012687
contig_1888_segment0	4650382	4737948	0.062512	0.065971	0.030635	0.013475
contig_1888_segment0	4737960	4808543	0.025472	0.026688	0.012313	-0.007748
contig_1888_segment0	4808558	4848898	0.069634	0.100931	0.049442	0.023310
contig_1888_segment0	4848973	4915318	0.032344	0.040122	0.017452	0.008475
contig_1888_segment0	4915349	4970290	0.049792	0.053633	0.026680	0.012461
contig_1888_segment0	4970375	5046263	0.077272	0.076593	0.034525	0.019238
contig_1888_segment0	5046268	5101388	-0.030989	-0.041570	-0.016317	-0.028273
contig_1888_segment0	5101623	5165452	0.047039	0.046663	0.020828	-0.000595
contig_1888_segment0	5165462	5237262	0.083959	0.078240	0.043199	0.022372
contig_1888_segment0	5237280	5302281	-0.074850	-0.103929	-0.034991	-0.053318
contig_1888_segment0	5302399	5361128	0.036398	0.043591	0.018901	-0.009912
contig_1888_segment0	5361296	5424365	-0.007149	-0.010417	-0.003806	-0.023696
contig_1888_segment0	5424374	5483848	-0.039237	-0.051693	-0.020154	-0.033644
contig_1888_segment0	5484135	5532037	0.094501	0.108873	0.057094	0.036825
contig_1888_segment0	5532047	5579461	-0.043510	-0.055934	-0.023987	-0.035343
contig_1888_segment0	5579464	5639288	-0.133537	-0.212256	-0.064355	-0.077130
contig_1888_segment0	5639317	5693923	-0.014523	-0.020306	-0.008378	-0.011194
contig_1888_segment0	5694023	5760905	-0.023719	-0.028109	-0.011733	-0.020631
contig_1888_segment0	5761108	5843523	-0.039011	-0.040017	-0.017481	-0.032152
contig_1888_segment0	5843548	5941287	-0.011318	-0.009864	-0.004442	-0.022993
contig_1888_segment0	5941361	6040002	-0.120213	-0.115927	-0.051865	-0.081874
contig_1888_segment0	6040035	6116329	-0.053183	-0.067875	-0.025541	-0.029405
contig_1888_segment0	6116739	6175874	-0.155469	-0.235240	-0.083949	-0.095642
contig_1888_segment0	6176125	6232968	-0.042434	-0.057727	-0.022833	-0.038257
contig_1888_segment0	6233003	6286030	0.020829	0.029769	0.012946	0.000538
contig_1888_segment0	6286113	6368851	-0.081510	-0.095001	-0.036720	-0.048640
contig_1888_segment0	6368886	6450985	-0.059743	-0.064761	-0.029253	-0.047302
contig_1888_segment0	6450997	6526072	-0.037184	-0.041185	-0.017268	-0.030070
contig_1888_segment0	6526226	6619189	0.082697	0.077355	0.037302	0.016953
contig_1888_segment0	6619667	6710548	0.050097	0.041612	0.022166	0.006066
contig_1888_segment0	6710578	6807449	0.095058	0.095501	0.047876	0.032873
contig_1888_segment0	6807663	6889311	-0.035157	-0.032914	-0.015301	-0.030347
contig_1888_segment0	6889719	6955186	-0.027341	-0.025909	-0.013800	-0.026050
contig_1888_segment0	6955286	7030455	-0.006146	-0.005949	-0.003132	-0.011390
contig_1888_segment0	7030549	7103836	-0.039209	-0.039199	-0.020125	-0.031998
contig_1888_segment0	7103892	7157394	0.046196	0.046391	0.024084	0.023238
contig_1888_segment0	7157436	7208097	-0.023840	-0.025596	-0.013105	-0.016900
contig_1888_segment0	7208137	7254217	-0.028039	-0.035841	-0.015719	-0.019181
contig_1888_segment0	7254263	7309504	-0.025577	-0.029213	-0.013731	-0.023282
contig_1888_segment0	7309563	7353702	0.053678	0.070395	0.030321	0.018515
contig_1888_segment0	7353740	7405771	-0.025069	-0.030939	-0.012839	-0.027380
contig_1888_segment0	7405820	7445676	0.051500	0.066635	0.029507	0.008460
contig_1888_segment0	7445681	7494347	0.085612	0.081886	0.041196	0.025538
contig_1888_segment0	7494350	7535537	0.007503	0.008345	0.004209	-0.004710
contig_1888_segment0	7535542	7573886	0.032113	0.037930	0.017962	0.004053
contig_1888_segment0	7573898	7615405	0.033380	0.038149	0.019284	0.008073
contig_1888_segment0	7615485	7659636	0.033499	0.035552	0.017506	0.003928
contig_1888_segment0	7659674	7700817	0.013008	0.017102	0.007522	-0.006176
contig_1888_segment0	7700836	7742588	0.102645	0.134072	0.065088	0.034191
contig_1888_segment0	7742632	7779070	0.064183	0.074839	0.032872	0.012621
contig_1888_segment0	7779171	7820929	0.076081	0.103267	0.044495	0.014124
contig_1888_segment0	7821020	7867845	0.013821	0.017546	0.007723	-0.006802
contig_1888_segment0	7867870	7915764	-0.076524	-0.096378	-0.045463	-0.047817
contig_1888_segment0	7915786	7959641	0.032746	0.037157	0.016429	0.004031
contig_1888_segment0	7959648	8004835	0.080077	0.106675	0.045068	0.014486
contig_1888_segment0	8004873	8055413	0.011324	0.014698	0.006543	-0.018484
contig_1888_segment0	8055443	8103470	0.018349	0.022170	0.010164	-0.006373
contig_1888_segment0	8103479	8153386	-0.100666	-0.142282	-0.055676	-0.063267
contig_1888_segment0	8153400	8199718	0.034062	0.042997	0.019326	0.014953
contig_1888_segment0	8199737	8245585	0.017504	0.020672	0.009567	0.000259
contig_1888_segment0	8245760	8285596	0.014244	0.016802	0.008016	-0.003676
contig_1888_segment0	8285623	8333628	0.108070	0.127116	0.064257	0.049440
contig_1888_segment0	8333634	8389868	-0.005490	-0.006198	-0.002864	-0.006818
contig_1888_segment0	8389909	8441765	0.061948	0.069018	0.033165	0.016922
contig_1888_segment0	8441954	8498620	-0.021960	-0.031378	-0.012114	-0.013995
contig_1888_segment0	8498622	8564969	-0.006819	-0.009109	-0.003666	-0.008289
contig_1888_segment0	8564982	8616215	0.005427	0.006318	0.002941	-0.004514
contig_1888_segment0	8616527	8671340	0.029519	0.036275	0.017383	0.008851
contig_1888_segment0	8671343	8729564	0.029360	0.034165	0.016872	0.005779
contig_1888_segment0	8729604	8782082	0.003200	0.005198	0.002220	-0.003530
contig_1888_segment0	8782099	8870111	-0.009349	-0.013248	-0.005376	-0.011155
contig_1888_segment0	8870156	8965550	-0.014768	-0.013016	-0.006044	-0.031130
contig_1888_segment0	8965570	9039299	0.011120	0.011764	0.005727	0.000535
contig_1888_segment0	9039313	9115895	-0.023480	-0.027134	-0.011332	-0.018138
contig_1888_segment0	9115920	9229933	-0.030733	-0.024128	-0.012147	-0.035217
contig_1888_segment0	9230020	9305545	0.005163	0.005652	0.002573	-0.004429
contig_1888_segment0	9305548	9438578	-0.042205	-0.037785	-0.017259	-0.035115
contig_1888_segment0	9438620	9545281	0.173178	0.172166	0.078331	0.082001
contig_1888_segment0	9545471	9654295	0.093496	0.098131	0.040996	0.029778
contig_1888_segment0	9654317	9756739	0.002378	0.002247	0.001076	-0.009882
contig_1888_segment0	9756740	9833821	0.032673	0.029426	0.015501	0.002346
contig_1888_segment0	9833823	9900955	-0.048522	-0.054552	-0.023211	-0.039706
contig_1888_segment0	9901131	9965214	-0.024249	-0.027851	-0.011164	-0.027147
contig_1888_segment0	9965258	10028191	0.044250	0.052956	0.023140	0.006174
contig_1888_segment0	10028446	10116130	0.132475	0.128323	0.062707	0.043365
contig_1888_segment0	10116158	10213733	0.037867	0.039145	0.019024	0.003002
contig_1888_segment0	10213862	10331680	0.046488	0.045783	0.022177	0.009567
contig_1888_segment0	10331721	10451750	0.030868	0.023030	0.012949	0.002362
contig_1888_segment0	10451889	10545434	0.139279	0.152508	0.065115	0.053207
contig_1888_segment0	10545440	10603950	0.050870	0.053059	0.026206	0.009975
contig_1888_segment0	10603954	10662901	-0.042926	-0.046422	-0.022662	-0.028328
contig_1888_segment0	10662915	10715891	-0.041135	-0.044915	-0.018299	-0.040583
contig_1888_segment0	10715959	10778436	0.021021	0.021126	0.011048	-0.006691
contig_1888_segment0	10778511	10827728	0.044012	0.051947	0.024803	0.003580
contig_1888_segment0	10827778	10882104	-0.069623	-0.092555	-0.037332	-0.047283
contig_1888_segment0	10882115	10956466	0.049261	0.044674	0.023967	0.012787
contig_1888_segment0	10956547	11040078	0.031924	0.031907	0.014473	0.001232
contig_1888_segment0	11040674	11300982	-0.022142	-0.010667	-0.006056	-0.020003
contig_1888_segment0	11301004	11609163	0.332290	0.193903	0.122881	0.160105
contig_1888_segment0	11609168	11615618	0.019246	0.093632	0.062390	0.008615
contig_235_segment0	3836	9012	0.001382	0.005708	0.002961	-0.005800
contig_235_segment0	9053	17060	0.050673	0.221913	0.119421	0.028708
contig_235_segment0	17064	41105	0.029408	0.130975	0.065799	0.008955
contig_235_segment0	41107	53216	0.055074	0.225343	0.101260	0.022159
contig_235_segment0	53227	58996	0.036138	0.144302	0.080410	0.015035
contig_235_segment0	59007	66459	0.016588	0.080218	0.039852	0.005678
contig_235_segment0	66461	73751	-0.026227	-0.153254	-0.060290	-0.014777
contig_235_segment0	73774	88203	0.004381	0.019134	0.009349	0.002010
contig_235_segment0	88204	95838	-0.054530	-0.306338	-0.130250	-0.023402
contig_235_segment0	95839	114992	-0.004546	-0.015638	-0.007417	-0.001493
contig_235_segment0	115050	127477	0.068993	0.304255	0.139062	0.036633
contig_235_segment0	127480	134692	-0.015087	-0.073579	-0.034751	-0.006906
contig_235_segment0	134694	148006	0.001484	0.007067	0.003279	-0.001814
contig_235_segment0	148008	169324	0.022828	0.081898	0.043816	0.005885
scaffold_335_segment0	61891	174267	0.206908	0.294055	0.154592	0.089163
scaffold_335_segment0	174286	297840	0.137952	0.207716	0.106832	0.046783
scaffold_335_segment0	298878	329156	0.031807	0.104060	0.043844	0.013409
scaffold_335_segment0	329172	624495	0.498183	0.407959	0.191088	0.300869
scaffold_335_segment0	624506	872785	0.448717	0.324681	0.168787	0.286967
scaffold_335_segment0	872794	995949	0.278526	0.271056	0.120569	0.111098
scaffold_335_segment0	995969	1158173	0.456196	0.339608	0.167816	0.260354
scaffold_335_segment0	1158712	1257245	0.113962	0.103654	0.046362	0.044945
scaffold_335_segment0	1257283	1280246	0.077632	0.193636	0.089211	0.034376
scaffold_335_segment0	1280251	1285831	0.015005	0.076720	0.042367	0.006396
scaffold_335_segment0	1285841	1291695	0.004013	0.022330	0.012118	-0.000476
scaffold_335_segment0	1291696	1352255	0.119258	0.163101	0.067505	0.039268
scaffold_335_segment0	1352274	1453283	-0.072327	-0.080843	-0.029642	-0.049599
scaffold_335_segment0	1453559	1616979	0.029590	0.024448	0.012238	-0.001453
scaffold_335_segment0	1618248	1761231	0.049500	0.038811	0.019063	0.009193
scaffold_335_segment0	1761534	1884523	0.007214	0.007036	0.003204	-0.015681
scaffold_335_segment0	1884631	2029993	0.090894	0.072114	0.033329	0.024481
scaffold_335_segment0	2031558	2144547	0.050650	0.057763	0.024761	0.018106
scaffold_335_segment0	2144552	2263230	0.033595	0.031527	0.014724	0.002244
scaffold_335_segment0	2263285	2358833	0.040782	0.041755	0.019637	0.009072
scaffold_335_segment0	2358839	2442454	0.012232	0.014063	0.005579	-0.013096
scaffold_335_segment0	2442463	2503343	-0.012649	-0.014041	-0.006227	-0.022567
scaffold_335_segment0	2503375	2566342	0.001864	0.002336	0.001001	-0.011343
scaffold_335_segment0	2566343	2646310	0.110924	0.145680	0.072606	0.040991
scaffold_335_segment0	2646395	2709269	0.053842	0.067610	0.030554	0.011516
scaffold_335_segment0	2709513	2796420	0.081986	0.092653	0.035473	0.014978
scaffold_335_segment0	2796438	2816367	0.002573	0.006266	0.002682	-0.006174
scaffold_335_segment0	2816510	2902175	-0.145910	-0.140045	-0.069004	-0.090407
scaffold_335_segment0	2902213	2995757	0.117999	0.103414	0.058850	0.051113
scaffold_335_segment0	2995758	3121953	0.178658	0.173477	0.081223	0.088212
scaffold_335_segment0	3122229	3212894	0.139286	0.151696	0.057277	0.041585
scaffold_335_segment0	3212982	3331720	0.051477	0.045122	0.020227	0.010553
scaffold_335_segment0	3331745	3416723	0.195578	0.181131	0.081891	0.078300
scaffold_335_segment0	3416776	3483561	0.000232	0.000270	0.000115	-0.016711
scaffold_335_segment0	3483596	3552991	0.104349	0.127948	0.055302	0.047593
scaffold_335_segment0	3553007	3615302	-0.004898	-0.005773	-0.002383	-0.024351
scaffold_335_segment0	3615377	3683618	-0.103873	-0.135181	-0.052803	-0.059417
scaffold_335_segment0	3684042	3756249	0.010812	0.010851	0.004595	-0.007427
scaffold_335_segment0	3756291	3847713	-0.025607	-0.026555	-0.009110	-0.037374
scaffold_335_segment0	3847764	3915266	0.115733	0.098378	0.049386	0.032922
scaffold_335_segment0	3915358	3995023	0.060593	0.071632	0.029800	0.010606
scaffold_335_segment0	3995033	4061477	0.110017	0.105070	0.053120	0.045130
scaffold_335_segment0	4061620	4149593	-0.032891	-0.032961	-0.013911	-0.028218
scaffold_335_segment0	4149595	4186707	-0.015632	-0.036049	-0.009648	-0.018085
scaffold_335_segment0	4186719	4276022	0.051875	0.050883	0.022156	0.006192
scaffold_335_segment0	4276697	4409005	0.016062	0.012205	0.005177	-0.004800
scaffold_335_segment0	4409241	4546021	0.155591	0.131285	0.052205	0.055522
scaffold_335_segment0	4546022	4620339	0.041302	0.040809	0.018020	0.005608
scaffold_335_segment0	4620354	4714349	0.054476	0.057385	0.021991	0.013599
scaffold_335_segment0	4714353	4778723	-0.002683	-0.003584	-0.001233	-0.019097
scaffold_335_segment0	4778735	4843452	0.022207	0.024471	0.010194	-0.008230
scaffold_335_segment0	4843495	4899794	0.080890	0.071872	0.037685	0.031928
scaffold_335_segment0	4899894	4968857	-0.054924	-0.065363	-0.023223	-0.044698
scaffold_335_segment0	4968982	5041067	-0.045160	-0.049005	-0.020820	-0.032374
scaffold_335_segment0	5041294	5100416	-0.044234	-0.045110	-0.021712	-0.037358
scaffold_335_segment0	5100443	5152059	0.021800	0.027130	0.011000	-0.006977
scaffold_335_segment0	5152070	5195675	-0.000343	-0.000416	-0.000196	-0.012496
scaffold_335_segment0	5196111	5216194	-0.087552	-0.125042	-0.057413	-0.050467
scaffold_335_segment0	5216208	5266763	0.081103	0.112274	0.046517	0.019889
scaffold_335_segment0	5266804	5369138	0.101206	0.090806	0.042435	0.030112
scaffold_335_segment0	5369164	5465773	0.058255	0.053146	0.023622	0.013763
scaffold_335_segment0	5465827	5558764	0.059363	0.052061	0.024548	0.015191
scaffold_335_segment0	5558822	5613433	0.333979	0.341626	0.162785	0.172821
scaffold_335_segment0	5613984	5678070	0.081047	0.080516	0.034540	0.022691
scaffold_335_segment0	5678071	5739018	0.076971	0.084255	0.035218	0.013321
scaffold_335_segment0	5739033	5821541	0.050846	0.046508	0.019742	0.010421
scaffold_335_segment0	5822250	5910714	0.005124	0.005079	0.002284	-0.008265
scaffold_335_segment0	5910745	5973334	0.131577	0.138666	0.057117	0.047483
scaffold_335_segment0	5973341	6030084	0.000708	0.000830	0.000339	-0.019688
scaffold_335_segment0	6030193	6088723	-0.012076	-0.014840	-0.006947	-0.009285
scaffold_335_segment0	6088822	6130705	-0.027999	-0.043980	-0.017067	-0.032246
scaffold_335_segment0	6130726	6184382	-0.009769	-0.013338	-0.005144	-0.020520
scaffold_335_segment0	6184409	6245545	0.024030	0.025314	0.013271	0.003413
scaffold_335_segment0	6245551	6300290	-0.004798	-0.006184	-0.002372	-0.018031
scaffold_335_segment0	6300491	6352868	0.002044	0.002604	0.001154	-0.011148
scaffold_335_segment0	6352885	6409150	0.060335	0.054852	0.030556	0.018664
scaffold_335_segment0	6409182	6456901	-0.078853	-0.132618	-0.053655	-0.050124
scaffold_335_segment0	6456954	6516212	-0.010132	-0.011941	-0.005408	-0.025034
scaffold_335_segment0	6516224	6561907	0.030734	0.030050	0.016421	0.002905
scaffold_335_segment0	6561945	6598195	0.026505	0.050461	0.015720	0.003005
scaffold_335_segment0	6598198	6645372	0.155527	0.170877	0.085502	0.064148
scaffold_335_segment0	6645373	6662620	0.065422	0.142659	0.063256	0.031032
scaffold_335_segment0	6662634	6686300	-0.075607	-0.098776	-0.046575	-0.045451
scaffold_335_segment0	6686386	6703213	-0.077478	-0.186788	-0.071964	-0.046370
scaffold_335_segment0	6703216	6747634	0.022897	0.040206	0.017082	0.005375
scaffold_335_segment0	6747638	6835221	-0.028193	-0.027839	-0.012110	-0.031763
scaffold_335_segment0	6835251	6916058	0.074593	0.071011	0.038367	0.027095
scaffold_335_segment0	6916072	6995263	0.084814	0.084793	0.039979	0.028805
scaffold_335_segment0	6995317	7078767	-0.013968	-0.013103	-0.006774	-0.012493
scaffold_335_segment0	7078788	7144429	0.111223	0.087558	0.047040	0.045774
scaffold_335_segment0	7144434	7216405	0.037007	0.034843	0.017043	0.003654
scaffold_335_segment0	7216492	7279045	-0.057176	-0.071367	-0.028496	-0.041126
scaffold_335_segment0	7279466	7338184	0.147883	0.149181	0.067907	0.048217
scaffold_335_segment0	7338212	7400100	0.018384	0.020397	0.009909	-0.000682
scaffold_335_segment0	7400506	7518004	0.049979	0.045781	0.020338	0.003068
scaffold_335_segment0	7518016	7643529	0.005356	0.004441	0.002239	-0.012119
scaffold_335_segment0	7643979	7765989	-0.026419	-0.021342	-0.009675	-0.036699
scaffold_335_segment0	7766444	7860038	0.054897	0.051359	0.019925	0.000481
scaffold_335_segment0	7860043	7967509	-0.022223	-0.021697	-0.009734	-0.023276
scaffold_335_segment0	7967596	8110882	-0.052807	-0.047181	-0.021005	-0.036224
scaffold_335_segment0	8111072	8190373	-0.027765	-0.023925	-0.011638	-0.034320
scaffold_335_segment0	8190474	8321022	0.087808	0.056830	0.029869	0.021935
scaffold_335_segment0	8321068	8452194	0.041519	0.030611	0.013385	0.004289
scaffold_335_segment0	8452215	8569127	0.002212	0.001548	0.000817	-0.007798
scaffold_335_segment0	8569129	8659288	0.063648	0.057452	0.025712	0.010827
scaffold_335_segment0	8659344	8768663	-0.107104	-0.100632	-0.044983	-0.075119
scaffold_335_segment0	8768666	8881975	0.085489	0.073118	0.035174	0.028047
scaffold_335_segment0	8882120	8982399	-0.034519	-0.037751	-0.013932	-0.039757
scaffold_335_segment0	8982404	9085794	-0.062453	-0.051282	-0.022778	-0.040513
scaffold_335_segment0	9085837	9176614	0.137843	0.147396	0.065461	0.043342
scaffold_335_segment0	9176804	9254030	0.118723	0.127562	0.059214	0.045457
scaffold_335_segment0	9254087	9418730	0.456391	0.353051	0.152768	0.233447
scaffold_335_segment0	9418977	9557704	-0.101176	-0.064972	-0.033687	-0.057903
scaffold_335_segment0	9558786	9698056	0.269398	0.242995	0.115896	0.133149
scaffold_335_segment0	9698116	9808710	0.013035	0.009941	0.005101	-0.010309
scaffold_335_segment0	9808737	9944404	0.072378	0.072693	0.032157	0.028503
scaffold_335_segment0	9944406	10120850	0.047880	0.031959	0.016140	0.008393
scaffold_335_segment0	10120880	10260363	0.257497	0.231970	0.107676	0.136836
scaffold_335_segment0	10260398	10374217	0.051079	0.049791	0.018923	0.015891
scaffold_335_segment0	10374464	10468894	0.017214	0.018332	0.010925	0.009791
scaffold_335_segment0	10469988	10635907	0.138978	0.099906	0.049622	0.056522
scaffold_335_segment0	10636008	10736254	-0.031474	-0.027387	-0.013083	-0.022155
scaffold_335_segment0	10736256	10877306	-0.214200	-0.147666	-0.076030	-0.134655
scaffold_335_segment0	10877322	10994343	0.404472	0.468077	0.216680	0.240610
scaffold_335_segment0	10994443	11044675	0.060184	0.087314	0.046422	0.016696
scaffold_335_segment0	11044676	11244333	-0.094340	-0.050977	-0.026278	-0.061440
scaffold_335_segment0	11244339	11395994	0.227093	0.138165	0.073015	0.100886
scaffold_335_segment0	11396004	11488007	0.258146	0.226427	0.094340	0.097743
scaffold_335_segment0	11488045	11583317	0.136422	0.148327	0.054760	0.053318
scaffold_335_segment0	11583341	11653894	0.008512	0.009487	0.003911	-0.018529
scaffold_335_segment0	11654125	11767806	0.338152	0.223043	0.123485	0.163429
scaffold_335_segment0	11767814	11891265	0.150534	0.120698	0.060193	0.066126
scaffold_335_segment0	11891287	12016906	0.380814	0.318971	0.155520	0.219140
scaffold_335_segment0	12016953	12131032	0.265291	0.236598	0.094037	0.107467
scaffold_335_segment0	12131153	12259527	-0.005099	-0.004087	-0.001802	-0.021244
scaffold_335_segment0	12259611	12353343	-0.108219	-0.081584	-0.041820	-0.058884
scaffold_335_segment0	12353395	12433811	0.046809	0.049886	0.021719	0.014130
scaffold_335_segment0	12433818	12509424	-0.158153	-0.173858	-0.081992	-0.078565
scaffold_335_segment0	12509434	12628990	0.036938	0.028916	0.013450	0.001002
scaffold_335_segment0	12629135	12821247	0.277185	0.131960	0.062289	0.117140
scaffold_335_segment0	12821346	12938915	0.083360	0.061264	0.029087	0.024720
scaffold_335_segment0	12939247	13068473	0.188118	0.187500	0.081457	0.076868
scaffold_335_segment0	13068532	13215192	0.563487	0.614365	0.246261	0.330037
scaffold_335_segment0	13215569	13347738	0.139520	0.130579	0.052512	0.049039
scaffold_335_segment0	13347763	13501358	0.193422	0.140476	0.062971	0.088633
scaffold_335_segment0	13501982	13655197	0.193831	0.150915	0.060349	0.076193
scaffold_335_segment0	13655640	13812842	0.192062	0.140976	0.065664	0.096395
scaffold_335_segment0	13813006	13961940	0.263445	0.185543	0.088991	0.115010
scaffold_335_segment0	13961985	14115365	0.088093	0.063159	0.025515	0.027709
scaffold_335_segment0	14115650	14303154	0.051921	0.033556	0.014583	0.013026
scaffold_335_segment0	14303236	14532869	0.044980	0.021746	0.011588	0.006280
scaffold_335_segment0	14532920	14754616	0.096470	0.044028	0.024379	0.032122
scaffold_335_segment0	14755868	15008064	-0.214911	-0.086759	-0.047299	-0.108272
scaffold_335_segment0	15008620	15294472	0.157523	0.065676	0.035178	0.070283
scaffold_335_segment0	15294482	15452400	-0.150530	-0.102968	-0.047890	-0.101259
scaffold_335_segment0	15452558	15683630	0.011861	0.008149	0.004216	-0.007494
scaffold_335_segment0	15683719	15879594	0.011043	0.008061	0.003628	-0.006858
scaffold_335_segment0	15879610	16129343	-0.049673	-0.025288	-0.014346	-0.047835
scaffold_335_segment0	16132135	16385590	0.108526	0.054269	0.025523	0.033128
scaffold_335_segment0	16385991	16549344	0.298279	0.171371	0.083501	0.170046
scaffold_335_segment0	16549494	16678147	0.166862	0.107583	0.058322	0.074474
scaffold_335_segment0	16678307	16829785	-0.052787	-0.031430	-0.018382	-0.035942
scaffold_335_segment0	16829790	16928328	0.021749	0.016457	0.009139	0.009944
scaffold_335_segment0	16928755	16998558	0.081686	0.088748	0.039266	0.030405
scaffold_335_segment0	16998664	17108703	0.071722	0.061623	0.025903	0.010792
scaffold_335_segment0	17108853	17211450	0.088457	0.078012	0.035759	0.024222
scaffold_335_segment0	17211615	17309322	0.143073	0.120076	0.060223	0.069700
scaffold_335_segment0	17309427	17450615	0.060389	0.037992	0.017451	0.014207
scaffold_335_segment0	17450625	17569947	0.257559	0.214231	0.097843	0.125170
scaffold_335_segment0	17570313	17711828	0.039835	0.035253	0.017005	0.008529
scaffold_335_segment0	17711829	17807969	-0.110363	-0.141035	-0.061113	-0.073871
scaffold_335_segment0	17808008	17909039	0.132421	0.124847	0.063874	0.066584
scaffold_335_segment0	17909677	18025424	-0.105124	-0.069272	-0.032898	-0.059321
scaffold_335_segment0	18025426	18119781	-0.052437	-0.045421	-0.023410	-0.029380
scaffold_335_segment0	18119916	18196221	0.028834	0.032158	0.016038	0.010040
scaffold_335_segment0	18196713	18315090	-0.086799	-0.075647	-0.029805	-0.055850
scaffold_335_segment0	18315222	18443546	0.134488	0.098528	0.050472	0.072518
scaffold_335_segment0	18443548	18565447	0.054986	0.054896	0.027732	0.021877
scaffold_335_segment0	18565449	18701272	-0.007375	-0.005061	-0.002944	-0.014588
scaffold_335_segment0	18701719	18845662	0.331632	0.246247	0.106822	0.179527
scaffold_335_segment0	18845800	18968749	0.073768	0.050108	0.023856	0.015339
scaffold_335_segment0	18968765	19135568	-0.071059	-0.039478	-0.020590	-0.045499
scaffold_335_segment0	19136037	19297840	0.038189	0.034026	0.012387	-0.006466
scaffold_335_segment0	19297850	19514375	-0.050147	-0.053634	-0.021063	-0.044501
scaffold_335_segment0	19514638	19697191	0.363806	0.196761	0.094102	0.198046
scaffold_335_segment0	19697192	19881737	0.475224	0.311571	0.150625	0.315183
scaffold_335_segment0	19881916	20067344	0.317896	0.174395	0.086518	0.155878
scaffold_335_segment0	20067508	20231160	0.210350	0.144703	0.077147	0.117038
scaffold_335_segment0	20231269	20394111	0.061081	0.036901	0.020029	0.013679
scaffold_335_segment0	20394398	20610672	-0.054575	-0.034862	-0.015892	-0.058508
scaffold_335_segment0	20611214	20780637	-0.003500	-0.002617	-0.001141	-0.010715
scaffold_335_segment0	20781301	20891445	-0.075690	-0.087384	-0.027712	-0.065602
scaffold_335_segment0	20891446	21037042	-0.077058	-0.054654	-0.029934	-0.046843
scaffold_335_segment0	21037052	21222114	0.162502	0.100298	0.054672	0.062366
scaffold_335_segment0	21222144	21361217	-0.317169	-0.280574	-0.116512	-0.164765
scaffold_335_segment0	21361218	21485466	0.235417	0.166973	0.083061	0.096019
scaffold_335_segment0	21485512	21635728	0.364142	0.308378	0.137224	0.231780
scaffold_335_segment0	21635735	21789825	0.305154	0.218766	0.108141	0.185923
scaffold_335_segment0	21789833	21909485	0.506442	0.450131	0.195897	0.316138
scaffold_335_segment0	21909537	22055745	0.314034	0.215919	0.084368	0.173375
scaffold_335_segment0	22056398	22220385	0.214322	0.133374	0.059692	0.078050
scaffold_335_segment0	22220393	22363028	-0.097276	-0.069693	-0.033104	-0.059893
scaffold_335_segment0	22363031	22646325	-0.070422	-0.033734	-0.021286	-0.053163
scaffold_335_segment0	22646445	22843846	-0.073854	-0.050083	-0.028615	-0.040467
scaffold_335_segment0	22843967	22974802	0.074576	0.075755	0.040005	0.034827
scaffold_335_segment0	22974813	23117261	0.263107	0.233241	0.116222	0.122490
scaffold_335_segment0	23117263	23458847	0.277813	0.097768	0.055308	0.156824
scaffold_335_segment0	23460415	23872574	0.266494	0.047698	0.036099	0.142503
scaffold_335_segment0	23872602	24280255	-0.339506	-0.080196	-0.060019	-0.164567
scaffold_335_segment0	24280317	24704911	0.091942	0.018944	0.012023	0.018356
scaffold_335_segment0	24704916	25080774	-0.053170	-0.024473	-0.012623	-0.053566
scaffold_335_segment0	25084482	25467487	0.271149	0.080095	0.054235	0.131913
scaffold_335_segment0	25467509	25821577	0.241027	0.068858	0.041133	0.134998
scaffold_335_segment0	25821581	26175713	0.271131	0.077461	0.048156	0.154861
scaffold_335_segment0	26177577	26433685	-0.025917	-0.009776	-0.006150	-0.017780
scaffold_335_segment0	26434103	26590699	0.258650	0.105365	0.063183	0.106675
scaffold_335_segment0	26590812	26752719	-0.054743	-0.028452	-0.014675	-0.053619
scaffold_335_segment0	26752839	26859637	0.021229	0.020736	0.009927	-0.009836
scaffold_335_segment0	26859641	26958184	-0.112945	-0.107559	-0.053110	-0.067457
scaffold_335_segment0	26958366	27092488	0.251749	0.158938	0.089135	0.160609
scaffold_335_segment0	27092774	27249073	0.304278	0.283103	0.109306	0.153660
scaffold_335_segment0	27249163	27396805	0.338243	0.287574	0.156828	0.200589
scaffold_335_segment0	27397022	27531579	0.364805	0.320086	0.176279	0.222588
scaffold_335_segment0	27531624	27641606	0.210605	0.189457	0.096722	0.096204
scaffold_335_segment0	27641809	27750394	0.470828	0.360012	0.178518	0.240191
scaffold_335_segment0	27750413	27923726	0.286340	0.174357	0.098218	0.145145
scaffold_335_segment0	27924464	28185454	0.313952	0.101369	0.065396	0.122285
scaffold_335_segment0	28185470	28373552	0.025341	0.015393	0.010188	0.006056
scaffold_335_segment0	28373553	28582229	0.556756	0.381574	0.199057	0.346377
scaffold_335_segment0	28582235	28834889	0.004916	0.002170	0.001259	-0.018731
scaffold_335_segment0	28834897	29039276	0.198746	0.092238	0.062249	0.081458
scaffold_335_segment0	29039278	29058519	-0.011847	-0.090997	-0.047798	-0.005538
scaffold_335_segment0	29058544	29363157	-0.318989	-0.111820	-0.075930	-0.207902
scaffold_335_segment0	29363242	29540660	0.481712	0.356683	0.195107	0.272468
scaffold_335_segment0	29540666	29713503	0.560031	0.386850	0.204550	0.306296
scaffold_335_segment0	29713508	29895256	0.603061	0.434713	0.241022	0.410607
scaffold_335_segment0	29895257	30087313	0.237689	0.130678	0.062508	0.100988
scaffold_335_segment0	30087483	30321430	0.535268	0.367610	0.177521	0.300210
scaffold_335_segment0	30321431	30517501	0.203745	0.179793	0.079935	0.094117
scaffold_335_segment0	30517542	30638035	0.293179	0.257902	0.109089	0.171323
scaffold_335_segment0	30638134	30743057	-0.108239	-0.139888	-0.061181	-0.046651
scaffold_335_segment0	30743173	30850143	0.017057	0.015289	0.009894	0.004031
scaffold_335_segment0	30850364	30929444	0.051477	0.055784	0.026749	0.009683
scaffold_335_segment0	30929452	30993467	-0.109363	-0.091001	-0.055160	-0.044072
scaffold_335_segment0	30993487	31088473	0.406590	0.353682	0.194397	0.193826
scaffold_335_segment0	31088486	31202760	0.439885	0.383594	0.200310	0.234422
scaffold_335_segment0	31202869	31377743	0.057833	0.029884	0.017534	0.014340
scaffold_335_segment0	31377770	31534446	0.358804	0.229354	0.131391	0.201045
scaffold_335_segment0	31534451	31679228	-0.085526	-0.050464	-0.032287	-0.060718
scaffold_335_segment0	31679385	31882321	0.035924	0.015879	0.010072	0.012021
scaffold_335_segment0	31882326	31971762	0.199077	0.214191	0.128771	0.102519
scaffold_335_segment0	31971767	32301652	0.016172	0.004720	0.002852	-0.005063
scaffold_335_segment0	32301659	32504417	0.016715	0.006782	0.003769	-0.012853
scaffold_335_segment0	32505803	32824103	0.439516	0.210422	0.107171	0.230818
scaffold_335_segment0	32825248	33107112	0.202671	0.109551	0.059873	0.077294
scaffold_335_segment0	33108533	33265120	0.496993	0.364778	0.194601	0.286301
scaffold_335_segment0	33265121	33541876	0.215184	0.090187	0.051045	0.108685
scaffold_335_segment0	33542238	33799161	0.150498	0.040922	0.024785	0.042337
scaffold_335_segment0	33800178	33988887	-0.064452	-0.044793	-0.023201	-0.029014
scaffold_335_segment0	33988928	34142659	0.081354	0.053600	0.023834	0.022995
scaffold_335_segment0	34143185	34320239	-0.239264	-0.240307	-0.099463	-0.172730
scaffold_335_segment0	34320571	34519853	0.164576	0.143980	0.064124	0.079093
scaffold_335_segment0	34519865	34658452	0.216833	0.174857	0.099057	0.127833
scaffold_335_segment0	34658455	34781248	0.269926	0.254862	0.165517	0.160246
scaffold_335_segment0	34781264	34881292	0.152100	0.131497	0.077310	0.067718
scaffold_335_segment0	34881408	34934360	0.098326	0.182446	0.096606	0.036827
scaffold_335_segment0	34934365	35023172	0.162952	0.151725	0.087892	0.070513
scaffold_335_segment0	35023182	35113781	0.116014	0.105314	0.058750	0.049602
scaffold_335_segment0	35113831	35268068	0.052113	0.038123	0.021450	0.020447
scaffold_335_segment0	35268069	35455114	0.125797	0.113012	0.042079	0.045303
scaffold_335_segment0	35455116	35684912	0.036917	0.023996	0.010744	-0.002528
scaffold_335_segment0	35685230	35857066	-0.154697	-0.179858	-0.067451	-0.077482
scaffold_335_segment0	35857116	36014141	0.358738	0.206576	0.101499	0.141616
scaffold_335_segment0	36014204	36314814	0.066690	0.031998	0.017556	0.022925
scaffold_335_segment0	36314924	36566709	0.143522	0.091310	0.051317	0.064504
scaffold_335_segment0	36566888	36855378	0.430748	0.190227	0.113142	0.241396
scaffold_335_segment0	36855397	37016163	0.234792	0.116682	0.063058	0.096654
scaffold_335_segment0	37016170	37154333	-0.102237	-0.076894	-0.036513	-0.065826
scaffold_335_segment0	37154334	37280445	0.359137	0.308697	0.134738	0.189874
scaffold_335_segment0	37280447	37361559	0.078504	0.062975	0.031515	0.022347
scaffold_335_segment0	37361575	37472589	-0.222321	-0.187756	-0.106647	-0.118881
scaffold_335_segment0	37472595	37551029	-0.142934	-0.160032	-0.099248	-0.070721
scaffold_335_segment0	37551035	37648949	0.162020	0.181488	0.105223	0.079415
scaffold_335_segment0	37649170	37835133	-0.043168	-0.022108	-0.013711	-0.026879
scaffold_335_segment0	37835321	37974221	0.215596	0.146578	0.079492	0.087682
scaffold_335_segment0	37974246	38110824	-0.240233	-0.202498	-0.089915	-0.136667
scaffold_335_segment0	38110828	38334952	0.028915	0.020826	0.007975	-0.002239
scaffold_335_segment0	38334959	38490671	0.449727	0.294039	0.161483	0.186583
scaffold_335_segment0	38491715	38686374	0.500891	0.326473	0.198339	0.300990
scaffold_335_segment0	38686670	38828832	0.184135	0.205252	0.130713	0.090480
scaffold_335_segment0	38828833	38964680	0.475355	0.455310	0.268447	0.265146
scaffold_335_segment0	38964879	39090031	0.292340	0.302462	0.103610	0.135504
scaffold_335_segment0	39090065	39192583	0.369619	0.326583	0.149561	0.186044
scaffold_335_segment0	39193162	39314188	0.033947	0.027389	0.011689	0.000249
scaffold_335_segment0	39315194	39459785	-0.005480	-0.004008	-0.001761	-0.021428
scaffold_335_segment0	39459810	39586377	-0.105833	-0.083530	-0.039622	-0.064012
scaffold_335_segment0	39586806	39747577	0.337181	0.265130	0.115687	0.207425
scaffold_335_segment0	39747954	39934203	0.213301	0.135942	0.070849	0.121957
scaffold_335_segment0	39935136	40133966	0.222262	0.071721	0.050010	0.074343
scaffold_335_segment0	40133977	40235758	0.023454	0.022997	0.014046	-0.001571
scaffold_335_segment0	40236115	40323299	0.091520	0.132787	0.074893	0.043714
scaffold_335_segment0	40323602	40431867	-0.042314	-0.042315	-0.020520	-0.023695
scaffold_335_segment0	40431869	40484664	0.015249	0.019035	0.011254	0.003046
scaffold_335_segment0	40484672	40568553	0.084331	0.094782	0.049601	0.032732
scaffold_335_segment0	40568564	40675167	0.043814	0.037223	0.018164	0.014312
scaffold_335_segment0	40675172	40758343	-0.041723	-0.034596	-0.016189	-0.025028
scaffold_335_segment0	40758354	40864222	0.396318	0.321386	0.180046	0.218763
scaffold_335_segment0	40864289	40933024	0.132177	0.118433	0.071063	0.060724
scaffold_335_segment0	40934022	41026713	0.151386	0.159427	0.073303	0.067298
scaffold_335_segment0	41026782	41128086	0.103034	0.093408	0.049302	0.034457
scaffold_335_segment0	41128098	41241551	-0.096537	-0.062837	-0.033410	-0.048686
scaffold_335_segment0	41242565	41412383	0.082922	0.060408	0.031792	0.027902
scaffold_335_segment0	41412490	41511753	0.480608	0.506068	0.235747	0.236576
scaffold_335_segment0	41511785	41598198	0.238742	0.289378	0.116824	0.108194
scaffold_335_segment0	41598207	41729180	0.068637	0.042110	0.022750	0.015165
scaffold_335_segment0	41729181	41847568	-0.018846	-0.015718	-0.009691	-0.007505
scaffold_335_segment0	41847751	41950108	-0.050169	-0.039666	-0.022936	-0.022616
scaffold_335_segment0	41950110	42071647	-0.068076	-0.056559	-0.019902	-0.046159
scaffold_335_segment0	42071801	42191064	0.134402	0.107779	0.047417	0.046434
scaffold_335_segment0	42191081	42321911	0.154744	0.140861	0.052007	0.062208
scaffold_335_segment0	42322507	42513029	0.138533	0.102518	0.041138	0.045793
scaffold_335_segment0	42513370	42693151	0.214364	0.171389	0.084453	0.095799
scaffold_335_segment0	42693155	42892037	-0.025413	-0.013589	-0.008791	-0.030605
scaffold_335_segment0	42892451	43060958	0.235062	0.162295	0.073682	0.108640
scaffold_335_segment0	43060972	43192094	0.539632	0.469129	0.197309	0.371571
scaffold_335_segment0	43192315	43334328	-0.097750	-0.110090	-0.037414	-0.080117
scaffold_335_segment0	43334419	43538244	0.336048	0.217749	0.108782	0.165460
scaffold_335_segment0	43538250	43710837	0.096554	0.053176	0.030653	0.052482
scaffold_335_segment0	43711745	43875835	0.349816	0.173021	0.099804	0.150356
scaffold_335_segment0	43876035	44171457	0.602810	0.319140	0.163916	0.380412
scaffold_335_segment0	44171460	44396731	-0.060131	-0.037050	-0.018646	-0.057562
scaffold_335_segment0	44398891	44664766	0.340317	0.199436	0.106573	0.211214
scaffold_335_segment0	44665578	44983349	0.049468	0.025768	0.011989	0.006021
scaffold_335_segment0	44984584	45122611	0.044200	0.047160	0.015289	-0.002091
scaffold_335_segment0	45122748	45249000	-0.057950	-0.072155	-0.029587	-0.031392
scaffold_335_segment0	45249106	45421843	0.016654	0.011540	0.005579	-0.009675
scaffold_335_segment0	45422039	45565689	0.222229	0.181360	0.078981	0.093615
scaffold_335_segment0	45565895	45776628	0.050527	0.024681	0.013999	0.014615
scaffold_335_segment0	45776739	45914660	0.067660	0.056538	0.029522	0.020383
scaffold_335_segment0	45914784	46074145	-0.059169	-0.054378	-0.022191	-0.040693
scaffold_335_segment0	46074159	46255934	0.000687	0.000563	0.000225	-0.010891
scaffold_335_segment0	46255938	46452653	-0.007793	-0.004624	-0.002124	-0.016632
scaffold_335_segment0	46453347	46574571	0.212404	0.153064	0.077398	0.083534
scaffold_335_segment0	46575206	46704957	0.163298	0.108097	0.050275	0.064514
scaffold_335_segment0	46705201	46819384	0.058521	0.045120	0.021080	0.012974
scaffold_335_segment0	46819430	46950282	0.128072	0.099193	0.056529	0.077468
scaffold_335_segment0	46950307	47048184	-0.044914	-0.035247	-0.015822	-0.030042
scaffold_335_segment0	47048186	47141708	0.070061	0.059425	0.029884	0.024685
scaffold_335_segment0	47142027	47258050	-0.030229	-0.030991	-0.012934	-0.027632
scaffold_335_segment0	47258058	47384073	-0.068788	-0.056119	-0.023428	-0.047362
scaffold_335_segment0	47384105	47520329	0.065780	0.052940	0.024743	0.020274
scaffold_335_segment0	47520736	47630477	-0.019192	-0.016659	-0.008605	-0.017677
scaffold_335_segment0	47630551	47705697	0.070338	0.065904	0.033006	0.020880
scaffold_335_segment0	47705805	47784300	0.158157	0.153406	0.078283	0.069149
scaffold_335_segment0	47784519	47908337	0.211332	0.220472	0.092773	0.090250
scaffold_335_segment0	47908343	48014058	0.152639	0.128963	0.066228	0.071603
scaffold_335_segment0	48014423	48089961	-0.077144	-0.087554	-0.032928	-0.047121
scaffold_335_segment0	48090315	48170599	0.007280	0.007497	0.003079	-0.017387
scaffold_335_segment0	48170773	48284786	0.020885	0.018868	0.008304	-0.006834
scaffold_335_segment0	48284787	48405154	0.055026	0.043376	0.022054	0.007788
scaffold_335_segment0	48405187	48479175	0.046561	0.054329	0.018632	0.008145
scaffold_335_segment0	48479267	48578960	0.009736	0.010270	0.004105	-0.012173
scaffold_335_segment0	48579066	48689611	-0.065917	-0.067611	-0.030243	-0.040597
scaffold_335_segment0	48689616	48791965	0.007433	0.007311	0.003073	-0.005028
scaffold_335_segment0	48792097	48864458	0.200320	0.212435	0.083382	0.074829
scaffold_335_segment0	48864482	48935001	0.203374	0.276280	0.116865	0.109453
scaffold_335_segment0	48935031	49029167	0.120357	0.133577	0.055483	0.048433
scaffold_335_segment0	49029287	49139948	0.087472	0.056545	0.028341	0.019213
scaffold_335_segment0	49140127	49253146	0.083143	0.078058	0.037504	0.023484
scaffold_335_segment0	49253973	49368319	-0.023169	-0.023807	-0.011061	-0.021499
scaffold_335_segment0	49368831	49461884	-0.084853	-0.066575	-0.032125	-0.037170
scaffold_335_segment0	49462071	49565371	0.091535	0.079536	0.036557	0.030256
scaffold_335_segment0	49565804	49681115	-0.075673	-0.081063	-0.029082	-0.050441
scaffold_335_segment0	49681134	49744281	-0.001965	-0.003689	-0.001454	-0.005636
scaffold_335_segment0	49745310	49853680	0.033086	0.032273	0.015071	0.008390
scaffold_335_segment0	49853683	49897490	0.054689	0.104092	0.045205	0.016542
scaffold_335_segment0	49897495	49994245	-0.041994	-0.048738	-0.016923	-0.032026
scaffold_335_segment0	49994503	50067834	-0.018930	-0.021366	-0.007559	-0.034958
scaffold_335_segment0	50067840	50157668	0.032869	0.028548	0.013840	0.003359
scaffold_335_segment0	50157725	50227394	0.120486	0.110227	0.052327	0.044661
scaffold_335_segment0	50227412	50303278	0.037393	0.040265	0.019401	0.004411
scaffold_335_segment0	50303328	50408863	0.016815	0.016185	0.008138	-0.005044
scaffold_335_segment0	50408898	50505767	-0.060874	-0.054456	-0.025659	-0.039613
scaffold_335_segment0	50506265	50618232	0.036744	0.029689	0.014440	0.000648
scaffold_335_segment0	50618237	50739293	0.058203	0.045987	0.019515	0.007457
scaffold_335_segment0	50739332	50832641	0.036410	0.032076	0.015869	0.006326
scaffold_335_segment0	50832666	50943277	-0.134418	-0.138876	-0.057326	-0.074695
scaffold_335_segment0	50943382	51045370	0.013802	0.013460	0.006178	0.008351
scaffold_335_segment0	51045371	51183181	0.202910	0.179337	0.074616	0.076995
scaffold_335_segment0	51183216	51328971	0.110154	0.094874	0.040328	0.035930
scaffold_335_segment0	51328981	51440069	0.292788	0.314213	0.143944	0.159081
scaffold_335_segment0	51440070	51573783	-0.090145	-0.077080	-0.036151	-0.049454
scaffold_335_segment0	51573910	51675295	-0.077156	-0.058544	-0.030614	-0.044114
scaffold_335_segment0	51675475	51816540	0.013939	0.007753	0.004322	-0.006783
scaffold_335_segment0	51816547	51926324	-0.119781	-0.127744	-0.056634	-0.073225
scaffold_335_segment0	51926356	52045131	0.171405	0.122111	0.075372	0.075708
scaffold_335_segment0	52045212	52171534	0.060806	0.051092	0.025029	0.012509
scaffold_335_segment0	52171546	52291691	-0.035647	-0.036061	-0.015829	-0.028494
scaffold_335_segment0	52291785	52410312	0.062699	0.055849	0.026404	0.023830
scaffold_335_segment0	52410321	52514037	0.045682	0.038192	0.018365	0.010732
scaffold_335_segment0	52514047	52621408	0.084047	0.075157	0.031995	0.027619
scaffold_335_segment0	52621557	52693261	0.035625	0.032475	0.016605	0.008368
scaffold_335_segment0	52693342	52770484	0.072985	0.072433	0.034351	0.031748
scaffold_335_segment0	52770575	52852414	0.010132	0.009570	0.004640	-0.011437
scaffold_335_segment1	62890	129249	0.083041	0.098390	0.042039	0.036284
scaffold_335_segment1	129250	210606	-0.032494	-0.038600	-0.014861	-0.030517
scaffold_335_segment1	210682	296685	0.050513	0.044743	0.022937	0.004370
scaffold_335_segment1	296695	379756	-0.019634	-0.021129	-0.008998	-0.012655
scaffold_335_segment1	379774	481111	0.041373	0.035970	0.017492	0.005939
scaffold_335_segment1	481257	556061	0.077153	0.071829	0.036803	0.021890
scaffold_335_segment1	556110	655027	-0.036066	-0.043320	-0.017976	-0.026221
scaffold_335_segment1	655055	762362	-0.080130	-0.078381	-0.033368	-0.055167
scaffold_335_segment1	762567	853928	0.046907	0.044792	0.023217	0.011641
scaffold_335_segment1	854040	894742	-0.046732	-0.074208	-0.026587	-0.034996
scaffold_335_segment1	894877	958094	-0.020226	-0.030548	-0.010949	-0.025201
scaffold_335_segment1	958095	1011687	0.017370	0.022782	0.010431	-0.005910
scaffold_335_segment1	1011826	1065916	0.072565	0.068655	0.037588	0.014232
scaffold_335_segment1	1065939	1132113	0.062224	0.067271	0.029686	0.007024
scaffold_335_segment1	1132128	1194438	0.034579	0.036791	0.016497	-0.007261
scaffold_335_segment1	1194573	1247978	-0.066928	-0.075727	-0.038538	-0.043511
scaffold_335_segment1	1248001	1299962	-0.009691	-0.013105	-0.004815	-0.015385
scaffold_335_segment1	1300001	1360078	-0.055370	-0.056485	-0.024073	-0.027746
scaffold_335_segment1	1360214	1421719	-0.077506	-0.111963	-0.045771	-0.042129
scaffold_335_segment1	1421736	1494178	-0.019420	-0.024252	-0.010936	-0.018957
scaffold_335_segment1	1494487	1547188	-0.045313	-0.041876	-0.022370	-0.020947
scaffold_335_segment1	1547223	1641006	0.061257	0.063545	0.025559	0.019009
scaffold_335_segment1	1641075	1727406	-0.042316	-0.042889	-0.018957	-0.034747
scaffold_335_segment1	1727413	1828057	-0.048873	-0.054913	-0.025224	-0.033164
scaffold_335_segment1	1828116	1902759	0.044416	0.051744	0.023142	0.011586
scaffold_335_segment1	1903014	1950810	-0.058360	-0.075775	-0.035803	-0.044134
scaffold_335_segment1	1950855	1995300	0.037498	0.051168	0.022755	0.010327
scaffold_335_segment1	1995518	2040933	-0.034969	-0.047470	-0.020357	-0.018650
scaffold_335_segment1	2041045	2085176	-0.005152	-0.006687	-0.002924	-0.007689
scaffold_335_segment1	2085412	2114553	-0.031767	-0.063556	-0.024282	-0.016812
scaffold_335_segment1	2114565	2151168	-0.090751	-0.158137	-0.063018	-0.048142
scaffold_335_segment1	2151583	2197193	0.132097	0.158078	0.080783	0.044513
scaffold_335_segment1	2197196	2236772	-0.034456	-0.054185	-0.024307	-0.028072
scaffold_335_segment1	2236774	2283363	0.026851	0.033250	0.013728	0.002554
scaffold_335_segment1	2283667	2333633	0.075070	0.088846	0.040541	0.024320
scaffold_335_segment1	2333639	2384675	-0.039231	-0.053769	-0.019381	-0.037672
scaffold_335_segment1	2384682	2448337	0.087190	0.090798	0.042221	0.024537
scaffold_335_segment1	2448346	2495051	-0.048025	-0.067581	-0.025101	-0.034594
scaffold_335_segment1	2495055	2535967	-0.052137	-0.082775	-0.036880	-0.029460
scaffold_335_segment1	2535972	2584664	-0.037967	-0.050968	-0.022713	-0.039912
scaffold_335_segment1	2584667	2630450	-0.011340	-0.016809	-0.007787	-0.014326
scaffold_335_segment1	2630461	2663467	-0.020452	-0.034515	-0.014490	-0.021062
scaffold_335_segment1	2663664	2706361	0.078208	0.103931	0.046606	0.013509
scaffold_335_segment1	2706366	2752549	0.050944	0.065345	0.028019	0.009867
scaffold_335_segment1	2752646	2797981	0.093284	0.113259	0.053067	0.021162
scaffold_335_segment1	2798062	2836954	0.038395	0.047090	0.022296	0.005623
scaffold_335_segment1	2836974	2889018	0.026140	0.033895	0.014324	-0.003059
scaffold_335_segment1	2889118	2939997	0.006692	0.008417	0.003673	-0.010763
scaffold_335_segment1	2940006	2975920	0.025991	0.039611	0.017193	0.002516
scaffold_335_segment1	2975991	3018716	-0.026431	-0.042111	-0.015709	-0.038440
scaffold_335_segment1	3018782	3051155	-0.009521	-0.014118	-0.006548	-0.010439
scaffold_335_segment1	3051173	3082675	0.013387	0.021231	0.008257	-0.010645
scaffold_335_segment1	3082679	3105788	0.021056	0.035504	0.016848	0.000286
scaffold_335_segment1	3105792	3131113	0.024873	0.039067	0.016811	0.000404
scaffold_335_segment1	3131116	3156115	0.033829	0.060506	0.023728	0.014519
scaffold_335_segment1	3156134	3177743	-0.020478	-0.032152	-0.015034	-0.020060
scaffold_335_segment1	3177757	3195172	-0.070817	-0.127795	-0.040965	-0.080380
scaffold_335_segment1	3195189	3224362	0.012916	0.016961	0.007527	-0.012395
scaffold_335_segment1	3224393	3253401	0.048783	0.061875	0.030035	0.004141
scaffold_335_segment1	3253496	3280708	0.043513	0.049526	0.024020	0.003862
scaffold_335_segment1	3280712	3302343	-0.003978	-0.004772	-0.002250	-0.012216
scaffold_335_segment1	3302383	3328536	0.007207	0.008962	0.004281	-0.018892
scaffold_335_segment1	3328537	3353329	-0.041216	-0.056519	-0.025803	-0.036230
scaffold_335_segment1	3353336	3377618	-0.036470	-0.047033	-0.022986	-0.030574
scaffold_335_segment1	3377626	3393141	-0.047003	-0.072689	-0.032541	-0.030975
scaffold_335_segment1	3393157	3418920	-0.036616	-0.052228	-0.022944	-0.034600
scaffold_335_segment1	3418921	3446328	0.031628	0.039318	0.020922	0.013005
scaffold_335_segment1	3446367	3485448	0.074523	0.100286	0.043481	0.012898
scaffold_335_segment1	3485450	3515228	-0.007725	-0.011762	-0.005663	-0.017800
scaffold_335_segment1	3515230	3544383	0.046713	0.061921	0.030938	-0.003517
scaffold_335_segment1	3544390	3589428	0.070823	0.091707	0.044998	0.029355
scaffold_335_segment1	3589434	3623207	0.003924	0.004777	0.002165	-0.022564
scaffold_335_segment1	3623241	3666435	0.106849	0.150542	0.065329	0.036300
scaffold_335_segment1	3666436	3716426	0.011905	0.016630	0.006631	0.001189
scaffold_335_segment1	3716427	3768689	0.129728	0.163553	0.083999	0.055518
scaffold_335_segment1	3768690	3817615	-0.048165	-0.058721	-0.026203	-0.039610
scaffold_335_segment1	3817804	3853719	-0.039061	-0.057812	-0.025397	-0.019686
scaffold_335_segment1	3853792	3894193	-0.059475	-0.072794	-0.038552	-0.031121
scaffold_335_segment1	3894244	3929679	-0.034776	-0.056285	-0.026979	-0.025305
scaffold_335_segment1	3929682	3952223	-0.034611	-0.052624	-0.025539	-0.026222
scaffold_335_segment1	3952277	3977003	0.050254	0.054415	0.028506	0.003821
scaffold_335_segment1	3977037	4019985	0.039485	0.043855	0.022544	0.000055
scaffold_335_segment1	4020001	4047751	0.037709	0.048231	0.025068	-0.001880
scaffold_335_segment1	4047777	4076471	0.073311	0.082470	0.042605	0.012552
scaffold_335_segment1	4076551	4104495	0.054726	0.059526	0.028786	-0.003924
scaffold_335_segment1	4104711	4136089	0.005691	0.006267	0.002953	-0.012994
scaffold_335_segment1	4136091	4165413	-0.065326	-0.097506	-0.038424	-0.045664
scaffold_335_segment1	4165431	4201372	0.095887	0.115214	0.057243	0.024986
scaffold_335_segment1	4201384	4245495	0.045247	0.055394	0.025815	-0.001693
scaffold_335_segment1	4245509	4288820	0.173197	0.209978	0.113373	0.072632
scaffold_335_segment1	4288822	4341455	-0.028509	-0.039238	-0.017557	-0.032430
scaffold_335_segment1	4341759	4390104	0.020545	0.025998	0.014262	-0.002885
scaffold_335_segment1	4390149	4488852	-0.008717	-0.006250	-0.003875	-0.009398
scaffold_335_segment1	4489284	4624679	0.163316	0.150147	0.082183	0.076521
scaffold_335_segment1	4624686	4805421	0.044655	0.046294	0.030334	0.014647
scaffold_335_segment1	4805422	4810409	0.014682	0.093188	0.039503	0.007491
scaffold_335_segment1	4810414	4819514	0.017740	0.148841	0.097055	0.006060
scaffold_335_segment1	4819537	4835610	0.000635	0.002161	0.001450	-0.000723
scaffold_430_segment0	11392	25812	0.137768	0.381408	0.161865	0.064017
scaffold_430_segment0	25817	37339	0.066681	0.254295	0.102701	0.024347
scaffold_430_segment0	37385	74989	0.129786	0.242361	0.133025	0.055703
scaffold_430_segment0	74994	291810	-0.065959	-0.028203	-0.017194	-0.035365
scaffold_430_segment0	291951	541150	0.378162	0.167155	0.098679	0.188498
scaffold_430_segment0	541151	665545	0.297946	0.175522	0.119352	0.133417
scaffold_430_segment0	665547	810121	-0.067075	-0.034225	-0.021370	-0.040147
scaffold_430_segment0	810123	878997	0.197648	0.147943	0.086482	0.094262
scaffold_430_segment0	881778	1045878	0.415071	0.216851	0.127928	0.215816
scaffold_430_segment0	1045895	1347286	-0.058663	-0.014219	-0.009242	-0.063926
scaffold_430_segment0	1347321	1557498	0.105070	0.029140	0.019796	0.049331
scaffold_430_segment0	1557542	1783595	-0.084876	-0.020005	-0.013360	-0.044728
scaffold_430_segment0	1783639	1937077	0.251593	0.070495	0.049183	0.107999
scaffold_430_segment0	1937214	2054618	0.349808	0.174978	0.111596	0.170762
scaffold_430_segment0	2056372	2252514	-0.044442	-0.014600	-0.008718	-0.051644
scaffold_430_segment0	2252561	2393321	0.209885	0.095033	0.049285	0.083434
scaffold_430_segment0	2393323	2538435	0.051499	0.029258	0.015146	0.007424
scaffold_430_segment0	2538521	2583345	0.040887	0.080942	0.045898	0.015351
scaffold_430_segment0	2583348	2713284	0.180751	0.120491	0.061040	0.080694
scaffold_430_segment0	2713286	2810315	0.293191	0.220766	0.108906	0.142971
scaffold_430_segment0	2810365	2997493	0.171216	0.089225	0.044393	0.083072
scaffold_430_segment0	2997505	3135664	0.113478	0.048374	0.029564	0.043307
scaffold_430_segment0	3135675	3192361	-0.053448	-0.058886	-0.032250	-0.035764
scaffold_430_segment0	3192564	3368240	-0.034717	-0.013136	-0.007617	-0.021170
scaffold_430_segment0	3368247	3490984	0.345121	0.193828	0.101063	0.174432
scaffold_430_segment0	3491017	3785674	-0.153399	-0.043044	-0.024985	-0.090775
scaffold_430_segment0	3785677	3924910	0.148363	0.076406	0.044994	0.054346
scaffold_430_segment0	3924920	4032178	0.141562	0.098335	0.048822	0.039803
scaffold_430_segment0	4032248	4172447	0.262869	0.152703	0.081909	0.116329
scaffold_430_segment0	4172494	4285381	-0.103704	-0.071257	-0.039450	-0.045990
scaffold_430_segment0	4285383	4372148	-0.055090	-0.027143	-0.019767	-0.028779
scaffold_430_segment0	4372531	4546927	0.039096	0.010105	0.007109	0.010639
scaffold_430_segment0	4546932	4684697	0.461377	0.213619	0.137427	0.253194
scaffold_430_segment0	4684709	4910454	0.242813	0.107786	0.059287	0.120651
scaffold_430_segment0	4910463	4948993	0.055379	0.053912	0.030652	0.008278
scaffold_430_segment0	4949008	5112532	0.082362	0.033519	0.019752	0.023975
scaffold_430_segment0	5112686	5356448	0.266466	0.107291	0.061515	0.135459
scaffold_430_segment0	5356453	5520452	0.076138	0.036519	0.019961	0.032765
scaffold_430_segment0	5520455	5696025	0.299420	0.131071	0.084033	0.159498
scaffold_430_segment0	5696034	5804035	0.279816	0.179784	0.101134	0.155623
scaffold_430_segment0	5805325	5946094	0.208897	0.101903	0.053930	0.080155
scaffold_430_segment0	5946096	6003344	-0.032377	-0.035989	-0.018188	-0.023127
scaffold_430_segment0	6003608	6198701	0.224376	0.110325	0.061593	0.127200
scaffold_430_segment0	6198702	6353208	0.609115	0.373303	0.203409	0.409319
scaffold_430_segment0	6353217	6386291	0.337573	0.476818	0.262520	0.154697
scaffold_430_segment0	6386293	6526337	0.451462	0.332827	0.156091	0.252876
scaffold_430_segment0	6526499	6741217	0.155159	0.093512	0.049648	0.068796
scaffold_430_segment0	6741220	6891957	-0.212699	-0.159908	-0.074809	-0.130907
scaffold_430_segment0	6891969	7045508	0.590467	0.518093	0.235066	0.362694
scaffold_430_segment0	7045509	7107684	0.108454	0.108730	0.049677	0.034906
scaffold_430_segment0	7107716	7302077	0.322702	0.171979	0.097990	0.166683
scaffold_430_segment0	7302096	7438720	-0.062266	-0.040911	-0.022791	-0.035256
scaffold_430_segment0	7438721	7604882	0.232349	0.149733	0.084039	0.104954
scaffold_430_segment0	7604894	7637240	0.005240	0.022797	0.012031	0.001726
scaffold_430_segment0	7637251	7812435	0.175249	0.087483	0.050101	0.077967
scaffold_430_segment0	7812442	8030581	0.084468	0.038438	0.024855	0.026356
scaffold_430_segment0	8031022	8118268	0.096646	0.084471	0.042744	0.036227
scaffold_430_segment0	8118274	8381911	-0.198277	-0.082572	-0.042582	-0.110351
scaffold_430_segment0	8382680	8582352	-0.037502	-0.012752	-0.008033	-0.022948
scaffold_430_segment0	8582387	8767807	0.168947	0.073314	0.046624	0.074699
scaffold_430_segment0	8767823	8918961	0.184628	0.098571	0.058199	0.082992
scaffold_430_segment0	8919351	9136057	0.490378	0.223243	0.126872	0.229082
scaffold_430_segment0	9136058	9287501	-0.208443	-0.081325	-0.051162	-0.100880
scaffold_430_segment0	9287502	9561567	-0.258604	-0.065832	-0.043306	-0.144032
scaffold_430_segment0	9564599	9737160	-0.088676	-0.027812	-0.016831	-0.063954
scaffold_430_segment0	9737167	9933359	0.064930	0.015993	0.010017	0.017466
scaffold_430_segment0	9933362	9990456	0.047460	0.050453	0.027297	0.012755
scaffold_430_segment0	9990992	10290144	0.288332	0.096998	0.055719	0.138215
scaffold_430_segment0	10290146	10429329	0.137653	0.098410	0.053420	0.066177
scaffold_430_segment0	10429333	10699444	0.322900	0.094627	0.056968	0.150350
scaffold_430_segment0	10699449	10880295	-0.175523	-0.065289	-0.039677	-0.111917
scaffold_430_segment0	10880336	11037464	0.203758	0.075630	0.048400	0.090478
scaffold_430_segment0	11037492	11272979	0.382005	0.145637	0.089723	0.209831
scaffold_430_segment0	11272981	11283171	-0.008707	-0.063881	-0.035981	-0.002684
scaffold_430_segment0	11283174	11291170	-0.005834	-0.133833	-0.061671	-0.002721
scaffold_430_segment0	11291190	11300472	0.002331	0.026942	0.015364	0.000080
scaffold_430_segment0	11300477	11448814	0.081556	0.035212	0.021733	0.023885
scaffold_430_segment0	11449014	11672527	0.278935	0.130490	0.067355	0.145060
scaffold_430_segment0	11672599	11736826	0.282921	0.248993	0.122747	0.138684
scaffold_430_segment0	11736872	11858215	0.377310	0.214925	0.119033	0.206483
scaffold_430_segment0	11859167	11949907	0.202291	0.139892	0.069150	0.087913
scaffold_430_segment0	11949921	12079830	0.407230	0.267247	0.140175	0.218999
scaffold_430_segment0	12079834	12163965	0.165508	0.096881	0.064693	0.060517
scaffold_430_segment0	12163966	12284857	-0.137174	-0.066382	-0.038847	-0.072287
scaffold_430_segment0	12284870	12441051	0.139343	0.054243	0.032935	0.052855
scaffold_430_segment0	12441052	12598306	0.304698	0.124445	0.081090	0.152022
scaffold_430_segment0	12598315	12716163	-0.307898	-0.285519	-0.137361	-0.192912
scaffold_430_segment0	12716167	12788502	-0.148368	-0.141939	-0.071016	-0.078566
scaffold_430_segment0	12788527	12871179	-0.041520	-0.041789	-0.020594	-0.036400
scaffold_430_segment0	12871202	12942119	0.126712	0.150439	0.074843	0.036340
scaffold_430_segment0	12942121	13115294	0.133821	0.052037	0.033834	0.055386
scaffold_430_segment0	13115324	13230330	0.041410	0.023614	0.012447	0.004963
scaffold_430_segment0	13230337	13555553	0.204799	0.048902	0.030661	0.087136
scaffold_430_segment0	13555561	13773924	-0.113410	-0.041815	-0.025957	-0.072630
scaffold_430_segment0	13773928	13921106	-0.117695	-0.062834	-0.037313	-0.060697
scaffold_430_segment0	13921111	14112420	-0.076401	-0.023240	-0.016276	-0.045224
scaffold_430_segment0	14112421	14318093	-0.095360	-0.027422	-0.017037	-0.081752
scaffold_430_segment0	14318746	14453099	0.583943	0.471031	0.259247	0.390069
scaffold_430_segment0	14453104	14610214	0.612723	0.383173	0.204454	0.416243
scaffold_430_segment0	14610233	14796334	0.102010	0.039411	0.024609	0.042790
scaffold_430_segment0	14796365	15026537	-0.125435	-0.044339	-0.027514	-0.090465
scaffold_430_segment0	15026538	15359575	0.219957	0.050182	0.031007	0.098095
scaffold_430_segment0	15362580	15521532	-0.031200	-0.010349	-0.006838	-0.018691
scaffold_430_segment0	15521547	15616879	-0.066342	-0.034103	-0.021107	-0.035869
scaffold_430_segment0	15616889	15714218	0.346054	0.256081	0.129226	0.195833
scaffold_430_segment0	15714233	15888424	0.298994	0.148813	0.082034	0.157761
scaffold_430_segment0	15888482	16002440	-0.172664	-0.152046	-0.073466	-0.095982
scaffold_430_segment0	16002443	16130589	0.055335	0.029809	0.016432	0.012124
scaffold_430_segment0	16130615	16232038	-0.235678	-0.122143	-0.071086	-0.128169
scaffold_430_segment0	16232423	16506396	-0.010161	-0.002217	-0.001351	-0.028612
scaffold_430_segment0	16506548	16598820	-0.209154	-0.107951	-0.065837	-0.104541
scaffold_430_segment0	16598867	16724731	0.390245	0.248293	0.135873	0.193717
scaffold_430_segment0	16724737	16818098	-0.171540	-0.098314	-0.058337	-0.111197
scaffold_430_segment0	16818103	16945325	0.039077	0.016159	0.010677	0.008520
scaffold_430_segment0	16945340	17138713	-0.187589	-0.066537	-0.042562	-0.121147
scaffold_430_segment0	17138986	17342192	-0.069808	-0.019851	-0.012937	-0.048139
scaffold_430_segment0	17342196	17586426	0.288526	0.107333	0.062763	0.160336
scaffold_430_segment0	17586487	17875264	0.110753	0.023959	0.016355	0.027181
scaffold_430_segment0	17875272	18010660	0.159593	0.066599	0.040617	0.070248
scaffold_430_segment0	18010661	18182759	0.129277	0.077689	0.039029	0.057471
scaffold_430_segment0	18182818	18435910	0.111246	0.043449	0.024800	0.052510
scaffold_430_segment0	18435916	18711838	0.090763	0.029625	0.016244	0.021859
scaffold_430_segment0	18712166	18923941	0.026220	0.009473	0.005687	-0.009000
scaffold_430_segment0	18923944	19011112	0.087235	0.059753	0.032342	0.032225
scaffold_430_segment0	19011547	19127031	0.291941	0.234177	0.136322	0.133724
scaffold_430_segment0	19127032	19309723	0.374031	0.198672	0.115741	0.189056
scaffold_430_segment0	19309824	19478805	0.063323	0.015689	0.011797	0.022483
scaffold_430_segment0	19478808	19686621	-0.067616	-0.026189	-0.016357	-0.064922
scaffold_430_segment0	19686622	19925825	0.104115	0.039417	0.022968	0.027920
scaffold_430_segment0	19925826	20441358	-0.134818	-0.020417	-0.013943	-0.089904
scaffold_430_segment0	20441360	20543624	-0.015894	-0.009851	-0.006599	-0.013364
scaffold_430_segment0	20543625	20677630	0.003581	0.001300	0.000871	-0.001248
scaffold_430_segment0	20679237	20884600	0.007006	0.001868	0.001310	-0.002337
scaffold_430_segment0	20884604	21314982	-0.051904	-0.010794	-0.006892	-0.059007
scaffold_430_segment0	21314989	21472278	0.348719	0.193975	0.110335	0.158004
scaffold_430_segment0	21472281	21770660	-0.030383	-0.006356	-0.004333	-0.044217
scaffold_430_segment0	21771761	21890502	-0.078681	-0.028688	-0.020477	-0.038159
scaffold_430_segment0	21890778	22126343	-0.027793	-0.005872	-0.004049	-0.034773
scaffold_430_segment0	22126350	22239419	0.066153	0.028495	0.017629	0.018991
scaffold_430_segment0	22239449	22272899	0.045738	0.060356	0.040077	0.013668
scaffold_430_segment0	22272909	22366536	-0.117152	-0.055109	-0.036141	-0.065220
scaffold_430_segment0	22366538	22544161	0.417492	0.263637	0.134044	0.221294
scaffold_430_segment0	22544311	22667555	0.170024	0.125160	0.068526	0.077951
scaffold_430_segment0	22667565	22852105	0.676053	0.603301	0.322659	0.441210
scaffold_430_segment0	22852113	22995621	-0.397339	-0.201514	-0.116137	-0.238548
scaffold_430_segment0	22995629	23197064	0.182768	0.109398	0.060674	0.107918
scaffold_430_segment0	23199140	23406138	0.035903	0.011917	0.007334	-0.003773
scaffold_430_segment0	23406239	23624238	-0.055445	-0.021607	-0.012661	-0.050032
scaffold_430_segment0	23624268	23757481	0.146697	0.057876	0.035712	0.039429
scaffold_430_segment0	23757491	23958692	-0.110012	-0.035891	-0.021681	-0.062769
scaffold_430_segment0	23958703	24264318	-0.012419	-0.002173	-0.001477	-0.013780
scaffold_430_segment0	24264352	24404604	0.158837	0.064781	0.045009	0.064861
scaffold_430_segment0	24404670	24650730	-0.156409	-0.038616	-0.027079	-0.076854
scaffold_430_segment0	24650736	24827454	0.074571	0.031626	0.018895	0.021394
scaffold_430_segment0	24827463	25009721	0.144479	0.061631	0.035225	0.064265
scaffold_430_segment0	25009723	25242106	-0.081832	-0.034209	-0.019675	-0.057576
scaffold_430_segment0	25242150	25379890	-0.215639	-0.110216	-0.064087	-0.101131
scaffold_430_segment0	25379898	25576360	-0.154083	-0.053404	-0.031771	-0.081586
scaffold_430_segment0	25576363	25791703	-0.022993	-0.006454	-0.005090	-0.008474
scaffold_430_segment0	25794006	26097674	-0.070407	-0.013163	-0.008441	-0.064850
scaffold_430_segment0	26098323	26430747	-0.071612	-0.013377	-0.008919	-0.047829
scaffold_430_segment0	26431625	26578193	-0.085341	-0.036627	-0.021665	-0.045326
scaffold_430_segment0	26578226	26800065	-0.097875	-0.029017	-0.019778	-0.052092
scaffold_430_segment0	26803372	26951325	0.113061	0.045629	0.027627	0.031277
scaffold_430_segment0	26951326	27295461	-0.051832	-0.007807	-0.005679	-0.034609
scaffold_430_segment0	27295466	27506499	0.281461	0.090617	0.056780	0.150594
scaffold_430_segment0	27506965	27763213	-0.073231	-0.019401	-0.012925	-0.071567
scaffold_430_segment0	27763224	27874074	-0.056798	-0.036066	-0.021656	-0.021971
scaffold_430_segment0	27874075	28018892	-0.014893	-0.008021	-0.004535	-0.015281
scaffold_430_segment0	28019386	28239652	0.021203	0.006247	0.004035	0.000647
scaffold_430_segment0	28239673	28352546	-0.287414	-0.204823	-0.109759	-0.149855
scaffold_430_segment0	28352547	28532450	0.118450	0.066023	0.035253	0.072149
scaffold_430_segment0	28532847	28789178	0.142509	0.042672	0.025608	0.044977
scaffold_430_segment0	28789243	29002387	0.177542	0.120654	0.061603	0.083353
scaffold_430_segment0	29002388	29248671	-0.361421	-0.142123	-0.081609	-0.231495
scaffold_430_segment0	29249428	29604178	-0.264382	-0.067352	-0.042525	-0.174334
scaffold_430_segment0	29604232	29934877	0.044417	0.009384	0.006193	0.004388
scaffold_430_segment0	29934880	30095842	0.182763	0.072292	0.045371	0.076908
scaffold_430_segment0	30096082	30244021	-0.033800	-0.017334	-0.009695	-0.025343
scaffold_430_segment0	30244023	30469380	-0.132876	-0.061270	-0.035187	-0.112880
scaffold_430_segment0	30469384	30705094	0.321855	0.129437	0.075690	0.169603
scaffold_430_segment0	30705095	30934158	-0.014671	-0.004276	-0.002680	-0.025940
scaffold_430_segment0	30934219	31055345	-0.014481	-0.006451	-0.004023	-0.023727
scaffold_430_segment0	31055735	31334714	0.082747	0.022343	0.013443	0.021542
scaffold_430_segment0	31334717	31547437	-0.095821	-0.034892	-0.021449	-0.061628
scaffold_430_segment0	31547440	31765211	-0.188712	-0.070945	-0.043157	-0.121652
scaffold_430_segment0	31765212	31932751	-0.063024	-0.032469	-0.018302	-0.051505
scaffold_430_segment0	31932752	32073825	-0.223022	-0.101252	-0.058732	-0.131417
scaffold_430_segment0	32073826	32163875	-0.003778	-0.001832	-0.001157	-0.013732
scaffold_430_segment0	32163881	32323674	0.081185	0.024791	0.016355	0.016828
scaffold_430_segment0	32323685	32401342	-0.033325	-0.026649	-0.016259	-0.015375
scaffold_430_segment0	32401353	32570523	-0.042935	-0.025331	-0.015799	-0.031089
scaffold_430_segment0	32570528	32704942	0.020088	0.009841	0.005836	-0.007415
scaffold_430_segment0	32704943	32934069	-0.053418	-0.018371	-0.010943	-0.047649
scaffold_430_segment0	32934073	33150463	0.042863	0.011463	0.007723	0.000180
scaffold_430_segment0	33150499	33436746	0.058090	0.013600	0.009022	0.015903
scaffold_430_segment0	33436749	33541848	0.062138	0.043589	0.026982	0.017410
scaffold_430_segment0	33541849	33686906	0.210081	0.094914	0.059387	0.086193
scaffold_430_segment0	33687176	33912623	-0.088003	-0.018387	-0.013625	-0.060233
scaffold_430_segment0	33912626	34149487	-0.032899	-0.011121	-0.006359	-0.041293
scaffold_430_segment0	34149585	34331557	0.177681	0.056432	0.033746	0.066459
scaffold_430_segment0	34331570	34443644	0.136984	0.067856	0.039259	0.051244
scaffold_430_segment0	34443650	34781163	0.082960	0.022767	0.014158	0.021916
scaffold_430_segment0	34781179	34961233	-0.061040	-0.018477	-0.012906	-0.043237
scaffold_430_segment0	34961234	35207385	-0.185666	-0.062730	-0.039414	-0.124739
scaffold_430_segment0	35207387	35507083	-0.004944	-0.001127	-0.000759	-0.015574
scaffold_430_segment0	35507448	35804323	0.130298	0.032666	0.022304	0.054796
scaffold_430_segment0	35804332	35963930	-0.209901	-0.095739	-0.057458	-0.107902
scaffold_430_segment0	35964019	36159094	-0.108645	-0.042694	-0.023077	-0.057487
scaffold_430_segment0	36159107	36402083	0.035589	0.007893	0.005275	0.006532
scaffold_430_segment0	36402084	36698933	0.038555	0.009881	0.006287	-0.017529
scaffold_430_segment0	36698936	37027703	0.066879	0.018653	0.011222	0.015868
scaffold_430_segment0	37027760	37235637	-0.105141	-0.037483	-0.024234	-0.080925
scaffold_430_segment0	37235728	37520889	-0.181690	-0.036886	-0.025138	-0.100194
scaffold_430_segment0	37520892	37871841	-0.281652	-0.066216	-0.045856	-0.185159
scaffold_430_segment0	37871846	38155533	-0.114537	-0.025988	-0.017409	-0.073264
scaffold_430_segment0	38155556	38246716	0.112532	0.121572	0.056801	0.036075
scaffold_430_segment0	38247288	38453224	-0.048166	-0.015808	-0.008734	-0.037814
scaffold_430_segment0	38453225	38475087	0.057876	0.065186	0.044214	0.019637
scaffold_430_segment0	38475103	38493686	0.037773	0.070518	0.041244	0.007448
scaffold_430_segment0	38493698	38727762	0.253152	0.092870	0.059300	0.111746
scaffold_430_segment0	38727769	39009000	-0.127704	-0.027366	-0.018282	-0.072109
scaffold_430_segment0	39009421	39436307	-0.057863	-0.010084	-0.006317	-0.062737
scaffold_430_segment0	39436312	39844390	0.001570	0.000239	0.000165	-0.021142
scaffold_430_segment0	39844399	40105278	0.057679	0.014557	0.009393	-0.004642
scaffold_430_segment0	40105490	40368470	0.236642	0.055139	0.037247	0.121217
scaffold_430_segment0	40368481	40626904	0.168548	0.048735	0.032124	0.075715
scaffold_430_segment0	40626905	40812670	-0.137872	-0.047791	-0.032216	-0.070349
scaffold_430_segment0	40812674	40965016	-0.005423	-0.002006	-0.001245	-0.010247
scaffold_430_segment0	40965017	41157608	0.022511	0.007622	0.004826	0.002518
scaffold_430_segment0	41161229	41435245	-0.065297	-0.016974	-0.010975	-0.052935
scaffold_430_segment0	41435257	41701722	0.086877	0.021508	0.013658	0.012203
scaffold_430_segment0	41702373	41746411	0.004321	0.004565	0.002731	0.001353
scaffold_430_segment0	41746420	41865777	0.016224	0.007088	0.004700	-0.000304
scaffold_430_segment0	41865779	42245749	-0.124306	-0.024597	-0.016448	-0.091546
scaffold_430_segment0	42245760	42569754	-0.156616	-0.043842	-0.028237	-0.114372
scaffold_430_segment0	42569769	42601247	0.164521	0.177634	0.129803	0.077237
scaffold_430_segment0	42601249	42610331	0.076489	0.276611	0.127398	0.027085
scaffold_430_segment0	42610337	42801963	-0.036693	-0.017659	-0.010443	-0.044624
scaffold_430_segment0	42801966	43024557	0.111612	0.033376	0.022065	0.034309
scaffold_430_segment0	43024930	43409941	-0.117084	-0.027238	-0.017303	-0.087143
scaffold_430_segment0	43410116	43741524	0.151857	0.038906	0.025230	0.073051
scaffold_430_segment0	43741925	44034768	0.205027	0.061054	0.036501	0.108808
scaffold_430_segment0	44034927	44418704	-0.001750	-0.000443	-0.000261	-0.027615
scaffold_430_segment0	44419555	44656537	-0.028883	-0.008521	-0.006136	-0.024696
scaffold_430_segment0	44656544	45022178	0.058857	0.013188	0.008629	0.009720
scaffold_430_segment0	45022179	45760569	-0.194954	-0.015290	-0.011434	-0.129842
scaffold_430_segment0	45760578	46080070	-0.086481	-0.015283	-0.011048	-0.071149
scaffold_430_segment0	46080087	46487482	-0.035929	-0.005734	-0.003964	-0.040826
scaffold_430_segment0	46487483	46859828	-0.060752	-0.010407	-0.007172	-0.062323
scaffold_430_segment0	46859829	47044205	-0.007159	-0.002247	-0.001629	-0.009250
scaffold_430_segment0	47044726	47359578	0.123884	0.028727	0.018408	0.045967
scaffold_430_segment0	47360644	47755618	-0.174084	-0.024483	-0.018030	-0.080852
scaffold_430_segment0	47755644	47889158	-0.013664	-0.007084	-0.004199	-0.020676
scaffold_430_segment0	47889165	48085153	-0.138440	-0.046081	-0.029823	-0.078447
scaffold_430_segment0	48086256	48419706	-0.161174	-0.030504	-0.020542	-0.096532
scaffold_430_segment0	48422125	48748289	-0.080034	-0.011608	-0.008923	-0.049179
scaffold_430_segment0	48757255	49200097	-0.127448	-0.018976	-0.012695	-0.087123
scaffold_430_segment0	49200101	49410930	0.308808	0.111584	0.070089	0.151609
scaffold_430_segment0	49410936	49626413	0.020350	0.004684	0.003413	-0.002857
scaffold_430_segment0	49626418	49831950	-0.040597	-0.015278	-0.009439	-0.042602
scaffold_430_segment0	49831954	50035830	0.093175	0.033024	0.020854	0.038164
scaffold_430_segment0	50035847	50295500	0.030254	0.008561	0.005239	-0.001104
scaffold_430_segment0	50295502	50548929	0.021998	0.006473	0.003762	-0.007477
scaffold_430_segment0	50548942	50811542	0.158013	0.047916	0.028784	0.062311
scaffold_430_segment0	50811550	51069431	0.322004	0.180433	0.099712	0.146829
scaffold_430_segment0	51071584	51315967	-0.313760	-0.124039	-0.071236	-0.191768
scaffold_430_segment0	51315988	51482502	0.164614	0.097224	0.054468	0.059617
scaffold_430_segment0	51482517	51572048	0.029581	0.014178	0.009871	-0.003715
scaffold_430_segment0	51572106	51629990	0.165401	0.109462	0.065811	0.042489
contig_14_segment0	19115	80788	0.009277	0.012394	0.005147	-0.006747
contig_14_segment0	80877	136907	0.031456	0.038651	0.017813	-0.001434
contig_14_segment0	136945	195244	-0.010947	-0.012409	-0.005540	-0.017192
contig_14_segment0	195251	256640	-0.024098	-0.031263	-0.013691	-0.024112
contig_14_segment0	256698	311843	0.028796	0.038430	0.015272	0.018398
contig_14_segment0	311902	368308	-0.003127	-0.003007	-0.001550	-0.017977
contig_14_segment0	368309	433604	0.029555	0.037000	0.015634	-0.005139
contig_14_segment0	433907	489561	-0.040379	-0.045999	-0.022660	-0.031521
contig_14_segment0	489664	561992	0.055462	0.057554	0.026437	0.011974
contig_14_segment0	562079	628336	0.107902	0.120720	0.056954	0.033330
contig_14_segment0	628499	693994	0.036392	0.043807	0.019547	0.005104
contig_14_segment0	694059	770732	-0.057493	-0.063020	-0.031001	-0.042340
contig_14_segment0	770870	828623	-0.048644	-0.054251	-0.025060	-0.031237
contig_14_segment0	828649	878217	-0.057502	-0.064177	-0.029541	-0.051110
contig_14_segment0	878238	942354	-0.034076	-0.043969	-0.017143	-0.029802
contig_14_segment0	942383	1036363	0.079156	0.072596	0.033618	0.016631
contig_14_segment0	1037023	1141486	0.024465	0.025822	0.011686	-0.011026
contig_14_segment0	1141592	1219001	0.028800	0.031852	0.013841	-0.002194
contig_14_segment0	1219121	1285302	-0.003257	-0.004277	-0.001829	-0.014311
contig_14_segment0	1285313	1365901	0.059036	0.063199	0.029011	0.019680
contig_14_segment0	1365905	1452741	-0.005587	-0.006086	-0.002608	-0.010632
contig_14_segment0	1452747	1546779	0.102131	0.106788	0.053166	0.034025
contig_14_segment0	1547375	1576691	-0.054145	-0.147867	-0.057075	-0.030014
contig_14_segment0	1576705	1584222	-0.007084	-0.036119	-0.016138	-0.003752
contig_14_segment0	1584227	1592615	0.099023	0.200581	0.131591	0.060241
contig_14_segment0	1592632	1606150	0.005851	0.008151	0.005465	0.003561
contig_14_segment0	1606152	1621299	-0.060371	-0.061162	-0.039480	-0.027533
contig_14_segment0	1621318	1630078	-0.018519	-0.077554	-0.034715	-0.007575
contig_14_segment0	1630099	1659660	-0.011946	-0.019154	-0.007573	-0.009391
contig_14_segment0	1659673	1700970	0.071864	0.083491	0.038525	0.021570
contig_14_segment0	1701133	1744500	0.068044	0.080807	0.036873	0.023679
contig_14_segment0	1744510	1781825	-0.058779	-0.083170	-0.037813	-0.033349
contig_14_segment0	1781844	1815460	0.027839	0.037114	0.017114	-0.002600
contig_14_segment0	1815470	1848808	-0.100071	-0.149637	-0.063849	-0.064977
contig_14_segment0	1848910	1883079	0.021386	0.028078	0.013425	0.003481
contig_14_segment0	1883085	1918926	-0.000730	-0.000961	-0.000439	-0.019211
contig_14_segment0	1918945	1951802	0.013815	0.018739	0.008342	-0.007626
contig_14_segment0	1951821	1985999	-0.063370	-0.090932	-0.038557	-0.037174
contig_14_segment0	1986002	2016731	0.058609	0.077245	0.035734	0.021302
contig_14_segment0	2016928	2056406	0.017307	0.019520	0.009986	-0.019316
contig_14_segment0	2056486	2097848	0.028970	0.032594	0.015528	-0.002349
contig_14_segment0	2097849	2132803	0.044890	0.057570	0.025341	0.005159
contig_14_segment0	2132814	2179156	-0.004912	-0.004849	-0.002508	-0.016137
contig_14_segment0	2179188	2224961	-0.055271	-0.057562	-0.026845	-0.050371
contig_14_segment0	2225014	2267698	0.044835	0.052828	0.029026	0.016443
contig_14_segment0	2267773	2312807	-0.045993	-0.049942	-0.025794	-0.041806
contig_14_segment0	2312813	2361211	-0.051744	-0.061943	-0.027582	-0.048207
contig_14_segment0	2361225	2404894	-0.023004	-0.026474	-0.012280	-0.029923
contig_14_segment0	2404948	2446275	-0.056020	-0.086942	-0.032433	-0.046633
contig_14_segment0	2446278	2502866	0.010173	0.012305	0.005420	-0.009991
contig_14_segment0	2503013	2542148	0.013843	0.017944	0.007972	-0.006864
contig_14_segment0	2542378	2597408	-0.012978	-0.014050	-0.006730	-0.025317
contig_14_segment0	2597530	2635856	-0.000444	-0.000653	-0.000287	-0.013092
contig_14_segment0	2635970	2691743	0.039068	0.039575	0.018871	0.003184
contig_14_segment0	2691832	2741810	-0.099023	-0.126007	-0.054385	-0.064682
contig_14_segment0	2741902	2797356	-0.057067	-0.065354	-0.032509	-0.032337
contig_14_segment0	2797411	2860833	-0.026656	-0.031098	-0.014255	-0.028319
contig_14_segment0	2860872	2909820	0.048439	0.050430	0.023949	0.006095
contig_14_segment0	2909885	2955666	0.020196	0.022880	0.011267	-0.004857
contig_14_segment0	2955668	3002315	0.021025	0.026647	0.012295	-0.004184
contig_14_segment0	3002412	3052516	-0.076197	-0.115562	-0.045256	-0.043706
contig_14_segment0	3052519	3102199	0.022690	0.032824	0.013943	-0.006854
contig_14_segment0	3102206	3143572	0.001110	0.001549	0.000742	-0.011876
contig_14_segment0	3143577	3190016	-0.017509	-0.025747	-0.010115	-0.016031
contig_14_segment0	3190020	3243720	0.045288	0.048717	0.023593	0.016106
contig_14_segment0	3243722	3297578	-0.058563	-0.071414	-0.034741	-0.040304
contig_14_segment0	3297681	3349287	0.009755	0.012601	0.005519	-0.014024
contig_14_segment0	3349404	3417949	-0.000877	-0.000981	-0.000445	-0.013798
contig_14_segment0	3417974	3459389	0.005902	0.008316	0.004101	-0.006370
contig_14_segment0	3459391	3509435	0.042348	0.047836	0.024312	0.012838
contig_14_segment0	3509448	3565736	-0.032974	-0.045001	-0.019589	-0.029106
contig_14_segment0	3565744	3617905	0.103172	0.134010	0.057756	0.033835
contig_14_segment0	3618037	3679583	-0.036683	-0.038969	-0.019200	-0.031810
contig_14_segment0	3679609	3740777	-0.011294	-0.012412	-0.006495	-0.012547
contig_14_segment0	3741053	3793461	-0.047889	-0.057640	-0.025037	-0.030310
contig_14_segment0	3793494	3855783	0.013283	0.013230	0.006891	0.006508
contig_14_segment0	3855841	3959294	0.006501	0.007045	0.003144	-0.010755
contig_14_segment0	3959895	4036469	0.017161	0.019062	0.008608	-0.010663
contig_14_segment0	4036471	4105546	0.020824	0.023863	0.012182	0.000655
contig_14_segment0	4105991	4178173	-0.088857	-0.112993	-0.044407	-0.049975
contig_14_segment0	4178200	4242051	-0.021130	-0.024149	-0.010910	-0.018440
contig_14_segment0	4242070	4289536	0.063174	0.076261	0.037335	0.017652
contig_14_segment0	4289540	4341046	0.009824	0.010806	0.005061	-0.007609
contig_14_segment0	4341050	4392894	-0.015368	-0.016909	-0.007942	-0.023724
contig_14_segment0	4392922	4440674	0.010194	0.009688	0.004910	-0.010470
contig_14_segment0	4440742	4499052	0.059833	0.065618	0.032041	0.009782
contig_14_segment0	4499515	4553269	0.000468	0.000586	0.000275	-0.015133
contig_14_segment0	4553345	4613298	0.034459	0.038238	0.017419	0.005830
contig_14_segment0	4613440	4664839	0.032354	0.031551	0.015271	0.001385
contig_14_segment0	4665047	4707116	0.071697	0.084091	0.041169	0.023159
contig_14_segment0	4707126	4769888	-0.002701	-0.003819	-0.001552	-0.019188
contig_14_segment0	4769916	4838602	-0.031574	-0.048134	-0.017194	-0.022530
contig_14_segment0	4838616	5054722	0.055506	0.038033	0.021752	0.008432
contig_14_segment0	5054894	5342185	0.468892	0.457232	0.251123	0.287706
contig_14_segment0	5344001	5520517	0.273781	0.335776	0.187583	0.107789
contig_14_segment0	5520529	5526629	-0.004941	-0.042389	-0.018369	-0.001195
contig_14_segment0	5526634	5534106	-0.028523	-0.162417	-0.096401	-0.006826
contig_4_segment0	17926	115824	-0.021020	-0.031148	-0.016636	-0.015421
contig_4_segment0	115830	269042	0.132452	0.101062	0.046570	0.054567
contig_4_segment0	269282	340787	0.014086	0.015415	0.005974	-0.003964
contig_4_segment0	340831	404303	0.066372	0.073398	0.035910	0.012143
contig_4_segment0	404304	451521	0.061955	0.065888	0.031717	0.007620
contig_4_segment0	452006	498957	0.013590	0.017818	0.007504	-0.003429
contig_4_segment0	498960	543430	0.083467	0.094542	0.038783	-0.003011
contig_4_segment0	543445	583769	0.037752	0.042918	0.022963	-0.001911
contig_4_segment0	583842	628550	0.046689	0.051981	0.027135	0.020807
contig_4_segment0	628630	670503	-0.044052	-0.058618	-0.024295	-0.041047
contig_4_segment0	670637	709938	-0.039451	-0.055951	-0.024804	-0.024983
contig_4_segment0	709963	759423	0.024649	0.025206	0.014106	-0.001475
contig_4_segment0	759428	819291	0.089284	0.109419	0.050096	0.036440
contig_4_segment0	819393	876488	-0.038265	-0.049817	-0.024740	-0.030186
contig_4_segment0	876737	932370	-0.005894	-0.008131	-0.003967	-0.004888
contig_4_segment0	932426	967381	0.019986	0.027680	0.013226	-0.008049
contig_4_segment0	967413	1004919	-0.034428	-0.048078	-0.022662	-0.029280
contig_4_segment0	1004945	1044697	0.026798	0.035212	0.016624	0.001121
contig_4_segment0	1044749	1083798	0.047598	0.053466	0.026991	0.012016
contig_4_segment0	1083815	1122201	0.009286	0.009967	0.005257	-0.007403
contig_4_segment0	1122204	1157050	-0.008054	-0.010820	-0.005085	-0.022696
contig_4_segment0	1157106	1191418	0.012982	0.016547	0.008644	-0.003347
contig_4_segment0	1191422	1227109	0.030997	0.039420	0.018879	0.003937
contig_4_segment0	1227312	1262371	0.087892	0.105251	0.050978	0.007969
contig_4_segment0	1262513	1300129	0.038966	0.047164	0.024383	-0.003549
contig_4_segment0	1300257	1335435	0.006242	0.007694	0.003874	-0.005463
contig_4_segment0	1335437	1367014	0.095219	0.124688	0.059256	0.027711
contig_4_segment0	1367182	1397992	-0.053606	-0.077085	-0.034329	-0.039278
contig_4_segment0	1398263	1435549	0.087275	0.100861	0.049621	0.024372
contig_4_segment0	1435567	1469860	-0.088340	-0.121207	-0.049447	-0.050060
contig_4_segment0	1469894	1506424	-0.031829	-0.047640	-0.021593	-0.031868
contig_4_segment0	1506442	1538602	-0.012971	-0.021922	-0.008950	-0.018011
contig_4_segment0	1538688	1576824	-0.045312	-0.065554	-0.028267	-0.029018
contig_4_segment0	1576829	1625783	-0.026938	-0.041336	-0.016010	-0.030412
contig_4_segment0	1625810	1680438	0.007646	0.010502	0.004800	-0.008957
contig_4_segment0	1680613	1746537	-0.030857	-0.039644	-0.018718	-0.026851
contig_4_segment0	1746695	1794847	-0.034934	-0.051099	-0.018658	-0.038813
contig_4_segment0	1794885	1863071	-0.020251	-0.028396	-0.010777	-0.028750
contig_4_segment0	1863115	1916868	-0.006756	-0.010408	-0.004654	-0.001772
contig_4_segment0	1916869	1968443	0.058440	0.061678	0.029880	0.010786
contig_4_segment0	1968555	2011268	0.020919	0.029755	0.013043	0.001854
contig_4_segment0	2011297	2053470	-0.019390	-0.030936	-0.012978	-0.018479
contig_4_segment0	2053505	2091511	-0.039626	-0.052149	-0.024285	-0.030170
contig_4_segment0	2091534	2132286	0.015343	0.020812	0.009569	-0.011434
contig_4_segment0	2132298	2180488	-0.052737	-0.065087	-0.029323	-0.033715
contig_4_segment0	2180515	2227962	0.055448	0.079159	0.033573	0.005942
contig_4_segment0	2228316	2288840	0.037542	0.044679	0.022823	-0.000940
contig_4_segment0	2288845	2337144	0.110569	0.118414	0.067809	0.043778
contig_4_segment0	2337298	2400583	0.024799	0.025048	0.012059	-0.002664
contig_4_segment0	2400682	2454356	0.054099	0.055999	0.029501	0.019219
contig_4_segment0	2454476	2493067	0.018601	0.024795	0.010964	-0.014720
contig_4_segment0	2493318	2528015	0.054174	0.068355	0.040601	0.024400
contig_4_segment0	2528498	2612927	-0.113003	-0.117147	-0.056411	-0.063422
contig_4_segment0	2612929	2686140	0.034792	0.044264	0.019661	-0.003166
contig_4_segment0	2686436	2770236	-0.022452	-0.028442	-0.012308	-0.025679
contig_4_segment0	2770247	2893624	0.009299	0.009259	0.004470	-0.004270
contig_4_segment0	2894067	2944406	0.062920	0.094156	0.043624	0.023776
contig_4_segment0	2944408	3020128	0.023719	0.024592	0.013481	0.006485
contig_4_segment0	3020147	3080885	0.039062	0.044705	0.020724	-0.000294
contig_4_segment0	3080889	3142003	-0.007255	-0.011998	-0.004701	-0.016886
contig_4_segment0	3142008	3211893	-0.100674	-0.112782	-0.055170	-0.066704
contig_4_segment0	3211901	3298407	0.023320	0.022606	0.010476	0.004927
contig_4_segment0	3298662	3367844	0.030873	0.032611	0.016209	0.000090
contig_4_segment0	3367877	3414257	0.007114	0.009339	0.004617	-0.007283
contig_4_segment0	3414284	3474516	0.065288	0.071631	0.034094	0.025033
contig_4_segment0	3474679	3535911	-0.030324	-0.036550	-0.016201	-0.014206
contig_4_segment0	3535914	3606181	0.004652	0.004612	0.002333	-0.010650
contig_4_segment0	3606206	3667916	-0.041318	-0.058608	-0.022249	-0.045162
contig_4_segment0	3667927	3733713	0.094303	0.102975	0.050538	0.032551
contig_4_segment0	3733723	3799335	-0.027362	-0.032876	-0.014352	-0.030222
contig_4_segment0	3799455	3846777	-0.051534	-0.067775	-0.028113	-0.037413
contig_4_segment0	3846826	3925129	-0.076460	-0.099231	-0.039532	-0.045831
contig_4_segment0	3925160	3984414	0.055951	0.071332	0.028933	0.011968
contig_4_segment0	3984418	4040585	-0.059735	-0.088492	-0.035107	-0.042392
contig_4_segment0	4040586	4105268	0.024045	0.025420	0.012800	-0.010069
contig_4_segment0	4105289	4161220	-0.006403	-0.008146	-0.004050	-0.011518
contig_4_segment0	4161519	4214445	0.018742	0.023993	0.012506	-0.006264
contig_4_segment0	4214451	4300882	0.070047	0.068091	0.031580	0.023236
contig_4_segment0	4301155	4374185	-0.027572	-0.035595	-0.013573	-0.030098
contig_4_segment0	4374520	4453544	-0.012779	-0.014598	-0.006015	-0.015933
contig_4_segment0	4453679	4529021	-0.016688	-0.018836	-0.008942	-0.014685
contig_4_segment0	4529120	4591232	0.066964	0.094280	0.040000	0.020181
contig_4_segment0	4591282	4600649	-0.030337	-0.123733	-0.063738	-0.019258
contig_4_segment0	4600650	4648045	-0.044948	-0.080352	-0.037251	-0.018682
contig_4_segment0	4648050	4720786	-0.014153	-0.016101	-0.006609	-0.020026
contig_4_segment0	4720809	4772169	0.023088	0.030056	0.013821	0.004013
contig_4_segment0	4772190	4836288	-0.001569	-0.001959	-0.000770	-0.017897
contig_4_segment0	4836317	4897097	-0.047541	-0.057793	-0.024696	-0.041384
contig_4_segment0	4897130	4959341	-0.014039	-0.016688	-0.007000	-0.020404
contig_4_segment0	4959395	5048879	0.054434	0.052026	0.028011	0.016956
contig_4_segment0	5048884	5089501	0.079923	0.129782	0.069921	0.035562
contig_4_segment0	5089503	5160598	-0.012147	-0.013049	-0.005505	-0.022041
contig_4_segment0	5160605	5228323	0.023996	0.028002	0.010782	-0.000634
contig_4_segment0	5228384	5319010	0.048384	0.048687	0.022675	0.008550
contig_4_segment0	5319241	5403337	0.138696	0.140585	0.066380	0.057790
contig_4_segment0	5403367	5475735	0.058002	0.065768	0.027778	0.013375
contig_4_segment0	5475753	5545445	0.004316	0.004491	0.002018	-0.019831
contig_4_segment0	5545506	5645396	-0.011019	-0.012619	-0.005308	-0.019735
contig_4_segment0	5645833	5703310	-0.079802	-0.124540	-0.054159	-0.036627
contig_4_segment0	5703360	5779824	-0.073929	-0.101680	-0.036991	-0.037802
contig_4_segment0	5779825	5837280	-0.019135	-0.024132	-0.011007	-0.023395
contig_4_segment0	5837283	5900485	0.081392	0.078720	0.041406	0.024479
contig_4_segment0	5900846	5958900	0.021187	0.020979	0.011041	-0.005963
contig_4_segment0	5959080	6032996	0.027913	0.030549	0.014636	0.006458
contig_4_segment0	6033086	6105924	-0.018816	-0.022719	-0.009296	-0.023107
contig_4_segment0	6106094	6194211	-0.043461	-0.041257	-0.018835	-0.035203
contig_4_segment0	6194343	6248108	-0.035518	-0.052594	-0.020372	-0.031690
contig_4_segment0	6248157	6363847	0.019134	0.016238	0.007874	-0.006049
contig_4_segment0	6363930	6446538	0.028406	0.024332	0.011168	-0.003632
contig_4_segment0	6446580	6544519	0.125863	0.147866	0.059108	0.048523
contig_4_segment0	6544576	6634696	0.007351	0.007359	0.003293	-0.010210
contig_4_segment0	6634780	6742901	-0.106280	-0.076451	-0.036118	-0.064322
contig_4_segment0	6743109	6842714	0.003287	0.003132	0.001515	-0.007981
contig_4_segment0	6842850	6958538	-0.004692	-0.004265	-0.001921	-0.023979
contig_4_segment0	6958998	7045244	0.103355	0.106616	0.050427	0.032219
contig_4_segment0	7045247	7126501	-0.067511	-0.073857	-0.037017	-0.039071
contig_4_segment0	7126736	7210891	-0.022399	-0.032008	-0.013397	-0.019522
contig_4_segment0	7210901	7283967	-0.132730	-0.191502	-0.071316	-0.074854
contig_4_segment0	7283969	7362009	0.007503	0.009964	0.004229	-0.004118
contig_4_segment0	7362068	7493131	0.046628	0.040948	0.018035	0.010397
contig_4_segment0	7493169	7615351	-0.091470	-0.082373	-0.036454	-0.069306
contig_4_segment0	7616213	7716142	0.012852	0.011888	0.006516	-0.000488
contig_4_segment0	7716184	7820487	0.063463	0.056494	0.025181	0.015135
contig_4_segment0	7820574	7907994	0.079798	0.072633	0.035932	0.021061
contig_4_segment0	7908323	8032537	-0.016034	-0.014839	-0.006013	-0.023456
contig_4_segment0	8032564	8157946	-0.027288	-0.026979	-0.011516	-0.027375
contig_4_segment0	8157962	8276507	0.061259	0.054237	0.023229	0.011598
contig_4_segment0	8276648	8367994	0.116073	0.123152	0.052058	0.047429
contig_4_segment0	8368000	8452294	-0.025814	-0.027864	-0.011233	-0.027851
contig_4_segment0	8452354	8522850	0.060146	0.063390	0.028606	0.006161
contig_4_segment0	8523006	8589755	-0.029504	-0.038787	-0.013922	-0.062855
contig_4_segment0	8589757	8675100	-0.027085	-0.025470	-0.011631	-0.030278
contig_4_segment0	8675534	8764998	-0.030941	-0.028128	-0.012546	-0.026782
contig_4_segment0	8765098	8856594	0.046155	0.048588	0.022979	0.007275
contig_4_segment0	8856621	8934820	0.108111	0.113033	0.064001	0.043174
contig_4_segment0	8935092	9026319	0.058851	0.053074	0.024474	0.003436
contig_4_segment0	9026680	9185657	0.043208	0.032493	0.015478	0.013753
contig_4_segment0	9186173	9354646	0.217224	0.141825	0.064480	0.088079
contig_4_segment0	9354825	9485427	0.097404	0.067075	0.026622	0.026181
contig_4_segment0	9485443	9674998	-0.065895	-0.040797	-0.017330	-0.044216
contig_4_segment0	9675056	9829410	-0.092011	-0.065238	-0.030535	-0.053262
contig_4_segment0	9829622	10014063	0.073543	0.043966	0.022837	0.024061
contig_4_segment0	10014064	10144567	0.083861	0.061327	0.027665	0.028353
contig_4_segment0	10144915	10326341	0.138272	0.107080	0.045933	0.055195
contig_4_segment0	10326524	10462672	0.212988	0.216574	0.079607	0.080606
contig_4_segment0	10462853	10562482	0.060401	0.093899	0.027178	0.013251
contig_4_segment0	10562890	10768864	0.242825	0.143700	0.075626	0.094735
contig_4_segment0	10768877	10918952	0.020016	0.015045	0.006873	-0.002764
contig_4_segment0	10919124	11061240	0.211716	0.125404	0.062771	0.080672
contig_4_segment0	11061308	11179501	-0.006779	-0.005268	-0.002297	-0.017712
contig_4_segment0	11179559	11309037	-0.014500	-0.012366	-0.005406	-0.013974
contig_4_segment0	11309977	11422782	-0.035288	-0.029499	-0.012989	-0.023469
contig_4_segment0	11422783	11548065	0.180147	0.168402	0.062517	0.066678
contig_4_segment0	11548070	11646686	0.182795	0.162174	0.079360	0.074292
contig_4_segment0	11646689	11761162	-0.084534	-0.080390	-0.035034	-0.038267
contig_4_segment0	11761422	11867871	-0.118069	-0.113034	-0.046128	-0.062914
contig_4_segment0	11867991	12015397	0.122999	0.100827	0.046872	0.047770
contig_4_segment0	12015800	12226385	-0.022115	-0.012617	-0.006503	-0.012550
contig_4_segment0	12227931	12399540	-0.003728	-0.002645	-0.001333	-0.014520
contig_4_segment0	12399551	12519080	0.016543	0.017410	0.007304	-0.003172
contig_4_segment0	12519095	12716191	0.031501	0.014592	0.008356	0.005423
contig_4_segment0	12716552	12859483	-0.022614	-0.016735	-0.007736	-0.026311
contig_4_segment0	12859509	13054445	0.108927	0.060315	0.031038	0.033652
contig_4_segment0	13054461	13240632	0.123838	0.077063	0.038914	0.043895
contig_4_segment0	13240650	13395836	0.026267	0.022294	0.010716	0.007697
contig_4_segment0	13395838	13536088	-0.054652	-0.035291	-0.017953	-0.045469
contig_4_segment0	13536092	13638538	0.010713	0.013917	0.005633	-0.010879
contig_4_segment0	13638569	13748962	0.227086	0.167796	0.092962	0.095149
contig_4_segment0	13748963	13867571	0.004086	0.002855	0.001366	-0.018184
contig_4_segment0	13867581	13960471	0.038560	0.033916	0.018196	0.005188
contig_4_segment0	13960566	14061723	0.006840	0.005328	0.002734	-0.016737
contig_4_segment0	14061746	14213684	0.098438	0.064728	0.030816	0.033869
contig_4_segment0	14213894	14364478	0.043034	0.028044	0.013634	0.014748
contig_4_segment0	14365334	14521094	0.152534	0.092079	0.043777	0.056534
contig_4_segment0	14521097	14654138	-0.018207	-0.010880	-0.005472	-0.020986
contig_4_segment0	14654237	14781078	0.176595	0.122890	0.054958	0.086552
contig_4_segment0	14782241	14956309	0.047834	0.025557	0.013619	0.011318
contig_4_segment0	14956335	15139675	0.192902	0.108647	0.052840	0.083169
contig_4_segment0	15139715	15306357	0.126574	0.085681	0.040299	0.050746
contig_4_segment0	15306495	15502534	0.120859	0.067182	0.033720	0.052780
contig_4_segment0	15502927	15648362	0.109317	0.081828	0.041932	0.040639
contig_4_segment0	15648852	15881568	0.279535	0.162676	0.090366	0.155613
contig_4_segment0	15881749	16077231	0.005994	0.002916	0.001661	-0.002622
contig_4_segment0	16077234	16242654	0.244282	0.162541	0.092591	0.137410
contig_4_segment0	16242656	16497133	-0.004616	-0.001444	-0.000922	-0.010628
contig_4_segment0	16497209	16629350	0.096987	0.061209	0.032110	0.043264
contig_4_segment0	16629406	16797529	0.216359	0.130451	0.060628	0.098176
contig_4_segment0	16797902	17034034	-0.217189	-0.106041	-0.063386	-0.123882
contig_4_segment0	17034065	17357657	0.139145	0.042360	0.030472	0.059600
contig_4_segment0	17357677	17571691	0.286538	0.142253	0.076016	0.157011
contig_4_segment0	17572292	17720904	0.393996	0.257094	0.128469	0.209327
contig_4_segment0	17721019	17855348	-0.106073	-0.061334	-0.031856	-0.074058
contig_4_segment0	17855369	18030857	0.018748	0.008127	0.004691	-0.011648
contig_4_segment0	18030993	18196228	-0.203213	-0.121719	-0.059534	-0.108906
contig_4_segment0	18196231	18404239	0.157380	0.096801	0.044237	0.051643
contig_4_segment0	18404380	18550019	0.100090	0.045801	0.028235	0.034882
contig_4_segment0	18550124	18769597	0.082481	0.032762	0.017811	0.032352
contig_4_segment0	18769602	19002742	0.025392	0.008674	0.004834	-0.010279
contig_4_segment0	19002747	19183689	-0.002350	-0.001000	-0.000543	-0.010185
contig_4_segment0	19184415	19386693	0.051202	0.017484	0.010754	0.008724
contig_4_segment0	19386745	19579894	0.001289	0.000698	0.000367	-0.020957
contig_4_segment0	19580100	19689009	0.413789	0.399187	0.184553	0.211193
contig_4_segment0	19689013	19723517	0.137595	0.308615	0.116177	0.046335
contig_4_segment0	19723599	19971032	0.256638	0.087615	0.053833	0.136898
contig_4_segment0	19971433	20183163	-0.141986	-0.032697	-0.024003	-0.070227
contig_4_segment0	20183205	20530475	-0.009773	-0.003914	-0.002241	-0.030234
contig_4_segment0	20530482	20744847	0.095497	0.048518	0.024520	0.035763
contig_4_segment0	20744848	20945659	0.315467	0.158997	0.084698	0.171476
contig_4_segment0	20945661	21055282	0.248096	0.174534	0.090432	0.117029
contig_4_segment0	21055293	21262266	0.118420	0.033236	0.024087	0.039993
contig_4_segment0	21262267	21378539	0.005332	0.002487	0.001871	-0.002129
contig_4_segment0	21378543	21517158	-0.047569	-0.030046	-0.018451	-0.023949
contig_4_segment0	21517162	21801686	-0.050842	-0.015092	-0.008979	-0.045537
contig_4_segment0	21801703	22060931	0.031899	0.010871	0.006530	-0.001369
contig_4_segment0	22060932	22455605	0.054355	0.017714	0.010455	0.021861
contig_4_segment0	22455676	22756641	0.026550	0.008668	0.004920	-0.004858
contig_4_segment0	22756838	23058676	0.019495	0.005588	0.003780	-0.007553
contig_4_segment0	23058685	23404294	-0.193649	-0.063544	-0.038307	-0.136978
contig_4_segment0	23405400	23550656	-0.046614	-0.030776	-0.017052	-0.021704
contig_4_segment0	23550661	23789104	-0.244181	-0.084198	-0.054370	-0.129989
contig_4_segment0	23789129	24353098	-0.331845	-0.052248	-0.034161	-0.186017
contig_4_segment0	24353129	24780859	-0.042349	-0.006911	-0.004394	-0.044734
contig_4_segment0	24780892	25002721	0.100349	0.023098	0.016652	0.037630
contig_4_segment0	25002722	25302012	-0.058528	-0.010413	-0.007345	-0.043413
contig_4_segment0	25302904	25580839	-0.309298	-0.094665	-0.062576	-0.204667
contig_4_segment0	25580849	25978088	0.197106	0.040906	0.026897	0.079051
contig_4_segment0	25978090	26424985	-0.015797	-0.002406	-0.001687	-0.027609
contig_4_segment0	26425292	26715208	-0.054478	-0.014628	-0.008956	-0.056021
contig_4_segment0	26715226	26739393	0.030961	0.067572	0.040982	0.012120
contig_4_segment0	26739396	26907522	-0.051796	-0.033800	-0.019174	-0.030033
contig_4_segment0	26907526	27129082	0.129029	0.045017	0.027904	0.041527
contig_4_segment0	27129342	27426607	0.682017	0.339895	0.185110	0.478588
contig_4_segment0	27426940	27706663	0.261873	0.074778	0.050778	0.111985
contig_4_segment0	27706697	27931919	0.095859	0.022387	0.015295	0.031347
contig_4_segment0	27932071	28102687	-0.051378	-0.020264	-0.012053	-0.037755
contig_4_segment0	28102698	28163269	-0.031983	-0.030552	-0.019072	-0.006126
contig_4_segment0	28163290	28486487	-0.134501	-0.025083	-0.016529	-0.098185
contig_4_segment0	28486512	28696652	-0.230507	-0.093890	-0.053211	-0.112771
contig_4_segment0	28696661	28844845	-0.054015	-0.025437	-0.017321	-0.031626
contig_4_segment0	28844850	29039813	-0.174315	-0.041461	-0.029044	-0.094782
contig_4_segment0	29039814	29232673	-0.223908	-0.092671	-0.047572	-0.121266
contig_4_segment0	29232675	29677048	-0.125958	-0.018691	-0.012351	-0.063230
contig_4_segment0	29677581	30262616	-0.222283	-0.020985	-0.015097	-0.121921
contig_4_segment0	30264871	30634356	-0.030394	-0.005580	-0.003838	-0.034324
contig_4_segment0	30634866	31101685	-0.117440	-0.014446	-0.009872	-0.097751
contig_4_segment0	31101699	31413502	-0.192442	-0.041245	-0.027937	-0.109014
contig_4_segment0	31413505	31798783	-0.136446	-0.022547	-0.014702	-0.085351
contig_4_segment0	31798785	31991483	-0.040466	-0.015407	-0.010468	-0.027997
contig_4_segment0	31991484	31995990	0.001265	0.007654	0.003677	-0.001439
contig_4_segment0	31995991	32017200	0.102078	0.151242	0.095134	0.074862
contig_4_segment0	32017201	32198592	-0.259636	-0.109123	-0.061820	-0.108197
contig_4_segment0	32198598	32565614	-0.012281	-0.002228	-0.001551	-0.021044
contig_4_segment0	32566019	32846569	0.208214	0.079967	0.045242	0.087811
contig_4_segment0	32846570	33305720	-0.108717	-0.016402	-0.011322	-0.075776
contig_4_segment0	33305751	33658102	-0.015110	-0.004210	-0.002738	-0.004117
contig_4_segment0	33658105	34085532	-0.173246	-0.023511	-0.018621	-0.069235
contig_4_segment0	34085542	34443619	-0.012267	-0.003136	-0.002018	-0.030338
contig_4_segment0	34443620	34748824	0.160705	0.047264	0.028798	0.075498
contig_4_segment0	34748851	35073681	0.213543	0.090135	0.046254	0.115252
contig_4_segment0	35074165	35424854	-0.221455	-0.052849	-0.031339	-0.115774
contig_4_segment0	35425306	35744393	0.590686	0.224850	0.138244	0.384582
contig_4_segment0	35744399	36057405	-0.032449	-0.006890	-0.004186	-0.034448
