chr	windowStart	windowEnd	D	f_d	f_dM	d_f
contig_1888_segment0	55371	494778	0.184446	0.277814	0.161324	0.076067
contig_1888_segment0	254946	699851	0.191945	0.306652	0.176419	0.077765
contig_1888_segment0	349559	866846	0.213962	0.326360	0.179489	0.089979
contig_1888_segment0	494780	923731	0.181342	0.293564	0.153029	0.071191
contig_1888_segment0	699852	1048117	0.149384	0.260175	0.127929	0.057110
contig_1888_segment0	866859	1115385	0.137291	0.258464	0.122775	0.047519
contig_1888_segment0	923732	1310410	0.121445	0.138690	0.078361	0.046043
contig_1888_segment0	1048120	1540794	0.062601	0.050877	0.030105	0.018630
contig_1888_segment0	1116141	1912245	0.025383	0.013283	0.008233	0.002463
contig_1888_segment0	1310705	2077096	0.010441	0.005380	0.003300	-0.005824
contig_1888_segment0	1540798	2329268	-0.027308	-0.014514	-0.008503	-0.023636
contig_1888_segment0	1912303	2500602	-0.038188	-0.028863	-0.015149	-0.025529
contig_1888_segment0	2077097	2681809	-0.049037	-0.037195	-0.018775	-0.035298
contig_1888_segment0	2329503	2814888	0.004091	0.003543	0.001741	-0.011409
contig_1888_segment0	2501309	2918162	0.018187	0.015130	0.007723	-0.011286
contig_1888_segment0	2681899	3017517	0.038618	0.035054	0.017312	0.001282
contig_1888_segment0	2814926	3104043	0.005048	0.004687	0.002334	-0.014227
contig_1888_segment0	2918238	3184477	0.007089	0.007342	0.003624	-0.005820
contig_1888_segment0	3017587	3288695	-0.002405	-0.002292	-0.001190	-0.014618
contig_1888_segment0	3104237	3449678	0.036972	0.030675	0.016131	0.003881
contig_1888_segment0	3184478	3631116	0.008455	0.006223	0.003248	-0.014104
contig_1888_segment0	3288828	3800770	0.015823	0.011866	0.005865	-0.007390
contig_1888_segment0	3449932	3938674	-0.021210	-0.017403	-0.008285	-0.023388
contig_1888_segment0	3631124	4050549	-0.014778	-0.013418	-0.006212	-0.016057
contig_1888_segment0	3800807	4154437	-0.012995	-0.012279	-0.005842	-0.012935
contig_1888_segment0	3938724	4236125	0.011963	0.011786	0.005727	-0.002937
contig_1888_segment0	4050643	4337062	-0.004413	-0.004182	-0.002087	-0.012262
contig_1888_segment0	4154662	4451253	-0.041474	-0.039214	-0.019352	-0.033503
contig_1888_segment0	4236152	4594215	-0.057168	-0.047529	-0.023616	-0.043659
contig_1888_segment0	4337113	4729141	-0.033963	-0.026694	-0.013726	-0.035504
contig_1888_segment0	4451259	4832659	-0.001720	-0.001310	-0.000701	-0.020572
contig_1888_segment0	4594221	4914124	0.021777	0.018868	0.010111	-0.006183
contig_1888_segment0	4729195	4992104	0.018192	0.018068	0.009152	-0.004752
contig_1888_segment0	4832676	5083154	0.026251	0.028697	0.013751	-0.000763
contig_1888_segment0	4914182	5177273	0.015674	0.015872	0.007489	-0.009187
contig_1888_segment0	4992377	5274596	0.034277	0.032889	0.016055	-0.002012
contig_1888_segment0	5083241	5362357	0.025586	0.024334	0.011581	-0.009610
contig_1888_segment0	5177274	5451319	0.004546	0.004902	0.002212	-0.019175
contig_1888_segment0	5274603	5526094	0.024756	0.027781	0.012350	-0.007918
contig_1888_segment0	5362371	5595538	0.023110	0.027416	0.012278	-0.005064
contig_1888_segment0	5451334	5672378	-0.006406	-0.007593	-0.003340	-0.018118
contig_1888_segment0	5526121	5781384	-0.035978	-0.038347	-0.017147	-0.033362
contig_1888_segment0	5595557	5917985	-0.044130	-0.042265	-0.019376	-0.038615
contig_1888_segment0	5672475	6058140	-0.038501	-0.033290	-0.016177	-0.038004
contig_1888_segment0	5781393	6158528	-0.080922	-0.074294	-0.034076	-0.058327
contig_1888_segment0	5918040	6239351	-0.090304	-0.094278	-0.041435	-0.062034
contig_1888_segment0	6058151	6336822	-0.025959	-0.028094	-0.012568	-0.026640
contig_1888_segment0	6158558	6450411	-0.041799	-0.043835	-0.020481	-0.035533
contig_1888_segment0	6239359	6571141	-0.035113	-0.032800	-0.015817	-0.032099
contig_1888_segment0	6336836	6701568	-0.018582	-0.015866	-0.008020	-0.027782
contig_1888_segment0	6450805	6833728	0.038972	0.032870	0.017100	0.001663
contig_1888_segment0	6571164	6943522	0.039434	0.032557	0.017419	0.002927
contig_1888_segment0	6701572	7048266	-0.011249	-0.009480	-0.005110	-0.018217
contig_1888_segment0	6833742	7144706	-0.037265	-0.031636	-0.017155	-0.027525
contig_1888_segment0	6943636	7219409	-0.022344	-0.020832	-0.011248	-0.017048
contig_1888_segment0	7048348	7292257	-0.009445	-0.009760	-0.004970	-0.013077
contig_1888_segment0	7144769	7362515	-0.000069	-0.000076	-0.000037	-0.008607
contig_1888_segment0	7219422	7430837	-0.010014	-0.010803	-0.005168	-0.016625
contig_1888_segment0	7292330	7495465	0.005930	0.005990	0.002945	-0.010514
contig_1888_segment0	7362517	7555691	-0.016316	-0.016305	-0.008194	-0.022727
contig_1888_segment0	7430868	7615641	0.003884	0.003763	0.001990	-0.010608
contig_1888_segment0	7495467	7689998	-0.007176	-0.006802	-0.003644	-0.012496
contig_1888_segment0	7555693	7749914	0.043559	0.041616	0.022561	0.011522
contig_1888_segment0	7615662	7804269	0.041416	0.041656	0.021252	0.006223
contig_1888_segment0	7690169	7878909	0.032413	0.033449	0.016680	-0.001842
contig_1888_segment0	7750053	7950269	0.001201	0.001177	0.000591	-0.015966
contig_1888_segment0	7804275	8027025	0.009360	0.008285	0.004319	-0.016347
contig_1888_segment0	7878971	8102295	0.021572	0.019452	0.010212	-0.008776
contig_1888_segment0	7950724	8178687	-0.001262	-0.001192	-0.000598	-0.021964
contig_1888_segment0	8027163	8246047	-0.009174	-0.009282	-0.004680	-0.017569
contig_1888_segment0	8102309	8312547	-0.004967	-0.004884	-0.002497	-0.013282
contig_1888_segment0	8178704	8386431	0.032113	0.031548	0.016667	0.011080
contig_1888_segment0	8246123	8472719	0.024118	0.022920	0.011980	0.006608
contig_1888_segment0	8312779	8568215	0.006363	0.006298	0.003162	-0.000829
contig_1888_segment0	8386487	8645153	-0.012599	-0.012291	-0.006140	-0.013425
contig_1888_segment0	8472769	8732048	0.006242	0.006373	0.003191	-0.004353
contig_1888_segment0	8568312	8843379	0.022584	0.022369	0.011740	0.002516
contig_1888_segment0	8645236	8968841	0.028288	0.027281	0.013811	0.002756
contig_1888_segment0	8732052	9086255	-0.012227	-0.011517	-0.005752	-0.016780
contig_1888_segment0	8843409	9234008	-0.044466	-0.042139	-0.020064	-0.035731
contig_1888_segment0	8968867	9377582	-0.033354	-0.029860	-0.014909	-0.028630
contig_1888_segment0	9086677	9582384	0.011771	0.009919	0.004906	-0.007413
contig_1888_segment0	9234024	9739982	0.060150	0.046673	0.023839	0.017797
contig_1888_segment0	9377883	9851654	0.053128	0.040984	0.021276	0.011521
contig_1888_segment0	9582405	9956439	0.012662	0.009865	0.005152	-0.009954
contig_1888_segment0	9740145	10060392	-0.001805	-0.001540	-0.000796	-0.017241
contig_1888_segment0	9851952	10201557	0.019951	0.017514	0.009000	-0.006022
contig_1888_segment0	9956466	10386383	0.046170	0.038936	0.020789	0.007910
contig_1888_segment0	10060547	10521887	0.051288	0.042793	0.022711	0.011362
contig_1888_segment0	10201560	10615800	0.033700	0.028704	0.014780	0.001229
contig_1888_segment0	10386453	10697590	0.025531	0.022664	0.011577	-0.000059
contig_1888_segment0	10521998	10786929	0.012534	0.010826	0.005647	-0.009157
contig_1888_segment0	10615813	10859878	0.003252	0.002906	0.001515	-0.014577
contig_1888_segment0	10697627	10961907	-0.000538	-0.000485	-0.000252	-0.017096
contig_1888_segment0	10787038	11106899	0.013939	0.012098	0.006188	-0.005455
contig_1888_segment0	10859930	11608552	0.073934	0.051730	0.028052	0.026423
contig_1888_segment0	10962143	11616629	0.079281	0.070072	0.038756	0.029960
contig_235_segment0	7284	58355	0.019054	0.077469	0.040779	0.008359
contig_235_segment0	25858	68351	0.008534	0.035773	0.018390	0.001330
contig_235_segment0	47474	86427	0.006714	0.028363	0.014417	0.001152
contig_235_segment0	58361	102907	-0.014626	-0.070507	-0.032195	-0.008168
contig_235_segment0	68352	121909	-0.003794	-0.016454	-0.007390	0.000412
contig_235_segment0	86435	134833	0.004831	0.021190	0.009809	0.004527
contig_235_segment0	103004	156433	0.012834	0.049894	0.023699	0.006848
scaffold_335_segment0	134834	191691	0.081909	0.190320	0.100757	0.032712
scaffold_335_segment0	156437	309666	0.120208	0.235324	0.123184	0.048291
scaffold_335_segment0	38364	634513	0.252433	0.307671	0.152478	0.110896
scaffold_335_segment0	191699	951404	0.358058	0.313962	0.161579	0.181107
scaffold_335_segment0	309669	1160516	0.424964	0.313195	0.162223	0.237440
scaffold_335_segment0	635322	1276851	0.352313	0.264031	0.137278	0.193176
scaffold_335_segment0	951418	1285843	0.216947	0.220456	0.112176	0.097251
scaffold_335_segment0	1160823	1297006	0.077288	0.132743	0.066582	0.030465
scaffold_335_segment0	1276858	1459241	-0.000061	-0.000098	-0.000047	-0.007969
scaffold_335_segment0	1285871	1701024	0.012127	0.011781	0.005941	-0.008331
scaffold_335_segment0	1297027	1906646	0.036161	0.025926	0.013371	-0.002013
scaffold_335_segment0	1459311	2121347	0.029107	0.019879	0.010606	-0.001911
scaffold_335_segment0	1701025	2298168	0.009215	0.006569	0.003513	-0.010792
scaffold_335_segment0	1906710	2432489	-0.011331	-0.008515	-0.004466	-0.018959
scaffold_335_segment0	2121692	2529934	-0.006792	-0.005761	-0.002946	-0.017217
scaffold_335_segment0	2298219	2646736	0.010941	0.010199	0.005102	-0.007184
scaffold_335_segment0	2432581	2758968	0.026139	0.025980	0.012532	-0.001468
scaffold_335_segment0	2529945	2850662	0.001744	0.001702	0.000868	-0.013620
scaffold_335_segment0	2646737	2977187	0.010405	0.009079	0.004888	-0.008603
scaffold_335_segment0	2759107	3172942	0.055026	0.041117	0.023523	0.017718
scaffold_335_segment0	2850773	3357140	0.079834	0.055997	0.030325	0.028295
scaffold_335_segment0	2977257	3486601	0.105387	0.071175	0.037791	0.041825
scaffold_335_segment0	3172949	3611418	0.027771	0.019797	0.010360	-0.003265
scaffold_335_segment0	3357406	3723348	0.006177	0.004855	0.002508	-0.013868
scaffold_335_segment0	3486637	3834430	-0.024901	-0.021801	-0.009983	-0.031266
scaffold_335_segment0	3611478	3945714	0.016480	0.013816	0.006505	-0.011091
scaffold_335_segment0	3723701	4061370	0.044140	0.035707	0.017210	0.002048
scaffold_335_segment0	3834524	4170606	0.007494	0.005983	0.003043	-0.012852
scaffold_335_segment0	3945744	4291291	-0.027306	-0.023399	-0.011342	-0.027686
scaffold_335_segment0	4061472	4515590	0.043050	0.031858	0.015479	0.003846
scaffold_335_segment0	4170694	4670008	0.072942	0.049170	0.024755	0.016888
scaffold_335_segment0	4291394	4778757	0.064930	0.046130	0.022266	0.012908
scaffold_335_segment0	4515605	4873260	0.016145	0.012973	0.006264	-0.008864
scaffold_335_segment0	4670048	4964010	-0.021234	-0.020192	-0.009094	-0.028538
scaffold_335_segment0	4778762	5060895	-0.035348	-0.034743	-0.015804	-0.033927
scaffold_335_segment0	4873266	5150977	-0.051458	-0.049949	-0.023033	-0.042679
scaffold_335_segment0	4964119	5205640	-0.031700	-0.030292	-0.014784	-0.032301
scaffold_335_segment0	5060898	5234721	0.003794	0.004140	0.002075	-0.012867
scaffold_335_segment0	5151064	5391843	0.031749	0.031386	0.015751	-0.001433
scaffold_335_segment0	5205650	5539183	0.045570	0.039644	0.019991	0.007007
scaffold_335_segment0	5235106	5636923	0.114094	0.085394	0.042801	0.040418
scaffold_335_segment0	5391960	5723224	0.117640	0.095827	0.046906	0.042969
scaffold_335_segment0	5539240	5853062	0.120470	0.100768	0.047861	0.044532
scaffold_335_segment0	5636936	5961858	0.081953	0.071937	0.033782	0.027616
scaffold_335_segment0	5723628	6045140	0.027519	0.024043	0.011468	-0.002199
scaffold_335_segment0	5853066	6125554	0.005518	0.004941	0.002496	-0.011634
scaffold_335_segment0	5961948	6223193	-0.046698	-0.037748	-0.020450	-0.040865
scaffold_335_segment0	6045184	6314388	-0.039883	-0.029648	-0.016899	-0.037544
scaffold_335_segment0	6125562	6402064	-0.018364	-0.013471	-0.007785	-0.027571
scaffold_335_segment0	6223254	6486018	-0.032953	-0.025941	-0.014787	-0.033964
scaffold_335_segment0	6314405	6563837	-0.012506	-0.010218	-0.005864	-0.021439
scaffold_335_segment0	6402070	6639610	0.001175	0.001026	0.000553	-0.013655
scaffold_335_segment0	6486143	6664462	0.069631	0.069961	0.037325	0.025479
scaffold_335_segment0	6563898	6695995	0.052845	0.059405	0.029870	0.013708
scaffold_335_segment0	6639907	6749014	0.032660	0.040963	0.021653	0.007275
scaffold_335_segment0	6664519	6882762	-0.002395	-0.002225	-0.001212	-0.014083
scaffold_335_segment0	6696012	7010226	0.012309	0.011047	0.005894	-0.004878
scaffold_335_segment0	6749080	7114442	0.039501	0.029084	0.015956	0.004564
scaffold_335_segment0	6882769	7225400	0.005767	0.004374	0.002396	-0.011670
scaffold_335_segment0	7010967	7319294	0.008856	0.006533	0.003590	-0.012928
scaffold_335_segment0	7114527	7449557	-0.008527	-0.006244	-0.003483	-0.024146
scaffold_335_segment0	7225414	7638799	0.046505	0.032910	0.018027	0.004382
scaffold_335_segment0	7319318	7805936	0.053550	0.035224	0.019639	0.008955
scaffold_335_segment0	7450480	7971413	0.046547	0.032123	0.016616	0.004908
scaffold_335_segment0	7638824	8148011	-0.018342	-0.013535	-0.006668	-0.031584
scaffold_335_segment0	7806060	8320136	-0.029335	-0.022064	-0.010864	-0.033294
scaffold_335_segment0	7971523	8531795	-0.036999	-0.025522	-0.013064	-0.036033
scaffold_335_segment0	8148042	8678087	-0.009621	-0.006175	-0.003249	-0.020798
scaffold_335_segment0	8320137	8819640	0.016719	0.011853	0.005923	-0.008717
scaffold_335_segment0	8532182	8995445	0.001792	0.001376	0.000665	-0.018876
scaffold_335_segment0	8678429	9185387	0.034404	0.024094	0.012324	-0.002731
scaffold_335_segment0	8819658	9340356	0.104327	0.070334	0.037152	0.035639
scaffold_335_segment0	8995635	9585795	0.143729	0.086029	0.046880	0.061493
scaffold_335_segment0	9185506	9780984	0.175127	0.113187	0.061229	0.082751
scaffold_335_segment0	9340377	9972201	0.083951	0.054941	0.029326	0.031690
scaffold_335_segment0	9586678	10183807	0.102987	0.076805	0.039809	0.040792
scaffold_335_segment0	9781021	10375936	0.095686	0.075158	0.035845	0.040044
scaffold_335_segment0	9973960	10614794	0.114432	0.069799	0.038642	0.051183
scaffold_335_segment0	10183974	10833296	0.039493	0.021573	0.012738	0.009840
scaffold_335_segment0	10376577	11002108	0.100220	0.055649	0.034363	0.042760
scaffold_335_segment0	10614826	11177354	0.088698	0.059118	0.034002	0.031054
scaffold_335_segment0	10833532	11394676	0.192908	0.133117	0.073089	0.083259
scaffold_335_segment0	11002111	11549551	0.110289	0.073162	0.038180	0.038554
scaffold_335_segment0	11177355	11658118	0.168283	0.117711	0.058066	0.070332
scaffold_335_segment0	11394763	11833730	0.192002	0.141023	0.070477	0.084036
scaffold_335_segment0	11549633	12008322	0.194183	0.130975	0.069905	0.089298
scaffold_335_segment0	11658125	12196615	0.211132	0.126313	0.068195	0.099948
scaffold_335_segment0	11833803	12367814	0.121777	0.072503	0.038731	0.050368
scaffold_335_segment0	12008340	12482345	0.094893	0.060222	0.031905	0.035217
scaffold_335_segment0	12196639	12676595	0.058822	0.036513	0.020050	0.017965
scaffold_335_segment0	12368036	12924559	0.112826	0.063892	0.034483	0.044995
scaffold_335_segment0	12482417	13115873	0.058640	0.031986	0.017091	0.015277
scaffold_335_segment0	12676853	13370107	0.059560	0.032744	0.017460	0.014998
scaffold_335_segment0	12924607	13603835	0.070416	0.041350	0.021574	0.019201
scaffold_335_segment0	13115972	13839941	0.186810	0.106363	0.055447	0.088610
scaffold_335_segment0	13370228	14068666	0.222799	0.120773	0.063921	0.108659
scaffold_335_segment0	13604575	14336734	0.156648	0.086280	0.044897	0.073050
scaffold_335_segment0	13840022	14679211	0.110985	0.048445	0.027358	0.043058
scaffold_335_segment0	14068907	15095846	-0.002075	-0.000736	-0.000434	-0.015577
scaffold_335_segment0	14336948	15428456	-0.030628	-0.010702	-0.006447	-0.033816
scaffold_335_segment0	14679547	15786104	-0.039588	-0.015629	-0.009193	-0.039812
scaffold_335_segment0	15095905	16142238	-0.020840	-0.009775	-0.005546	-0.033514
scaffold_335_segment0	15428763	16482833	0.046633	0.020838	0.011888	0.008482
scaffold_335_segment0	15787254	16697353	0.119640	0.057385	0.031761	0.049700
scaffold_335_segment0	16142788	16889507	0.116974	0.061226	0.034218	0.052884
scaffold_335_segment0	16482991	17003238	0.125296	0.078162	0.044181	0.058288
scaffold_335_segment0	16697418	17190114	0.071767	0.044402	0.025173	0.026039
scaffold_335_segment0	16889512	17361066	0.125527	0.080739	0.043943	0.055739
scaffold_335_segment0	17003743	17578390	0.129772	0.073402	0.039552	0.058471
scaffold_335_segment0	17190695	17783234	0.113602	0.067710	0.037630	0.052412
scaffold_335_segment0	17361159	17950897	0.074931	0.044473	0.024702	0.029575
scaffold_335_segment0	17578838	18099442	0.006389	0.003990	0.002288	-0.007364
scaffold_335_segment0	17783268	18254187	-0.005598	-0.003359	-0.001942	-0.012470
scaffold_335_segment0	17950901	18453182	-0.013926	-0.008060	-0.004706	-0.016893
scaffold_335_segment0	18099485	18669358	0.005252	0.003054	0.001821	-0.005818
scaffold_335_segment0	18254203	18884321	0.091251	0.051498	0.029200	0.037803
scaffold_335_segment0	18453191	19104712	0.099501	0.052472	0.029832	0.036772
scaffold_335_segment0	18669595	19339609	0.104483	0.059153	0.030011	0.033512
scaffold_335_segment0	18884454	19677128	0.072843	0.044635	0.021659	0.018229
scaffold_335_segment0	19104758	19958833	0.182938	0.119553	0.056257	0.086820
scaffold_335_segment0	19339632	20189586	0.252271	0.163876	0.079540	0.137942
scaffold_335_segment0	19677370	20434535	0.235618	0.142878	0.074535	0.125252
scaffold_335_segment0	19959286	20722719	0.119666	0.075043	0.038140	0.044906
scaffold_335_segment0	20189922	20920802	-0.008323	-0.005285	-0.002565	-0.025056
scaffold_335_segment0	20435048	21158271	-0.020834	-0.014206	-0.006794	-0.030388
scaffold_335_segment0	20722753	21370833	-0.060994	-0.041639	-0.020275	-0.046702
scaffold_335_segment0	20920904	21602278	0.086620	0.057465	0.030066	0.038360
scaffold_335_segment0	21158272	21793936	0.151303	0.104441	0.051890	0.077049
scaffold_335_segment0	21370988	21977803	0.300471	0.214260	0.101876	0.183674
scaffold_335_segment0	21602279	22248853	0.291461	0.183493	0.087383	0.166163
scaffold_335_segment0	21794012	22429894	0.207244	0.128450	0.061716	0.099605
scaffold_335_segment0	21977804	22820725	-0.005702	-0.002855	-0.001617	-0.022395
scaffold_335_segment0	22248868	23028083	-0.073699	-0.042604	-0.026215	-0.048405
scaffold_335_segment0	22429992	23402343	0.084875	0.041311	0.024973	0.031133
scaffold_335_segment0	22821828	23972152	0.195824	0.070340	0.044783	0.100462
scaffold_335_segment0	23028126	24597799	0.098945	0.023180	0.015781	0.039895
scaffold_335_segment0	23402348	25132871	0.016187	0.003813	0.002565	-0.003401
scaffold_335_segment0	23972161	25656999	0.109847	0.029754	0.019300	0.043215
scaffold_335_segment0	24597803	26156611	0.174953	0.056695	0.034077	0.092071
scaffold_335_segment0	25132872	26508627	0.174209	0.053086	0.033364	0.094536
scaffold_335_segment0	25659372	26757291	0.098517	0.032585	0.020032	0.049180
scaffold_335_segment0	26156906	26873241	0.038528	0.018067	0.010653	0.010649
scaffold_335_segment0	26508732	27047730	0.040806	0.026142	0.014024	0.007926
scaffold_335_segment0	26757293	27264521	0.052794	0.042367	0.020788	0.014114
scaffold_335_segment0	26873248	27488458	0.246524	0.176545	0.094872	0.138204
scaffold_335_segment0	27047792	27657618	0.290119	0.207232	0.113523	0.168023
scaffold_335_segment0	27264522	27831329	0.329342	0.234932	0.132310	0.180866
scaffold_335_segment0	27488646	28160172	0.286849	0.165744	0.094778	0.141598
scaffold_335_segment0	27658701	28385598	0.264589	0.145173	0.086106	0.111676
scaffold_335_segment0	27831354	28756209	0.321422	0.168137	0.098627	0.147531
scaffold_335_segment0	28160193	29039502	0.221810	0.120697	0.072005	0.096430
scaffold_335_segment0	28386303	29190075	0.195404	0.116141	0.069071	0.081267
scaffold_335_segment0	28756214	29501092	-0.005890	-0.003339	-0.002146	-0.012725
scaffold_335_segment0	29039508	29713442	0.149452	0.097322	0.058239	0.065508
scaffold_335_segment0	29190830	29976902	0.306994	0.185772	0.105085	0.183925
scaffold_335_segment0	29501437	30321622	0.479935	0.285134	0.155692	0.285957
scaffold_335_segment0	29713471	30603713	0.346796	0.197288	0.108645	0.210018
scaffold_335_segment0	29976931	30792736	0.157434	0.080866	0.047696	0.077017
scaffold_335_segment0	30321624	30951693	-0.022536	-0.013006	-0.007914	-0.026572
scaffold_335_segment0	30603757	31085979	-0.064195	-0.035066	-0.022891	-0.040391
scaffold_335_segment0	30792740	31256145	-0.070588	-0.043323	-0.026701	-0.048569
scaffold_335_segment0	30951697	31505884	0.078733	0.045236	0.027573	0.033131
scaffold_335_segment0	31085986	31718468	0.073447	0.040241	0.025072	0.029255
scaffold_335_segment0	31256227	31901353	0.150100	0.079174	0.051140	0.076672
scaffold_335_segment0	31505944	32311652	0.060252	0.026340	0.017279	0.024866
scaffold_335_segment0	31719971	32654017	0.126752	0.052434	0.032365	0.059031
scaffold_335_segment0	31901375	33153457	0.232893	0.083295	0.050638	0.109310
scaffold_335_segment0	32311681	33364769	0.335033	0.153512	0.089989	0.167835
scaffold_335_segment0	32654810	33804054	0.290068	0.106042	0.066092	0.144143
scaffold_335_segment0	33153461	34106656	0.147247	0.059826	0.036763	0.066412
scaffold_335_segment0	33365978	34352550	-0.003173	-0.001229	-0.000742	-0.024077
scaffold_335_segment0	33804234	34657530	0.078520	0.045442	0.025796	0.028993
scaffold_335_segment0	34107185	34837495	0.229178	0.153245	0.089426	0.129077
scaffold_335_segment0	34352561	34921655	0.293669	0.244567	0.146800	0.161639
scaffold_335_segment0	34657579	35048357	0.271601	0.267171	0.166523	0.139677
scaffold_335_segment0	34837594	35250893	0.162469	0.135648	0.084447	0.079611
scaffold_335_segment0	34921658	35532092	0.124486	0.088470	0.049066	0.056376
scaffold_335_segment0	35048426	35843091	0.008826	0.006043	0.003028	-0.009153
scaffold_335_segment0	35250915	36065363	0.072334	0.049596	0.022052	0.015798
scaffold_335_segment0	35533436	36481552	0.030201	0.017970	0.009182	-0.001210
scaffold_335_segment0	35843093	36779902	0.140801	0.086593	0.045032	0.055310
scaffold_335_segment0	36065892	37024316	0.176237	0.100387	0.055137	0.077069
scaffold_335_segment0	36481627	37216512	0.212802	0.138673	0.070587	0.100429
scaffold_335_segment0	36779924	37340170	0.165445	0.107785	0.054591	0.069410
scaffold_335_segment0	37024395	37479624	-0.025584	-0.021150	-0.010651	-0.030797
scaffold_335_segment0	37217585	37612456	-0.076017	-0.069724	-0.037796	-0.044972
scaffold_335_segment0	37340707	37838711	-0.052603	-0.045144	-0.026654	-0.026895
scaffold_335_segment0	37479644	38043835	0.071072	0.053215	0.030654	0.031526
scaffold_335_segment0	37612583	38327872	0.052447	0.034010	0.017597	0.012896
scaffold_335_segment0	37838717	38589906	0.236318	0.151495	0.077419	0.100039
scaffold_335_segment0	38043841	38819973	0.255850	0.178711	0.095207	0.122771
scaffold_335_segment0	38327893	38973552	0.385858	0.305976	0.180513	0.203653
scaffold_335_segment0	38590079	39164589	0.282086	0.241365	0.127699	0.150721
scaffold_335_segment0	38819977	39307430	0.224122	0.200429	0.092594	0.104895
scaffold_335_segment0	38973592	39506980	0.065272	0.048438	0.022432	0.014393
scaffold_335_segment0	39164684	39733704	0.002126	0.001550	0.000740	-0.016822
scaffold_335_segment0	39307548	40016046	0.094670	0.054034	0.029263	0.038180
scaffold_335_segment0	39507287	40231676	0.171589	0.094803	0.054699	0.080997
scaffold_335_segment0	39733825	40371038	0.164801	0.095569	0.060471	0.074290
scaffold_335_segment0	40016304	40482638	0.054776	0.042949	0.026066	0.018582
scaffold_335_segment0	40231677	40598866	0.058470	0.058477	0.032892	0.023704
scaffold_335_segment0	40371384	40740958	0.111635	0.107318	0.055460	0.043959
scaffold_335_segment0	40482645	40869818	0.213893	0.189889	0.103072	0.097266
scaffold_335_segment0	40598918	40982295	0.227356	0.198528	0.108371	0.103180
scaffold_335_segment0	40740978	41128038	0.165974	0.145213	0.082085	0.079600
scaffold_335_segment0	40869820	41329315	0.062290	0.049595	0.027495	0.027148
scaffold_335_segment0	40982298	41509793	0.128736	0.096253	0.052532	0.058766
scaffold_335_segment0	41128048	41662648	0.190205	0.140303	0.073940	0.092850
scaffold_335_segment0	41329351	41833368	0.237302	0.193625	0.102138	0.104401
scaffold_335_segment0	41509796	41982273	0.120738	0.101897	0.053269	0.043797
scaffold_335_segment0	41662784	42139200	0.009608	0.007794	0.003736	-0.004751
scaffold_335_segment0	41833369	42321786	0.039193	0.033220	0.013880	0.004966
scaffold_335_segment0	41982314	42582216	0.084239	0.068159	0.026808	0.022614
scaffold_335_segment0	42140201	42857233	0.130971	0.106283	0.047020	0.051468
scaffold_335_segment0	42322507	43126821	0.154186	0.106683	0.050753	0.066182
scaffold_335_segment0	42582374	43333023	0.138810	0.097504	0.047935	0.061447
scaffold_335_segment0	42857274	43588827	0.171956	0.116000	0.055489	0.081302
scaffold_335_segment0	43126830	43834548	0.072199	0.051758	0.025379	0.026075
scaffold_335_segment0	43333131	44228568	0.179952	0.108836	0.056281	0.090297
scaffold_335_segment0	43589022	44538869	0.162733	0.093202	0.049706	0.084814
scaffold_335_segment0	43835147	44980336	0.255244	0.132034	0.069768	0.125087
scaffold_335_segment0	44228809	45200715	0.147668	0.082036	0.042702	0.055300
scaffold_335_segment0	44539641	45421424	0.074317	0.045171	0.022573	0.016115
scaffold_335_segment0	44980823	45642868	0.075658	0.052948	0.026209	0.020425
scaffold_335_segment0	45200725	45907076	0.007816	0.005560	0.002854	-0.012205
scaffold_335_segment0	45421694	46170269	-0.009207	-0.006659	-0.003270	-0.020095
scaffold_335_segment0	45642873	46449311	-0.061357	-0.039264	-0.019701	-0.048478
scaffold_335_segment0	45907532	46624034	0.047961	0.030482	0.014980	0.013652
scaffold_335_segment0	46170273	46809756	0.093648	0.056461	0.028758	0.034177
scaffold_335_segment0	46450641	46988270	0.124350	0.087095	0.044518	0.060191
scaffold_335_segment0	46624083	47123566	0.051556	0.037256	0.018774	0.017232
scaffold_335_segment0	46809763	47298892	0.104491	0.084088	0.041537	0.051516
scaffold_335_segment0	46988299	47478792	0.098185	0.079563	0.037933	0.039562
scaffold_335_segment0	47123803	47645931	0.107173	0.089464	0.043125	0.047000
scaffold_335_segment0	47298956	47748872	0.068174	0.056772	0.029070	0.022258
scaffold_335_segment0	47478892	47939440	0.109110	0.085648	0.045794	0.048207
scaffold_335_segment0	47646165	48071299	0.118129	0.092971	0.048830	0.051659
scaffold_335_segment0	47748877	48208437	0.073467	0.056673	0.027718	0.023819
scaffold_335_segment0	47939457	48396809	0.008140	0.006086	0.003012	-0.011905
scaffold_335_segment0	48071319	48527228	-0.024312	-0.018305	-0.008732	-0.027774
scaffold_335_segment0	48208481	48688033	-0.000186	-0.000136	-0.000068	-0.013996
scaffold_335_segment0	48397180	48816885	0.016881	0.014181	0.006597	-0.005658
scaffold_335_segment0	48527246	48934881	0.054081	0.045156	0.021967	0.014907
scaffold_335_segment0	48688134	49098909	0.056002	0.043141	0.021610	0.015382
scaffold_335_segment0	48816908	49325315	0.031138	0.021195	0.011458	0.002949
scaffold_335_segment0	48935001	49488792	0.001952	0.001214	0.000684	-0.012037
scaffold_335_segment0	49099587	49670509	-0.001224	-0.000788	-0.000430	-0.012367
scaffold_335_segment0	49325387	49799303	-0.015654	-0.011215	-0.005904	-0.017878
scaffold_335_segment0	49488813	49898388	0.031893	0.025833	0.013574	0.005485
scaffold_335_segment0	49670800	50033588	-0.037927	-0.035363	-0.017490	-0.030221
scaffold_335_segment0	49799305	50166077	-0.015527	-0.013409	-0.006627	-0.022827
scaffold_335_segment0	49898428	50266504	0.004289	0.003541	0.001689	-0.014205
scaffold_335_segment0	50033596	50407350	0.057717	0.045781	0.023832	0.013631
scaffold_335_segment0	50166081	50565539	0.038709	0.032301	0.016537	0.005739
scaffold_335_segment0	50266575	50722520	-0.034820	-0.028715	-0.014144	-0.032550
scaffold_335_segment0	50407440	50875734	-0.032856	-0.025164	-0.012446	-0.029652
scaffold_335_segment0	50565886	51044882	-0.034166	-0.025740	-0.012869	-0.029945
scaffold_335_segment0	50722677	51274278	0.018325	0.013194	0.006710	-0.004085
scaffold_335_segment0	50875922	51490448	0.044424	0.031482	0.016008	0.009911
scaffold_335_segment0	51045038	51673845	0.041366	0.028068	0.014455	0.004985
scaffold_335_segment0	51274310	51864502	-0.001591	-0.001052	-0.000552	-0.018122
scaffold_335_segment0	51490855	52020377	-0.009655	-0.006720	-0.003650	-0.018865
scaffold_335_segment0	51674275	52229567	0.011212	0.007841	0.004304	-0.007796
scaffold_335_segment0	51865464	52419334	0.043402	0.031060	0.017524	0.012818
scaffold_335_segment0	52020426	52586657	0.039212	0.026001	0.014229	0.010271
scaffold_335_segment0	52229757	52720807	0.054856	0.036498	0.019957	0.019581
scaffold_335_segment0	52419692	52839529	0.026443	0.018170	0.009930	0.005530
scaffold_335_segment1	95587	468782	0.011213	0.009058	0.004683	-0.008241
scaffold_335_segment1	200860	585427	0.015908	0.012221	0.006488	-0.006376
scaffold_335_segment1	333906	763831	-0.016363	-0.012360	-0.006527	-0.023670
scaffold_335_segment1	469747	877263	-0.019045	-0.015268	-0.008170	-0.026596
scaffold_335_segment1	585429	965007	-0.011842	-0.009822	-0.005157	-0.025845
scaffold_335_segment1	763847	1066613	0.028385	0.023401	0.012969	-0.004732
scaffold_335_segment1	877284	1176090	0.038242	0.030283	0.016687	-0.003543
scaffold_335_segment1	965013	1268762	0.014352	0.011087	0.006286	-0.013876
scaffold_335_segment1	1066638	1355128	-0.031290	-0.026702	-0.013846	-0.034761
scaffold_335_segment1	1176226	1457857	-0.053470	-0.049383	-0.024619	-0.039301
scaffold_335_segment1	1268860	1547241	-0.076556	-0.068723	-0.035384	-0.048342
scaffold_335_segment1	1355143	1688458	-0.053580	-0.045671	-0.023690	-0.038891
scaffold_335_segment1	1457978	1853614	-0.063548	-0.048489	-0.026322	-0.046333
scaffold_335_segment1	1547275	1944870	-0.012025	-0.009681	-0.005097	-0.020881
scaffold_335_segment1	1688469	2016710	-0.013451	-0.011401	-0.006205	-0.017929
scaffold_335_segment1	1853733	2085091	0.009648	0.009383	0.004846	-0.002460
scaffold_335_segment1	1945182	2137623	0.004687	0.004936	0.002489	-0.002109
scaffold_335_segment1	2016771	2203485	0.023143	0.024649	0.012820	0.002280
scaffold_335_segment1	2085412	2265891	0.014491	0.016559	0.008581	-0.003594
scaffold_335_segment1	2137695	2342473	0.022637	0.024249	0.012430	-0.001481
scaffold_335_segment1	2203510	2436097	0.022507	0.023612	0.011282	-0.003344
scaffold_335_segment1	2265923	2517480	0.011786	0.010776	0.005322	-0.011552
scaffold_335_segment1	2342650	2585894	-0.005527	-0.005223	-0.002607	-0.023220
scaffold_335_segment1	2436413	2645625	-0.018207	-0.018301	-0.009554	-0.025747
scaffold_335_segment1	2517618	2709483	-0.012067	-0.013628	-0.006954	-0.022776
scaffold_335_segment1	2586371	2781194	0.030186	0.031817	0.016684	-0.000544
scaffold_335_segment1	2645751	2851441	0.034609	0.032597	0.017293	-0.000098
scaffold_335_segment1	2709513	2935843	0.051609	0.046216	0.024609	0.010206
scaffold_335_segment1	2781200	2996576	0.015359	0.014422	0.007477	-0.009029
scaffold_335_segment1	2851534	3052576	0.011950	0.012019	0.006134	-0.007926
scaffold_335_segment1	2935898	3095045	0.001529	0.001673	0.000856	-0.014585
scaffold_335_segment1	2996625	3129599	0.000103	0.000118	0.000061	-0.012799
scaffold_335_segment1	3052598	3170112	0.021889	0.027089	0.013690	0.001244
scaffold_335_segment1	3095047	3195004	-0.000954	-0.001238	-0.000590	-0.017827
scaffold_335_segment1	3129606	3237915	0.012214	0.014933	0.007277	-0.016489
scaffold_335_segment1	3170213	3276006	0.011520	0.012744	0.006287	-0.021811
scaffold_335_segment1	3195012	3309738	0.039375	0.039189	0.020474	-0.000582
scaffold_335_segment1	3237948	3345933	0.027865	0.028091	0.014726	-0.004973
scaffold_335_segment1	3276008	3379748	-0.015244	-0.016018	-0.008438	-0.026516
scaffold_335_segment1	3309745	3406740	-0.034789	-0.039744	-0.020584	-0.035499
scaffold_335_segment1	3345963	3448845	-0.038317	-0.040768	-0.021670	-0.030470
scaffold_335_segment1	3379749	3498311	-0.009945	-0.010885	-0.005762	-0.016957
scaffold_335_segment1	3406747	3545356	-0.007388	-0.007797	-0.004246	-0.017113
scaffold_335_segment1	3448907	3603275	0.027426	0.030981	0.016180	-0.005606
scaffold_335_segment1	3498316	3664803	0.048053	0.052762	0.027223	0.004828
scaffold_335_segment1	3545470	3734662	0.038273	0.041055	0.020904	0.004369
scaffold_335_segment1	3603306	3815584	0.007478	0.007528	0.003848	-0.011088
scaffold_335_segment1	3664841	3866712	-0.041589	-0.043907	-0.022288	-0.032709
scaffold_335_segment1	3734674	3923978	-0.052988	-0.058058	-0.030117	-0.034834
scaffold_335_segment1	3815596	3957324	-0.039153	-0.046812	-0.025084	-0.025347
scaffold_335_segment1	3866753	4002173	-0.003260	-0.003622	-0.002020	-0.013563
scaffold_335_segment1	3923989	4049076	0.039193	0.043924	0.023949	0.000253
scaffold_335_segment1	3957339	4092178	0.058701	0.059651	0.032456	0.004554
scaffold_335_segment1	4002181	4134946	0.057678	0.059624	0.030864	0.004879
scaffold_335_segment1	4049098	4177956	0.039704	0.042926	0.020807	-0.002879
scaffold_335_segment1	4092188	4238240	0.022144	0.024675	0.011883	-0.007892
scaffold_335_segment1	4134973	4302143	0.050512	0.055011	0.028020	0.005055
scaffold_335_segment1	4177958	4370287	0.029603	0.031137	0.017216	-0.002484
scaffold_335_segment1	4238269	4496100	0.036467	0.033439	0.019730	0.002411
scaffold_335_segment1	4302275	4787511	0.027747	0.023796	0.014231	0.002522
scaffold_335_segment1	4370290	4810091	0.052706	0.052221	0.031819	0.017515
scaffold_335_segment1	4496129	4826301	0.039295	0.068918	0.040638	0.014523
scaffold_430_segment0	7409	291425	0.065262	0.070680	0.039429	0.024491
scaffold_430_segment0	27513	550199	0.134170	0.093327	0.055267	0.050786
scaffold_430_segment0	44439	770078	0.171899	0.089303	0.054793	0.071666
scaffold_430_segment0	291809	917395	0.219427	0.123198	0.073429	0.099625
scaffold_430_segment0	550204	1184431	0.169259	0.087958	0.053665	0.076309
scaffold_430_segment0	770088	1557542	0.113339	0.044082	0.027591	0.046447
scaffold_430_segment0	917401	1827659	0.032840	0.010069	0.006550	0.001082
scaffold_430_segment0	1184537	2017206	0.129317	0.038790	0.025756	0.050323
scaffold_430_segment0	1557550	2298674	0.132999	0.043417	0.028024	0.045514
scaffold_430_segment0	1827662	2465065	0.154232	0.061946	0.037363	0.058003
scaffold_430_segment0	2017769	2583355	0.070602	0.036479	0.020678	0.014724
scaffold_430_segment0	2298858	2740419	0.059237	0.042185	0.022202	0.014799
scaffold_430_segment0	2465120	2926436	0.215932	0.151855	0.079593	0.103467
scaffold_430_segment0	2583372	3139990	0.134660	0.074779	0.040127	0.056152
scaffold_430_segment0	2740460	3311982	0.122537	0.063193	0.035079	0.045242
scaffold_430_segment0	2927044	3501180	0.006603	0.003150	0.001806	-0.008053
scaffold_430_segment0	3139996	3843100	0.025387	0.010616	0.006291	-0.003562
scaffold_430_segment0	3311994	4018408	0.105207	0.045104	0.026225	0.033159
scaffold_430_segment0	3501885	4179593	0.099312	0.044935	0.026293	0.026775
scaffold_430_segment0	3843101	4353047	0.132792	0.068741	0.040834	0.043731
scaffold_430_segment0	4018877	4547503	0.094689	0.039819	0.025694	0.028834
scaffold_430_segment0	4179602	4805739	0.189769	0.074665	0.048519	0.075178
scaffold_430_segment0	4353070	4947442	0.207713	0.089587	0.055858	0.087165
scaffold_430_segment0	4547514	5169930	0.242722	0.117542	0.068915	0.111405
scaffold_430_segment0	4805826	5467717	0.124201	0.057423	0.033349	0.047982
scaffold_430_segment0	4947454	5701092	0.187989	0.079393	0.047972	0.088324
scaffold_430_segment0	5169933	5884816	0.194469	0.084593	0.051519	0.095835
scaffold_430_segment0	5467736	5982154	0.225066	0.115078	0.069749	0.101361
scaffold_430_segment0	5701119	6248884	0.321532	0.187242	0.105076	0.167576
scaffold_430_segment0	5884833	6358685	0.370961	0.244568	0.135548	0.198422
scaffold_430_segment0	5982195	6537828	0.474196	0.320521	0.172516	0.293152
scaffold_430_segment0	6249144	6818590	0.339673	0.226065	0.123434	0.178110
scaffold_430_segment0	6358690	7045050	0.337781	0.225066	0.116306	0.179893
scaffold_430_segment0	6538077	7172905	0.177403	0.120219	0.062500	0.076875
scaffold_430_segment0	6818606	7414401	0.194087	0.130295	0.068496	0.087391
scaffold_430_segment0	7045061	7606464	0.112806	0.074363	0.041219	0.042233
scaffold_430_segment0	7172999	7788003	0.103527	0.065434	0.037536	0.041928
scaffold_430_segment0	7414402	8029454	0.114996	0.075088	0.044364	0.047086
scaffold_430_segment0	7606472	8239929	0.059855	0.037437	0.022054	0.019417
scaffold_430_segment0	7788012	8552201	0.014731	0.006905	0.004148	-0.007400
scaffold_430_segment0	8030224	8819741	0.074356	0.032166	0.019553	0.019690
scaffold_430_segment0	8239949	9101209	0.191492	0.076284	0.046439	0.078130
scaffold_430_segment0	8552206	9315239	0.175958	0.076736	0.046735	0.074786
scaffold_430_segment0	8820087	9649832	0.051698	0.017827	0.011207	0.010000
scaffold_430_segment0	9101222	9918558	-0.100901	-0.028709	-0.018360	-0.069193
scaffold_430_segment0	9315241	10021419	-0.022476	-0.007316	-0.004635	-0.030852
scaffold_430_segment0	9649840	10386817	0.047038	0.017860	0.010748	0.007419
scaffold_430_segment0	9918562	10699841	0.188137	0.084635	0.049214	0.082221
scaffold_430_segment0	10021421	10944107	0.083233	0.031655	0.018768	0.025228
scaffold_430_segment0	10386823	11198008	0.257914	0.102628	0.061811	0.123382
scaffold_430_segment0	10699846	11284587	0.124216	0.059951	0.036669	0.046790
scaffold_430_segment0	10944116	11295913	0.174118	0.125480	0.077120	0.064389
scaffold_430_segment0	11198014	11399048	-0.034683	-0.042434	-0.026313	-0.014976
scaffold_430_segment0	11284588	11696785	0.100234	0.076049	0.042097	0.029471
scaffold_430_segment0	11295917	11807346	0.194528	0.113763	0.062828	0.078903
scaffold_430_segment0	11400348	11954160	0.303829	0.172261	0.091156	0.152195
scaffold_430_segment0	11696788	12120366	0.333513	0.218586	0.118590	0.168618
scaffold_430_segment0	11807357	12278606	0.256325	0.153559	0.085663	0.114140
scaffold_430_segment0	11954179	12492032	0.185393	0.090441	0.055040	0.073344
scaffold_430_segment0	12120395	12677025	0.039362	0.018902	0.011505	0.002870
scaffold_430_segment0	12278607	12788375	0.066848	0.038034	0.022243	0.018217
scaffold_430_segment0	12492443	12883921	-0.001900	-0.001594	-0.000831	-0.016569
scaffold_430_segment0	12677048	13040439	0.037983	0.035215	0.018414	0.003540
scaffold_430_segment0	12788379	13256621	0.044382	0.026960	0.015747	0.006347
scaffold_430_segment0	12884548	13655289	0.099873	0.038631	0.023665	0.032753
scaffold_430_segment0	13040448	13929288	0.021188	0.007376	0.004536	-0.005159
scaffold_430_segment0	13256626	14187485	-0.079820	-0.026435	-0.016828	-0.056464
scaffold_430_segment0	13655298	14442864	0.085853	0.033784	0.021527	0.033211
scaffold_430_segment0	13929986	14720049	0.312983	0.136971	0.084595	0.185641
scaffold_430_segment0	14187497	14937762	0.341931	0.164423	0.098500	0.201352
scaffold_430_segment0	14442943	15374586	0.254069	0.098353	0.059941	0.131278
scaffold_430_segment0	14720066	15542547	-0.017776	-0.005770	-0.003709	-0.024792
scaffold_430_segment0	14937790	15744611	0.113659	0.038721	0.024416	0.039884
scaffold_430_segment0	15374629	15915641	0.176754	0.087069	0.052101	0.075719
scaffold_430_segment0	15542562	16087895	0.153356	0.084260	0.047656	0.068987
scaffold_430_segment0	15744654	16268036	0.052702	0.028916	0.016349	0.009309
scaffold_430_segment0	15915655	16538002	-0.084194	-0.036471	-0.021406	-0.059260
scaffold_430_segment0	16087899	16715278	-0.026488	-0.011146	-0.006504	-0.032955
scaffold_430_segment0	16271735	16869433	-0.041912	-0.019158	-0.011205	-0.038054
scaffold_430_segment0	16538018	17135601	-0.067402	-0.029152	-0.018021	-0.054147
scaffold_430_segment0	16715283	17400532	-0.109257	-0.039488	-0.025899	-0.071848
scaffold_430_segment0	16869440	17812698	-0.019995	-0.005506	-0.003664	-0.030853
scaffold_430_segment0	17135694	18080139	0.056479	0.016980	0.010967	0.012630
scaffold_430_segment0	17400542	18369434	0.075938	0.025629	0.015763	0.023262
scaffold_430_segment0	17812701	18696864	0.089933	0.037165	0.021291	0.033020
scaffold_430_segment0	18080222	18948272	0.088002	0.037428	0.021180	0.027509
scaffold_430_segment0	18369839	19110491	0.107177	0.049353	0.028547	0.038994
scaffold_430_segment0	18696875	19335380	0.193556	0.094768	0.057397	0.081117
scaffold_430_segment0	18948275	19599649	0.185551	0.081637	0.052269	0.077045
scaffold_430_segment0	19110497	19926093	0.130694	0.050347	0.032019	0.044768
scaffold_430_segment0	19335392	20492282	-0.044788	-0.012332	-0.008190	-0.042279
scaffold_430_segment0	19599708	20651390	-0.049987	-0.015183	-0.009898	-0.039524
scaffold_430_segment0	19926099	20929909	-0.016159	-0.004502	-0.003032	-0.019760
scaffold_430_segment0	20492302	21387205	0.056399	0.017814	0.011517	0.015079
scaffold_430_segment0	20651419	21774200	0.051242	0.013234	0.008782	0.006943
scaffold_430_segment0	20929956	21965340	0.026077	0.006698	0.004529	-0.007979
scaffold_430_segment0	21387214	22215816	0.005769	0.001512	0.001042	-0.016015
scaffold_430_segment0	21774798	22282448	0.037801	0.014836	0.009942	0.004807
scaffold_430_segment0	21966402	22435625	0.041625	0.019111	0.012142	0.007521
scaffold_430_segment0	22215822	22643800	0.107465	0.069982	0.040538	0.039354
scaffold_430_segment0	22282460	22895272	0.309453	0.192592	0.110260	0.154180
scaffold_430_segment0	22437125	23145417	0.304786	0.198407	0.108708	0.169009
scaffold_430_segment0	22646401	23436459	0.160572	0.087755	0.050334	0.079048
scaffold_430_segment0	22895296	23694163	-0.020080	-0.009365	-0.005428	-0.034643
scaffold_430_segment0	23145430	23947015	-0.117359	-0.044793	-0.027139	-0.081238
scaffold_430_segment0	23436610	24330321	0.020521	0.006466	0.004073	-0.006306
scaffold_430_segment0	23694166	24550537	-0.025458	-0.007697	-0.005077	-0.020472
scaffold_430_segment0	23947027	24861183	0.022419	0.006660	0.004411	0.001026
scaffold_430_segment0	24332402	25085007	0.047855	0.020543	0.012501	0.012875
scaffold_430_segment0	24550543	25364670	-0.014746	-0.006335	-0.003697	-0.021891
scaffold_430_segment0	24861803	25660406	-0.056953	-0.023662	-0.014053	-0.042716
scaffold_430_segment0	25085014	25937093	-0.167410	-0.053150	-0.034524	-0.085298
scaffold_430_segment0	25364741	26456126	-0.098472	-0.022863	-0.015194	-0.061212
scaffold_430_segment0	25660408	26682578	-0.110601	-0.026766	-0.017797	-0.065588
scaffold_430_segment0	25937676	26945549	-0.061607	-0.015794	-0.010349	-0.042274
scaffold_430_segment0	26456442	27350376	-0.033655	-0.009106	-0.006226	-0.026239
scaffold_430_segment0	26682579	27739060	0.080378	0.019731	0.013350	0.022471
scaffold_430_segment0	26945565	27875527	0.056476	0.014842	0.010187	0.011732
scaffold_430_segment0	27350381	28226105	0.045895	0.014121	0.009228	0.008482
scaffold_430_segment0	27745984	28375290	-0.083041	-0.040413	-0.024715	-0.045476
scaffold_430_segment0	27875650	28615691	-0.026439	-0.012569	-0.007150	-0.030011
scaffold_430_segment0	28226157	28999970	0.052730	0.027747	0.015325	0.007253
scaffold_430_segment0	28375291	29312646	-0.035655	-0.016163	-0.008927	-0.045664
scaffold_430_segment0	28616289	29846982	-0.077123	-0.025004	-0.015169	-0.069860
scaffold_430_segment0	28999971	30097818	-0.122166	-0.037505	-0.023474	-0.082726
scaffold_430_segment0	29312663	30300777	0.054180	0.017427	0.011152	0.013839
scaffold_430_segment0	29847092	30668809	0.061038	0.026985	0.016169	0.018676
scaffold_430_segment0	30097828	30949752	-0.001984	-0.000839	-0.000499	-0.020811
scaffold_430_segment0	30303705	31249033	-0.001372	-0.000489	-0.000298	-0.024110
scaffold_430_segment0	30669398	31548889	0.011616	0.003773	0.002354	-0.012561
scaffold_430_segment0	30949767	31861431	0.004265	0.001376	0.000861	-0.015723
scaffold_430_segment0	31249061	32058586	-0.087920	-0.033381	-0.020606	-0.064919
scaffold_430_segment0	31548964	32226940	-0.122831	-0.049033	-0.030280	-0.078815
scaffold_430_segment0	31861584	32399295	-0.069907	-0.030194	-0.019009	-0.048142
scaffold_430_segment0	32058587	32594638	-0.006077	-0.002673	-0.001754	-0.014563
scaffold_430_segment0	32226953	32810060	-0.002757	-0.001355	-0.000836	-0.015563
scaffold_430_segment0	32399308	33135616	0.008261	0.003397	0.002106	-0.014268
scaffold_430_segment0	32594652	33539113	0.032516	0.010290	0.006492	-0.003197
scaffold_430_segment0	32811215	33615958	0.051156	0.017594	0.011699	0.009593
scaffold_430_segment0	33135985	33957913	0.086136	0.028619	0.019165	0.026104
scaffold_430_segment0	33539114	34267238	0.040455	0.014601	0.009422	0.000979
scaffold_430_segment0	33615966	34441069	0.098419	0.032734	0.020143	0.026583
scaffold_430_segment0	33957918	34897873	0.045533	0.014564	0.009003	-0.000528
scaffold_430_segment0	34267440	35187146	-0.020213	-0.006298	-0.004056	-0.031423
scaffold_430_segment0	34441070	35568401	-0.091310	-0.024276	-0.016234	-0.067850
scaffold_430_segment0	34898247	35953968	-0.143264	-0.040495	-0.026990	-0.085736
scaffold_430_segment0	35187155	36212289	-0.078035	-0.023436	-0.014894	-0.047510
scaffold_430_segment0	35569597	36569803	-0.072519	-0.020709	-0.013231	-0.047955
scaffold_430_segment0	35953969	37008122	-0.019610	-0.005461	-0.003418	-0.030631
scaffold_430_segment0	36212336	37278342	-0.028607	-0.007992	-0.005143	-0.041612
scaffold_430_segment0	36569845	37804480	-0.141295	-0.035639	-0.023697	-0.105560
scaffold_430_segment0	37011063	38162147	-0.198445	-0.046123	-0.032236	-0.122280
scaffold_430_segment0	37282752	38428129	-0.163534	-0.038603	-0.026010	-0.098977
scaffold_430_segment0	37804497	38477032	-0.021765	-0.008060	-0.005168	-0.021424
scaffold_430_segment0	38162153	38607440	0.076802	0.048003	0.027685	0.024447
scaffold_430_segment0	38428144	39003907	0.059237	0.028036	0.018330	0.016344
scaffold_430_segment0	38477043	39570062	-0.001881	-0.000488	-0.000319	-0.016658
scaffold_430_segment0	38607443	40041844	-0.025829	-0.005034	-0.003331	-0.040171
scaffold_430_segment0	39003919	40370437	0.020586	0.004239	0.002803	-0.016817
scaffold_430_segment0	39571344	40751917	0.085869	0.019440	0.013050	0.019937
scaffold_430_segment0	40041851	40950433	-0.000286	-0.000077	-0.000052	-0.018205
scaffold_430_segment0	40370466	41239281	0.005772	0.001733	0.001142	-0.012208
scaffold_430_segment0	40751925	41662255	-0.105361	-0.031103	-0.020038	-0.067073
scaffold_430_segment0	40950909	41748803	-0.008372	-0.002777	-0.001783	-0.019544
scaffold_430_segment0	41239294	42029258	-0.044383	-0.014109	-0.009245	-0.037857
scaffold_430_segment0	41662262	42558901	-0.032660	-0.010817	-0.007038	-0.032686
scaffold_430_segment0	41748804	42606146	-0.018480	-0.006489	-0.004288	-0.019906
scaffold_430_segment0	42029270	42771772	-0.011008	-0.004636	-0.002994	-0.018815
scaffold_430_segment0	42558942	43079676	0.069621	0.035423	0.023133	0.019093
scaffold_430_segment0	42606153	43636525	0.010528	0.003272	0.002109	-0.016095
scaffold_430_segment0	42771790	44032396	0.055616	0.015513	0.009827	0.012121
scaffold_430_segment0	43079685	44481197	0.037521	0.010267	0.006320	0.002655
scaffold_430_segment0	43636732	44928931	0.035344	0.009760	0.006024	0.000899
scaffold_430_segment0	44032572	45803113	-0.051675	-0.009303	-0.006339	-0.052370
scaffold_430_segment0	44481204	46335409	-0.067951	-0.009938	-0.007150	-0.058945
scaffold_430_segment0	44928933	46807462	-0.074685	-0.010728	-0.007751	-0.067544
scaffold_430_segment0	45803383	47166971	-0.034361	-0.006859	-0.004776	-0.040704
scaffold_430_segment0	46336518	47701313	-0.060632	-0.012173	-0.008421	-0.050016
scaffold_430_segment0	46807464	47903398	-0.048794	-0.011800	-0.008079	-0.037787
scaffold_430_segment0	47166998	48255836	-0.103742	-0.024201	-0.016453	-0.063243
scaffold_430_segment0	47703232	48682104	-0.102557	-0.025186	-0.017322	-0.061849
scaffold_430_segment0	47903403	49300047	-0.101676	-0.018847	-0.013079	-0.070121
scaffold_430_segment0	48255856	49534760	0.006442	0.001282	0.000898	-0.013940
scaffold_430_segment0	48682164	49849189	0.051677	0.012436	0.008386	0.005633
scaffold_430_segment0	49300124	50132363	0.074998	0.024943	0.016178	0.020756
scaffold_430_segment0	49534766	50516582	0.003160	0.001076	0.000653	-0.016442
scaffold_430_segment0	49850189	50865582	0.047701	0.016201	0.009673	0.006931
scaffold_430_segment0	50132371	51250115	0.023965	0.008442	0.004909	-0.011036
scaffold_430_segment0	50516599	51475157	0.058785	0.025031	0.014539	0.003083
scaffold_430_segment0	50866134	51590262	0.010170	0.005193	0.003021	-0.022675
contig_14_segment0	11120	255575	0.006151	0.006967	0.003367	-0.010405
contig_14_segment0	89698	330178	0.030729	0.035490	0.016540	0.004734
contig_14_segment0	164358	426323	0.023564	0.024887	0.011887	-0.000506
contig_14_segment0	255607	518598	0.027337	0.027236	0.013532	0.001468
contig_14_segment0	330238	613290	0.019007	0.018197	0.009174	-0.008964
contig_14_segment0	426380	717898	0.013613	0.013129	0.006668	-0.010472
contig_14_segment0	518741	817597	-0.007132	-0.006890	-0.003461	-0.022496
contig_14_segment0	613393	886921	-0.024061	-0.024345	-0.012011	-0.031471
contig_14_segment0	718053	999341	-0.025077	-0.026041	-0.012157	-0.031840
contig_14_segment0	817703	1158966	0.026486	0.024859	0.011848	-0.006982
contig_14_segment0	887354	1276080	0.056306	0.047729	0.023937	0.008742
contig_14_segment0	999396	1399205	0.048562	0.040160	0.020480	0.007839
contig_14_segment0	1159022	1540470	0.024704	0.020911	0.010777	-0.002083
contig_14_segment0	1276305	1580345	0.001587	0.001674	0.000836	-0.010150
contig_14_segment0	1399469	1589718	0.004789	0.006963	0.003651	0.001371
contig_14_segment0	1540567	1608789	0.015291	0.027062	0.016039	0.009606
contig_14_segment0	1580365	1627016	0.016388	0.025428	0.016470	0.012516
contig_14_segment0	1589731	1658076	0.005748	0.007930	0.004599	0.000609
contig_14_segment0	1608826	1717345	0.000435	0.000594	0.000299	-0.005740
contig_14_segment0	1627029	1775545	0.031139	0.036140	0.017921	0.004489
contig_14_segment0	1658169	1826332	0.020911	0.021717	0.011020	-0.003582
contig_14_segment0	1717414	1879674	0.024006	0.024263	0.012744	-0.003538
contig_14_segment0	1775561	1925496	-0.005297	-0.005847	-0.002960	-0.018293
contig_14_segment0	1826454	1970673	0.006241	0.007210	0.003585	-0.010667
contig_14_segment0	1879676	2018845	-0.009076	-0.010911	-0.005369	-0.013901
contig_14_segment0	1925499	2080125	-0.014287	-0.015759	-0.007951	-0.021031
contig_14_segment0	1970685	2133853	-0.019731	-0.020853	-0.010618	-0.026556
contig_14_segment0	2018863	2201824	-0.019346	-0.019839	-0.009854	-0.029632
contig_14_segment0	2080128	2260380	-0.001975	-0.002080	-0.001041	-0.014704
contig_14_segment0	2133897	2325311	0.002296	0.002362	0.001207	-0.014557
contig_14_segment0	2201844	2390942	-0.012563	-0.013542	-0.006856	-0.024060
contig_14_segment0	2260410	2455194	-0.064209	-0.071478	-0.034010	-0.052922
contig_14_segment0	2325330	2527286	-0.047507	-0.052813	-0.024493	-0.042763
contig_14_segment0	2391103	2597366	-0.038013	-0.040637	-0.019241	-0.035533
contig_14_segment0	2455223	2664014	0.015580	0.015525	0.007861	-0.008028
contig_14_segment0	2527311	2732778	-0.017046	-0.017586	-0.008833	-0.023971
contig_14_segment0	2597369	2824596	-0.027335	-0.026440	-0.013631	-0.029330
contig_14_segment0	2664050	2911469	-0.019019	-0.017524	-0.009080	-0.026010
contig_14_segment0	2732780	2979037	-0.007817	-0.006798	-0.003672	-0.019753
contig_14_segment0	2824643	3058681	-0.017650	-0.015920	-0.008523	-0.023013
contig_14_segment0	2911700	3132120	-0.026069	-0.024285	-0.013261	-0.027331
contig_14_segment0	2979112	3209516	-0.014364	-0.013839	-0.007348	-0.020274
contig_14_segment0	3058777	3291637	0.006623	0.006577	0.003450	-0.010353
contig_14_segment0	3132155	3377268	0.008501	0.007990	0.004186	-0.010663
contig_14_segment0	3209519	3459525	-0.007400	-0.006663	-0.003621	-0.017952
contig_14_segment0	3291646	3543690	-0.014541	-0.012614	-0.007064	-0.021338
contig_14_segment0	3377275	3633178	-0.010060	-0.008903	-0.004896	-0.016736
contig_14_segment0	3459536	3726131	-0.013624	-0.011935	-0.006576	-0.019084
contig_14_segment0	3543717	3813563	-0.003263	-0.002659	-0.001487	-0.012347
contig_14_segment0	3633442	3964220	-0.018302	-0.013793	-0.007877	-0.018848
contig_14_segment0	3726132	4084776	0.000351	0.000261	0.000148	-0.010620
contig_14_segment0	3813666	4188809	-0.003997	-0.003187	-0.001737	-0.013618
contig_14_segment0	3964325	4271849	-0.012508	-0.011565	-0.005917	-0.018582
contig_14_segment0	4084793	4353600	-0.012656	-0.011819	-0.006039	-0.017481
contig_14_segment0	4188810	4423431	-0.005662	-0.005429	-0.002735	-0.017000
contig_14_segment0	4271976	4504622	-0.003109	-0.002878	-0.001502	-0.017490
contig_14_segment0	4353690	4580940	0.007459	0.007273	0.003803	-0.011596
contig_14_segment0	4423445	4659545	0.014288	0.013640	0.006989	-0.007571
contig_14_segment0	4504667	4725230	0.042385	0.041791	0.021243	0.008140
contig_14_segment0	4581168	4830346	0.008402	0.008846	0.004093	-0.010061
contig_14_segment0	4659551	5089381	0.052081	0.049779	0.025255	0.010171
contig_14_segment0	4725324	5517963	0.205356	0.181110	0.097318	0.086676
contig_14_segment0	4830360	5525942	0.230008	0.243335	0.142538	0.092419
contig_14_segment0	5089701	5537085	0.152978	0.280899	0.160541	0.065874
contig_4_segment0	43983	441447	0.093720	0.085255	0.040146	0.029335
contig_4_segment0	273862	505818	0.064597	0.071484	0.032332	0.014765
contig_4_segment0	371755	567803	0.060130	0.069471	0.032073	0.006262
contig_4_segment0	441469	625256	0.039460	0.044221	0.021473	0.000859
contig_4_segment0	505819	685190	0.023417	0.025829	0.012622	-0.006595
contig_4_segment0	567869	742830	0.003719	0.004145	0.002128	-0.010283
contig_4_segment0	625422	821073	0.019852	0.023482	0.011556	-0.003157
contig_4_segment0	685244	903157	0.006648	0.008298	0.004176	-0.007056
contig_4_segment0	742832	962164	0.028681	0.034943	0.017578	0.001904
contig_4_segment0	821108	1015308	-0.008657	-0.011179	-0.005541	-0.016604
contig_4_segment0	903163	1070350	0.022045	0.026587	0.013500	-0.001817
contig_4_segment0	962233	1128107	0.011594	0.012770	0.006753	-0.005361
contig_4_segment0	1015393	1177987	0.029878	0.030005	0.016638	0.002592
contig_4_segment0	1070452	1229150	0.021914	0.022164	0.012257	-0.002113
contig_4_segment0	1128108	1283864	0.039874	0.041704	0.022564	0.000693
contig_4_segment0	1177989	1336292	0.025226	0.027091	0.014283	-0.006762
contig_4_segment0	1229157	1386753	0.036116	0.036045	0.019798	-0.003463
contig_4_segment0	1283882	1440323	0.022615	0.022733	0.012239	-0.005732
contig_4_segment0	1336829	1492289	0.012324	0.012638	0.006583	-0.010975
contig_4_segment0	1386754	1551002	-0.027274	-0.029321	-0.014822	-0.030060
contig_4_segment0	1440348	1619886	-0.034297	-0.037832	-0.018815	-0.033294
contig_4_segment0	1492433	1698486	-0.039293	-0.044481	-0.021877	-0.034780
contig_4_segment0	1551008	1784682	-0.022699	-0.026103	-0.012282	-0.028327
contig_4_segment0	1619899	1875032	-0.027296	-0.031662	-0.014594	-0.031196
contig_4_segment0	1698571	1948023	0.013765	0.015290	0.007308	-0.010399
contig_4_segment0	1784713	2015966	0.029110	0.033269	0.015942	0.001476
contig_4_segment0	1875270	2074231	0.029917	0.036481	0.017361	0.004505
contig_4_segment0	1948049	2133264	0.013156	0.016984	0.007892	-0.005466
contig_4_segment0	2016113	2205574	-0.000355	-0.000434	-0.000207	-0.014356
contig_4_segment0	2074392	2292063	0.011065	0.012458	0.006315	-0.010309
contig_4_segment0	2133330	2376927	0.033356	0.033057	0.018017	0.001818
contig_4_segment0	2205603	2455725	0.032798	0.032096	0.017574	0.003599
contig_4_segment0	2292102	2509936	0.037011	0.036821	0.020013	0.004876
contig_4_segment0	2377000	2609074	-0.010819	-0.011017	-0.005897	-0.016624
contig_4_segment0	2455726	2710347	-0.017491	-0.018835	-0.009733	-0.023784
contig_4_segment0	2509937	2875307	-0.028619	-0.029539	-0.015015	-0.027303
contig_4_segment0	2609097	2963746	0.014762	0.015654	0.007773	-0.005000
contig_4_segment0	2710377	3068896	0.033636	0.033205	0.017405	0.006855
contig_4_segment0	2875426	3156398	-0.002502	-0.002669	-0.001365	-0.014266
contig_4_segment0	2963757	3272517	-0.044679	-0.045434	-0.023189	-0.037691
contig_4_segment0	3069190	3371217	-0.056051	-0.055343	-0.028046	-0.043241
contig_4_segment0	3156401	3453129	-0.004822	-0.004368	-0.002318	-0.014713
contig_4_segment0	3272536	3540204	0.011527	0.010853	0.005713	-0.003150
contig_4_segment0	3371262	3643208	-0.009348	-0.008898	-0.004572	-0.013630
contig_4_segment0	3453214	3733487	0.007148	0.006865	0.003493	-0.007383
contig_4_segment0	3540315	3821250	0.006328	0.006356	0.003051	-0.012673
contig_4_segment0	3643234	3904204	0.030169	0.032103	0.015391	-0.000476
contig_4_segment0	3733490	3995715	-0.011008	-0.012030	-0.005466	-0.019891
contig_4_segment0	3821262	4082882	0.009720	0.010554	0.004980	-0.011738
contig_4_segment0	3904345	4166037	0.003302	0.003368	0.001695	-0.013726
contig_4_segment0	3995719	4264155	0.034691	0.033329	0.018082	0.002788
contig_4_segment0	4083106	4380149	0.022404	0.020263	0.010782	-0.002808
contig_4_segment0	4166301	4505112	0.022447	0.019961	0.010138	-0.003976
contig_4_segment0	4264158	4592497	0.005535	0.005455	0.002628	-0.010037
contig_4_segment0	4380163	4606281	-0.004294	-0.005722	-0.002822	-0.009632
contig_4_segment0	4505483	4720291	0.000625	0.000850	0.000412	-0.004723
contig_4_segment0	4592502	4799657	-0.012421	-0.015514	-0.007615	-0.013639
contig_4_segment0	4606304	4895780	-0.025881	-0.025713	-0.012432	-0.027007
contig_4_segment0	4720297	4991552	-0.018069	-0.017863	-0.008807	-0.025239
contig_4_segment0	4799680	5082939	0.000968	0.000972	0.000500	-0.012362
contig_4_segment0	4896812	5183758	0.021313	0.020598	0.010460	-0.000394
contig_4_segment0	4991693	5310390	0.010413	0.010364	0.005064	-0.006573
contig_4_segment0	5082960	5431252	0.026359	0.025556	0.011801	-0.000712
contig_4_segment0	5183818	5524679	0.017393	0.017898	0.008121	-0.006886
contig_4_segment0	5310410	5667171	0.023394	0.023340	0.010904	-0.004237
contig_4_segment0	5431256	5755175	-0.040441	-0.044355	-0.020351	-0.034307
contig_4_segment0	5524796	5841071	-0.037569	-0.041276	-0.019426	-0.029775
contig_4_segment0	5667207	5942754	-0.019747	-0.019400	-0.010036	-0.020145
contig_4_segment0	5755274	6038622	0.014219	0.012799	0.006884	-0.004521
contig_4_segment0	5841089	6157331	0.026760	0.022437	0.012044	-0.000425
contig_4_segment0	5942755	6245997	-0.006643	-0.006513	-0.003129	-0.017723
contig_4_segment0	6038627	6390010	0.000535	0.000505	0.000238	-0.015393
contig_4_segment0	6157393	6504694	0.018806	0.018412	0.008482	-0.005666
contig_4_segment0	6246008	6640542	0.046949	0.041621	0.019924	0.009018
contig_4_segment0	6390123	6795184	0.000514	0.000453	0.000211	-0.012684
contig_4_segment0	6504714	6959783	-0.037543	-0.030048	-0.014845	-0.033470
contig_4_segment0	6640632	7093717	-0.041471	-0.032751	-0.016646	-0.037438
contig_4_segment0	6795908	7223601	-0.028964	-0.023749	-0.012649	-0.030613
contig_4_segment0	6959798	7334904	-0.055908	-0.052083	-0.026894	-0.040921
contig_4_segment0	7093803	7503673	-0.032180	-0.029615	-0.014717	-0.026675
contig_4_segment0	7223606	7683113	-0.006894	-0.006172	-0.002954	-0.017275
contig_4_segment0	7335170	7820729	0.027434	0.022780	0.011104	0.000821
contig_4_segment0	7503823	7985525	0.014958	0.012591	0.006159	-0.006239
contig_4_segment0	7683218	8188141	0.031798	0.024466	0.012318	0.001658
contig_4_segment0	7820832	8339565	0.049849	0.039025	0.018798	0.010596
contig_4_segment0	7985709	8459461	0.031359	0.025691	0.012049	0.001000
contig_4_segment0	8189504	8564929	0.005674	0.005429	0.002386	-0.021454
contig_4_segment0	8339572	8690424	0.004355	0.004019	0.001830	-0.022610
contig_4_segment0	8459557	8815532	0.019699	0.017645	0.008238	-0.016244
contig_4_segment0	8564948	8935176	0.042114	0.036763	0.018726	0.006379
contig_4_segment0	8690425	9120790	0.077183	0.061707	0.032869	0.022446
contig_4_segment0	8816196	9370491	0.100400	0.068532	0.035995	0.034256
contig_4_segment0	8935223	9595590	0.091661	0.053932	0.026709	0.025138
contig_4_segment0	9120811	9839075	0.010526	0.006116	0.002932	-0.014180
contig_4_segment0	9370607	10081605	0.005426	0.002955	0.001478	-0.011920
contig_4_segment0	9595596	10338618	0.008232	0.004523	0.002339	-0.011705
contig_4_segment0	9839294	10518374	0.099862	0.060765	0.030535	0.034585
contig_4_segment0	10081902	10795557	0.115884	0.072858	0.036320	0.039823
contig_4_segment0	10338717	11023052	0.138275	0.091105	0.044155	0.052181
contig_4_segment0	10518471	11176560	0.108872	0.065881	0.033430	0.035996
contig_4_segment0	10795715	11364822	0.032851	0.022357	0.010754	0.001172
contig_4_segment0	11023317	11551145	0.048286	0.033226	0.016144	0.008297
contig_4_segment0	11176572	11712081	0.044532	0.031312	0.015393	0.007056
contig_4_segment0	11364830	11884628	0.073222	0.051244	0.025306	0.021487
contig_4_segment0	11551162	12142875	0.063083	0.041476	0.021393	0.017137
contig_4_segment0	11712082	12415444	0.038317	0.023480	0.012373	0.007861
contig_4_segment0	11884787	12674007	0.003896	0.002178	0.001198	-0.009750
contig_4_segment0	12142923	12940081	0.000592	0.000300	0.000171	-0.011691
contig_4_segment0	12415451	13224819	0.024673	0.012481	0.006959	-0.003620
contig_4_segment0	12674096	13442212	0.051534	0.027304	0.014965	0.009831
contig_4_segment0	12940090	13627520	0.014266	0.009261	0.004781	-0.010339
contig_4_segment0	13225119	13774281	0.018084	0.013236	0.006919	-0.006022
contig_4_segment0	13442363	13924914	0.024119	0.018094	0.009517	-0.004220
contig_4_segment0	13627525	14066845	0.019917	0.015175	0.008048	-0.007022
contig_4_segment0	13775342	14307255	-0.028140	-0.019763	-0.010143	-0.031897
contig_4_segment0	13924963	14527504	0.027433	0.017963	0.009067	-0.003300
contig_4_segment0	14066856	14715547	0.083827	0.051658	0.024896	0.029835
contig_4_segment0	14307257	14943589	0.165481	0.095045	0.048334	0.076423
contig_4_segment0	14527984	15200320	0.166088	0.096127	0.047875	0.075236
contig_4_segment0	14715874	15436576	0.115948	0.065213	0.033560	0.046445
contig_4_segment0	14943834	15675859	0.095852	0.057553	0.028971	0.033540
contig_4_segment0	15200460	15971480	0.095053	0.055435	0.029446	0.035707
contig_4_segment0	15436825	16232393	0.177606	0.098469	0.055454	0.085818
contig_4_segment0	15675924	16558209	0.145597	0.063649	0.038366	0.064193
contig_4_segment0	15971494	16796176	0.107001	0.046067	0.027334	0.045715
contig_4_segment0	16232401	17114264	0.007587	0.003262	0.001970	-0.009304
contig_4_segment0	16558211	17518452	0.077198	0.032784	0.020180	0.031616
contig_4_segment0	16796186	17752858	0.169594	0.070129	0.043744	0.082766
contig_4_segment0	17114339	17945778	0.146092	0.059779	0.036339	0.066013
contig_4_segment0	17518810	18189459	0.099349	0.048187	0.026843	0.034596
contig_4_segment0	17753135	18492172	0.001543	0.000747	0.000411	-0.019407
contig_4_segment0	17945802	18736888	0.065102	0.031864	0.017088	0.015624
contig_4_segment0	18189467	19025874	0.007616	0.003185	0.001782	-0.013380
contig_4_segment0	18492276	19278849	-0.032580	-0.013058	-0.007458	-0.031766
contig_4_segment0	18737066	19531589	-0.042921	-0.016941	-0.009859	-0.038475
contig_4_segment0	19025880	19690136	0.122517	0.065120	0.036339	0.044650
contig_4_segment0	19279358	19861541	0.261506	0.172638	0.092570	0.117737
contig_4_segment0	19531674	20182329	0.221268	0.109882	0.066177	0.098315
contig_4_segment0	19690137	20628552	0.098242	0.037468	0.023070	0.035966
contig_4_segment0	19861823	20922638	0.033986	0.012868	0.007612	0.000349
contig_4_segment0	20182791	21117178	0.094100	0.043893	0.024385	0.034361
contig_4_segment0	20628769	21322724	0.102173	0.050981	0.029530	0.039285
contig_4_segment0	20923050	21555852	0.037631	0.017523	0.011339	0.009351
contig_4_segment0	21117231	21962850	-0.015295	-0.005789	-0.003666	-0.019069
contig_4_segment0	21322728	22455349	0.009256	0.003160	0.001951	-0.008990
contig_4_segment0	21557100	22913335	0.046761	0.013487	0.008362	0.006610
contig_4_segment0	21963546	23373114	-0.006410	-0.001874	-0.001188	-0.022385
contig_4_segment0	22455359	23589436	-0.004347	-0.001419	-0.000900	-0.015580
contig_4_segment0	22913381	24292246	-0.133596	-0.036922	-0.024353	-0.088253
contig_4_segment0	23373117	24809534	-0.140811	-0.033313	-0.021714	-0.085488
contig_4_segment0	23589452	25133842	-0.156799	-0.030534	-0.020520	-0.099777
contig_4_segment0	24292255	25580431	-0.137226	-0.030454	-0.020292	-0.086870
contig_4_segment0	24809559	26080107	-0.043796	-0.009852	-0.006745	-0.037749
contig_4_segment0	25134647	26646823	-0.091212	-0.019940	-0.013317	-0.071721
contig_4_segment0	25580441	26739608	0.024644	0.006623	0.004384	-0.005046
contig_4_segment0	26080129	27035320	-0.061065	-0.020083	-0.012970	-0.043289
contig_4_segment0	26646837	27335605	0.179111	0.097032	0.058051	0.074515
contig_4_segment0	26739618	27749503	0.249443	0.100454	0.060784	0.111675
contig_4_segment0	27035322	28062188	0.333717	0.112458	0.070740	0.162407
contig_4_segment0	27335687	28163587	0.189111	0.064416	0.041614	0.078932
contig_4_segment0	27749600	28589732	0.011254	0.003297	0.002140	-0.008193
contig_4_segment0	28062207	28825340	-0.074602	-0.025453	-0.016376	-0.045843
contig_4_segment0	28163590	29072917	-0.160735	-0.043239	-0.028436	-0.096830
contig_4_segment0	28589745	29468330	-0.177831	-0.053826	-0.034725	-0.093481
contig_4_segment0	28825356	30180028	-0.212943	-0.042555	-0.028334	-0.115012
contig_4_segment0	29072918	30748901	-0.193619	-0.033071	-0.022377	-0.106961
contig_4_segment0	29468340	31276313	-0.165973	-0.023582	-0.016462	-0.106318
contig_4_segment0	30180493	31817881	-0.142073	-0.023569	-0.016103	-0.096347
contig_4_segment0	30749262	31993616	-0.112168	-0.024625	-0.016582	-0.071128
contig_4_segment0	31278681	32016709	-0.037848	-0.015203	-0.009915	-0.014041
contig_4_segment0	31817892	32290127	-0.087517	-0.052926	-0.031972	-0.026347
contig_4_segment0	31993617	32789156	-0.028830	-0.011490	-0.007161	-0.005251
contig_4_segment0	32016714	33365371	-0.065309	-0.016803	-0.010792	-0.039726
contig_4_segment0	32290139	34006559	-0.012203	-0.002247	-0.001593	-0.019208
contig_4_segment0	32791974	34443497	-0.112958	-0.020967	-0.014928	-0.068444
contig_4_segment0	33367156	34893983	0.064276	0.015214	0.010375	0.020620
contig_4_segment0	34006605	35351958	-0.009239	-0.002626	-0.001620	-0.028921
contig_4_segment0	34443529	35824112	0.210596	0.065190	0.039644	0.106701
contig_4_segment0	34894051	36288485	0.098665	0.028495	0.017543	0.032715
contig_4_segment0	35351959	36579074	0.231992	0.083861	0.050863	0.127996
contig_4_segment0	35824116	36902711	0.294524	0.123110	0.070870	0.180153
contig_4_segment0	36288491	37184473	0.558764	0.325740	0.176334	0.402312
contig_4_segment0	36580248	37501396	0.649476	0.367215	0.201646	0.451232
contig_4_segment0	36903514	38086753	0.523593	0.227193	0.136981	0.309909
contig_4_segment0	37184892	38585124	0.164319	0.041727	0.027276	0.063155
contig_4_segment0	37501639	39101642	0.174117	0.043219	0.027594	0.072970
contig_4_segment0	38086756	39726127	0.128712	0.029884	0.019503	0.052420
contig_4_segment0	38585133	40348018	0.012408	0.002716	0.001783	-0.019864
contig_4_segment0	39101663	40719351	-0.207174	-0.041118	-0.028241	-0.139401
contig_4_segment0	39726131	41221203	-0.155457	-0.034249	-0.022792	-0.101900
contig_4_segment0	40348251	41408269	-0.044865	-0.013312	-0.008618	-0.036465
contig_4_segment0	40722102	41675822	0.001081	0.000348	0.000216	-0.019111
contig_4_segment0	41221230	42097099	-0.055113	-0.018204	-0.011055	-0.050589
contig_4_segment0	41411542	42395777	-0.122684	-0.040152	-0.024380	-0.088865
contig_4_segment0	41675947	42720746	-0.200511	-0.057340	-0.034977	-0.122979
contig_4_segment0	42097104	43103031	-0.061784	-0.021547	-0.012668	-0.058371
contig_4_segment0	42395779	43516420	0.100996	0.032230	0.018990	0.031859
contig_4_segment0	42720749	43892472	0.180821	0.059091	0.034700	0.081319
contig_4_segment0	43103190	44268054	0.174877	0.053353	0.032414	0.079611
contig_4_segment0	43516474	44665587	0.364774	0.150837	0.087089	0.223383
contig_4_segment0	43892499	44979991	0.544783	0.301875	0.166899	0.383123
contig_4_segment0	44268122	45185735	0.582018	0.417807	0.216780	0.399412
contig_4_segment0	44665588	45579021	0.491125	0.283950	0.155494	0.319446
contig_4_segment0	44980010	46082129	0.392255	0.175504	0.101930	0.238130
contig_4_segment0	45185739	46744412	0.306000	0.095144	0.058388	0.185861
contig_4_segment0	45579209	47396849	0.186808	0.045483	0.028971	0.094303
contig_4_segment0	46082130	47908429	0.046944	0.009691	0.006291	0.001578
contig_4_segment0	46744423	48468589	0.043909	0.009116	0.005891	0.001931
contig_4_segment0	47396884	49091939	0.032046	0.005870	0.003998	-0.002688
contig_4_segment0	47908430	49454866	0.037629	0.007533	0.005178	0.000973
contig_4_segment0	48468655	49880573	0.075049	0.017392	0.011775	0.022300
contig_4_segment0	49092026	50266831	0.211583	0.069184	0.042722	0.109279
contig_4_segment0	49455124	50797267	0.163585	0.052448	0.031811	0.085097
contig_4_segment0	49880680	51402597	0.114789	0.036499	0.021945	0.050277
contig_4_segment0	50266904	51679108	0.075704	0.024494	0.014859	0.023657
contig_4_segment0	50797603	52279135	0.007684	0.002167	0.001331	-0.022616
contig_4_segment0	51403100	53078046	0.032123	0.007786	0.005043	-0.006286
contig_4_segment0	51679957	53639559	-0.143598	-0.030528	-0.019756	-0.115565
contig_4_segment0	52279291	54259974	-0.165412	-0.033210	-0.022161	-0.122926
contig_4_segment0	53078359	54535760	-0.212426	-0.055354	-0.035288	-0.146985
contig_4_segment0	53639594	54932824	-0.096352	-0.025885	-0.016939	-0.074494
scaffold_13_segment0	8360	189957	0.000594	0.001185	0.000544	-0.004901
scaffold_13_segment0	18529	301981	-0.049198	-0.071460	-0.030855	-0.034485
scaffold_13_segment0	88574	465355	-0.015755	-0.018979	-0.008282	-0.022914
scaffold_13_segment0	190280	620737	-0.048630	-0.054113	-0.023058	-0.040914
scaffold_13_segment0	302063	767198	-0.024388	-0.025511	-0.011322	-0.025257
scaffold_13_segment0	465676	997308	-0.011661	-0.010324	-0.004940	-0.020636
scaffold_13_segment0	621198	1165191	0.007767	0.006386	0.003234	-0.010687
scaffold_13_segment0	767944	1283919	0.014041	0.011601	0.006301	-0.005535
scaffold_13_segment0	997394	1595995	-0.021861	-0.015628	-0.009575	-0.018734
