chr	windowStart	windowEnd	D	f_d	f_dM	d_f
contig_1888_segment0	55090	469482	0.197197	0.306655	0.175656	0.081234
contig_1888_segment0	247923	668085	0.187792	0.312353	0.179387	0.074040
contig_1888_segment0	348466	849803	0.215651	0.346464	0.185246	0.088545
contig_1888_segment0	469496	919321	0.205657	0.339853	0.170917	0.080376
contig_1888_segment0	668086	1004003	0.175137	0.336479	0.156182	0.067527
contig_1888_segment0	849806	1062031	0.113225	0.278348	0.117859	0.036899
contig_1888_segment0	919347	1271682	0.196850	0.267475	0.143089	0.075740
contig_1888_segment0	1004005	1421430	0.086178	0.088956	0.049599	0.030540
contig_1888_segment0	1062033	1793576	0.095003	0.053953	0.033586	0.036943
contig_1888_segment0	1271688	2024760	-0.017847	-0.009670	-0.005773	-0.019212
contig_1888_segment0	1421434	2200420	0.024471	0.012806	0.007642	0.001347
contig_1888_segment0	1793953	2402973	-0.016557	-0.011797	-0.006149	-0.016898
contig_1888_segment0	2024762	2586204	0.012630	0.009805	0.005087	-0.002819
contig_1888_segment0	2200610	2727729	0.031863	0.026415	0.012852	-0.000715
contig_1888_segment0	2403032	2831556	0.011735	0.011247	0.005325	-0.009023
contig_1888_segment0	2586731	2912312	-0.006234	-0.006653	-0.002949	-0.021634
contig_1888_segment0	2727732	2991367	-0.020591	-0.024293	-0.010459	-0.025625
contig_1888_segment0	2831611	3085157	-0.025442	-0.029955	-0.012978	-0.023096
contig_1888_segment0	2912479	3162599	-0.015423	-0.018131	-0.008216	-0.016297
contig_1888_segment0	2991455	3219487	0.004049	0.004851	0.002224	-0.006232
contig_1888_segment0	3085227	3339478	0.034668	0.042787	0.019381	0.002818
contig_1888_segment0	3162750	3484985	0.001351	0.001411	0.000612	-0.013007
contig_1888_segment0	3219492	3634235	0.012597	0.012247	0.005274	-0.009502
contig_1888_segment0	3339508	3801467	0.056701	0.047647	0.021371	0.009767
contig_1888_segment0	3485300	3930123	0.066694	0.060154	0.027549	0.015906
contig_1888_segment0	3634239	4033934	0.035859	0.032322	0.015297	0.004806
contig_1888_segment0	3801563	4139504	0.002562	0.002641	0.001216	-0.006089
contig_1888_segment0	3930667	4218309	-0.016433	-0.017715	-0.008236	-0.015880
contig_1888_segment0	4034094	4302046	0.008702	0.009587	0.004476	-0.003489
contig_1888_segment0	4139524	4388627	-0.060094	-0.071646	-0.031910	-0.040762
contig_1888_segment0	4218312	4491101	-0.044962	-0.050712	-0.022197	-0.032022
contig_1888_segment0	4302196	4616805	-0.050295	-0.053153	-0.022631	-0.039334
contig_1888_segment0	4388809	4737948	0.019417	0.019211	0.008604	-0.005935
contig_1888_segment0	4491104	4823705	0.041565	0.042715	0.019483	0.003699
contig_1888_segment0	4616858	4893879	0.043100	0.049305	0.022888	0.006450
contig_1888_segment0	4737960	4970290	0.043906	0.051780	0.024310	0.009081
contig_1888_segment0	4823907	5064111	0.039927	0.045839	0.021288	0.006378
contig_1888_segment0	4893928	5142938	0.052066	0.057631	0.025884	0.010127
contig_1888_segment0	4970375	5237262	0.047981	0.049575	0.022995	0.003938
contig_1888_segment0	5064116	5326516	0.021755	0.023717	0.010325	-0.009870
contig_1888_segment0	5143047	5401117	0.004769	0.005362	0.002334	-0.021577
contig_1888_segment0	5237280	5483848	-0.019388	-0.025720	-0.009839	-0.030030
contig_1888_segment0	5326596	5547205	0.022421	0.029064	0.012446	-0.008741
contig_1888_segment0	5401119	5618234	-0.016005	-0.020979	-0.008885	-0.022121
contig_1888_segment0	5484135	5693923	-0.019622	-0.026068	-0.010830	-0.022469
contig_1888_segment0	5547220	5783218	-0.055022	-0.072444	-0.028226	-0.036897
contig_1888_segment0	5618363	5910451	-0.024159	-0.027957	-0.011376	-0.023594
contig_1888_segment0	5694023	6040002	-0.049779	-0.049804	-0.021861	-0.038869
contig_1888_segment0	5783229	6137727	-0.078381	-0.080910	-0.034524	-0.051682
contig_1888_segment0	5910690	6213206	-0.089266	-0.107350	-0.043177	-0.058114
contig_1888_segment0	6040035	6286030	-0.056626	-0.078570	-0.030579	-0.040349
contig_1888_segment0	6137771	6392881	-0.059353	-0.080242	-0.031628	-0.043282
contig_1888_segment0	6213621	6497393	-0.054906	-0.065927	-0.027413	-0.039257
contig_1888_segment0	6286113	6619189	-0.023155	-0.024655	-0.010731	-0.026892
contig_1888_segment0	6392965	6740926	0.034594	0.033505	0.015885	-0.001114
contig_1888_segment0	6497420	6865727	0.067722	0.061806	0.031211	0.014546
contig_1888_segment0	6619667	6955186	0.022267	0.020613	0.010442	-0.005007
contig_1888_segment0	6741017	7055596	-0.010062	-0.009567	-0.004903	-0.017604
contig_1888_segment0	6865743	7139432	-0.033580	-0.033524	-0.017103	-0.024755
contig_1888_segment0	6955286	7208097	-0.006357	-0.006403	-0.003318	-0.009622
contig_1888_segment0	7055609	7275327	-0.013234	-0.014619	-0.007164	-0.012360
contig_1888_segment0	7139582	7339140	-0.005365	-0.006279	-0.002897	-0.010384
contig_1888_segment0	7208137	7405771	-0.005445	-0.006731	-0.002956	-0.012878
contig_1888_segment0	7275331	7460339	0.025048	0.030222	0.013357	-0.001306
contig_1888_segment0	7339230	7523129	0.046334	0.051159	0.024248	0.007526
contig_1888_segment0	7405820	7573886	0.046537	0.051721	0.024998	0.008645
contig_1888_segment0	7460391	7626627	0.035398	0.038853	0.019320	0.006203
contig_1888_segment0	7523382	7690667	0.016499	0.019484	0.009295	-0.002208
contig_1888_segment0	7573898	7742588	0.046294	0.055464	0.026688	0.010016
contig_1888_segment0	7626669	7792082	0.075056	0.090265	0.042286	0.022161
contig_1888_segment0	7690792	7853877	0.082110	0.102782	0.047165	0.022177
contig_1888_segment0	7742632	7915764	0.018560	0.023393	0.010415	-0.006907
contig_1888_segment0	7792090	7976209	-0.011170	-0.014417	-0.006198	-0.020624
contig_1888_segment0	7853882	8038229	0.001708	0.002127	0.000938	-0.018181
contig_1888_segment0	7915786	8103470	0.035279	0.043762	0.019357	-0.001755
contig_1888_segment0	7976224	8168797	-0.002302	-0.002960	-0.001297	-0.018293
contig_1888_segment0	8038250	8229755	-0.013556	-0.017604	-0.007549	-0.016731
contig_1888_segment0	8103479	8285596	-0.007725	-0.009655	-0.004305	-0.012938
contig_1888_segment0	8168818	8349570	0.043525	0.052320	0.024688	0.014143
contig_1888_segment0	8229794	8421012	0.044475	0.050827	0.024926	0.015992
contig_1888_segment0	8285623	8498620	0.034897	0.041850	0.019159	0.011213
contig_1888_segment0	8349574	8584987	0.010656	0.012792	0.005671	-0.000586
contig_1888_segment0	8421021	8652280	0.001043	0.001321	0.000567	-0.005812
contig_1888_segment0	8498622	8729564	0.013783	0.016844	0.007708	0.000409
contig_1888_segment0	8585024	8813512	0.018415	0.024512	0.011155	0.002178
contig_1888_segment0	8652298	8946330	0.009538	0.011488	0.005227	-0.004616
contig_1888_segment0	8729604	9039299	-0.002500	-0.002926	-0.001317	-0.011436
contig_1888_segment0	8813696	9147182	-0.014667	-0.015338	-0.006920	-0.018698
contig_1888_segment0	8946340	9282278	-0.005506	-0.005472	-0.002558	-0.016004
contig_1888_segment0	9039313	9438578	-0.021771	-0.020988	-0.009661	-0.022786
contig_1888_segment0	9147184	9583349	0.032930	0.031095	0.014517	0.004139
contig_1888_segment0	9282279	9732347	0.053393	0.052366	0.023586	0.014543
contig_1888_segment0	9438620	9833821	0.078449	0.075911	0.035662	0.023098
contig_1888_segment0	9583354	9923501	0.018908	0.019008	0.008628	-0.005853
contig_1888_segment0	9732355	10008260	-0.014170	-0.015413	-0.006832	-0.019814
contig_1888_segment0	9833823	10116130	0.025035	0.027617	0.012074	-0.004223
contig_1888_segment0	9923513	10259944	0.042386	0.044215	0.020519	0.005397
contig_1888_segment0	10008362	10416884	0.070072	0.068007	0.033350	0.018377
contig_1888_segment0	10116158	10545434	0.065565	0.062073	0.030459	0.017550
contig_1888_segment0	10259949	10623006	0.065861	0.064392	0.031514	0.018107
contig_1888_segment0	10416947	10699851	0.036340	0.036575	0.017516	0.004379
contig_1888_segment0	10545440	10778436	-0.003877	-0.004087	-0.001939	-0.016884
contig_1888_segment0	10623026	10843851	-0.007339	-0.008129	-0.003792	-0.021391
contig_1888_segment0	10699887	10926316	0.005255	0.005923	0.002756	-0.014728
contig_1888_segment0	10778511	11040078	0.012849	0.013866	0.006496	-0.007997
contig_1888_segment0	10843972	11465049	0.058431	0.043536	0.022721	0.016726
contig_1888_segment0	10926322	11613769	0.084308	0.063237	0.035490	0.030657
contig_235_segment0	3836	53216	0.035184	0.149873	0.074683	0.013426
contig_235_segment0	10890	62375	0.045262	0.188670	0.095953	0.019885
contig_235_segment0	39391	71658	0.030635	0.135351	0.066549	0.011234
contig_235_segment0	53227	88203	0.007957	0.037078	0.017988	0.002298
contig_235_segment0	62387	105711	-0.015441	-0.076859	-0.035164	-0.008623
contig_235_segment0	71667	123193	-0.004683	-0.020661	-0.009342	-0.000234
contig_235_segment0	88204	134692	0.001568	0.006921	0.003179	0.002660
contig_235_segment0	105734	155509	0.014622	0.061726	0.027862	0.007456
scaffold_335_segment0	134694	174267	0.078909	0.194309	0.101199	0.032969
scaffold_335_segment0	155511	307379	0.110481	0.213245	0.111199	0.044523
scaffold_335_segment0	23827	480477	0.174241	0.259922	0.126823	0.072718
scaffold_335_segment0	174286	872785	0.324613	0.325675	0.160842	0.158239
scaffold_335_segment0	307380	1057622	0.394080	0.342230	0.166897	0.205531
scaffold_335_segment0	480479	1230486	0.390481	0.305959	0.147950	0.211925
scaffold_335_segment0	872794	1280246	0.247623	0.241207	0.112197	0.112791
scaffold_335_segment0	1058270	1287403	0.139213	0.185726	0.086784	0.055583
scaffold_335_segment0	1230962	1314859	0.053855	0.147953	0.065402	0.018704
scaffold_335_segment0	1280251	1453283	0.018277	0.036071	0.014747	0.000296
scaffold_335_segment0	1287411	1679493	0.018976	0.022059	0.009630	-0.003651
scaffold_335_segment0	1314860	1846625	0.013396	0.011715	0.005423	-0.011310
scaffold_335_segment0	1453559	2029993	0.044945	0.037590	0.017950	0.004003
scaffold_335_segment0	1679520	2189105	0.045359	0.041368	0.019119	0.006361
scaffold_335_segment0	1847058	2333452	0.057333	0.056086	0.025392	0.014557
scaffold_335_segment0	2031558	2442454	0.034496	0.036413	0.016050	0.004098
scaffold_335_segment0	2189116	2522268	0.021287	0.023168	0.010223	-0.003181
scaffold_335_segment0	2333492	2628593	0.018379	0.021022	0.009162	-0.005026
scaffold_335_segment0	2442463	2709269	0.035575	0.043522	0.019686	0.004473
scaffold_335_segment0	2522294	2803584	0.065417	0.083343	0.035711	0.014388
scaffold_335_segment0	2628594	2881931	0.013693	0.017069	0.007484	-0.010387
scaffold_335_segment0	2709513	2995757	0.017924	0.019935	0.009452	-0.006270
scaffold_335_segment0	2803615	3151862	0.050046	0.050576	0.025811	0.014217
scaffold_335_segment0	2881966	3301555	0.121028	0.118563	0.055189	0.046836
scaffold_335_segment0	2995758	3416723	0.142192	0.136722	0.059579	0.054311
scaffold_335_segment0	3152020	3510237	0.112480	0.115848	0.048756	0.037839
scaffold_335_segment0	3301562	3595463	0.068156	0.073291	0.031724	0.019453
scaffold_335_segment0	3416776	3683618	0.002207	0.002676	0.001113	-0.013519
scaffold_335_segment0	3510258	3783426	-0.024294	-0.027837	-0.011297	-0.025902
scaffold_335_segment0	3595474	3891934	-0.021715	-0.022878	-0.009163	-0.028198
scaffold_335_segment0	3684042	3995023	0.040500	0.040755	0.016969	-0.000498
scaffold_335_segment0	3783464	4089990	0.060663	0.059600	0.026852	0.012036
scaffold_335_segment0	3891968	4182442	0.053624	0.060204	0.025737	0.012067
scaffold_335_segment0	3995033	4276022	0.030378	0.034589	0.014492	0.001187
scaffold_335_segment0	4089997	4447696	0.021914	0.023326	0.009061	-0.004649
scaffold_335_segment0	4182452	4598013	0.077569	0.070149	0.029803	0.016825
scaffold_335_segment0	4276697	4714349	0.071986	0.064588	0.026374	0.016836
scaffold_335_segment0	4447699	4798376	0.065743	0.069146	0.027267	0.013201
scaffold_335_segment0	4598211	4880167	0.046029	0.050132	0.020352	0.006481
scaffold_335_segment0	4714353	4968857	0.012255	0.013463	0.005528	-0.010767
scaffold_335_segment0	4798422	5057846	-0.021268	-0.022809	-0.009680	-0.024464
scaffold_335_segment0	4880228	5136190	-0.046873	-0.051167	-0.021527	-0.037144
scaffold_335_segment0	4968982	5195675	-0.018085	-0.020419	-0.009104	-0.021929
scaffold_335_segment0	5057876	5222524	-0.004987	-0.006049	-0.002762	-0.016969
scaffold_335_segment0	5136217	5334137	0.032082	0.039111	0.017787	-0.002204
scaffold_335_segment0	5196111	5465773	0.042963	0.046233	0.020719	0.003261
scaffold_335_segment0	5222527	5587772	0.114676	0.106619	0.048308	0.040382
scaffold_335_segment0	5334159	5662430	0.129862	0.119572	0.055160	0.051596
scaffold_335_segment0	5465827	5739018	0.140202	0.139346	0.062439	0.052555
scaffold_335_segment0	5587783	5855144	0.090321	0.093080	0.040208	0.027702
scaffold_335_segment0	5662467	5948731	0.068642	0.072394	0.030707	0.017617
scaffold_335_segment0	5739033	6030084	0.046586	0.047731	0.020246	0.007300
scaffold_335_segment0	5855251	6104833	0.036502	0.040325	0.017759	0.004362
scaffold_335_segment0	5949310	6161461	-0.005714	-0.007166	-0.002950	-0.019011
scaffold_335_segment0	6030193	6245545	-0.005450	-0.006894	-0.003074	-0.014432
scaffold_335_segment0	6104840	6321790	-0.000349	-0.000444	-0.000188	-0.015539
scaffold_335_segment0	6161487	6393608	0.009187	0.010387	0.004861	-0.007157
scaffold_335_segment0	6245551	6456901	-0.004229	-0.005180	-0.002329	-0.014634
scaffold_335_segment0	6322183	6533225	-0.012299	-0.014663	-0.006944	-0.018771
scaffold_335_segment0	6393623	6586642	0.002880	0.003575	0.001599	-0.012402
scaffold_335_segment0	6456954	6645372	0.049540	0.059708	0.027296	0.011213
scaffold_335_segment0	6533247	6667169	0.070923	0.097308	0.044475	0.025167
scaffold_335_segment0	6586647	6700002	0.018863	0.029374	0.013190	-0.001059
scaffold_335_segment0	6645373	6747634	-0.014352	-0.026117	-0.011334	-0.014824
scaffold_335_segment0	6667188	6864214	-0.010069	-0.013365	-0.005964	-0.019407
scaffold_335_segment0	6700005	6961448	0.032790	0.037912	0.017762	0.004314
scaffold_335_segment0	6747638	7078767	0.032010	0.031064	0.015128	0.002470
scaffold_335_segment0	6864539	7167044	0.054130	0.050646	0.025697	0.016330
scaffold_335_segment0	6961513	7255282	0.040699	0.037634	0.018893	0.007641
scaffold_335_segment0	7078788	7338184	0.062904	0.060436	0.028748	0.013686
scaffold_335_segment0	7167065	7437308	0.024593	0.025365	0.011521	-0.006109
scaffold_335_segment0	7255289	7604666	0.036270	0.036065	0.016470	-0.000935
scaffold_335_segment0	7338212	7765989	0.011597	0.010359	0.004871	-0.011220
scaffold_335_segment0	7437317	7882875	0.019078	0.016981	0.007420	-0.010323
scaffold_335_segment0	7604681	8065333	-0.008196	-0.007198	-0.003205	-0.021539
scaffold_335_segment0	7766444	8190373	-0.011452	-0.010483	-0.004603	-0.023021
scaffold_335_segment0	7882880	8357207	-0.005229	-0.004341	-0.002070	-0.016117
scaffold_335_segment0	8065374	8538720	0.038929	0.028150	0.013791	0.001456
scaffold_335_segment0	8190474	8659288	0.048953	0.036077	0.017467	0.007425
scaffold_335_segment0	8357892	8795939	0.018704	0.015166	0.007149	-0.007218
scaffold_335_segment0	8538947	8957019	-0.012087	-0.011067	-0.004919	-0.023958
scaffold_335_segment0	8659344	9085794	-0.030931	-0.028338	-0.012405	-0.032393
scaffold_335_segment0	8796040	9206227	0.017105	0.016028	0.006963	-0.009114
scaffold_335_segment0	8957040	9340716	0.126793	0.121936	0.054207	0.045724
scaffold_335_segment0	9085837	9557704	0.166167	0.139946	0.065154	0.065873
scaffold_335_segment0	9206229	9737024	0.198371	0.152493	0.075350	0.088245
scaffold_335_segment0	9340717	9911234	0.092194	0.072184	0.034185	0.030630
scaffold_335_segment0	9558786	10120850	0.102850	0.084704	0.041064	0.036588
scaffold_335_segment0	9737097	10294969	0.111243	0.099609	0.045910	0.046689
scaffold_335_segment0	9911237	10421229	0.132737	0.117093	0.054890	0.059809
scaffold_335_segment0	10120880	10635907	0.125515	0.111966	0.052406	0.058128
scaffold_335_segment0	10294975	10797112	-0.010321	-0.008665	-0.004119	-0.016879
scaffold_335_segment0	10421309	10948735	0.018167	0.014871	0.007480	-0.004133
scaffold_335_segment0	10636008	11044675	0.075131	0.072684	0.035916	0.023426
scaffold_335_segment0	10797124	11313809	0.143050	0.117825	0.060050	0.055437
scaffold_335_segment0	10948925	11465138	0.177224	0.136870	0.067882	0.069260
scaffold_335_segment0	11044676	11583317	0.140587	0.102867	0.047657	0.050022
scaffold_335_segment0	11314288	11683803	0.167998	0.140299	0.063401	0.067031
scaffold_335_segment0	11466024	11851857	0.164718	0.144729	0.065658	0.064874
scaffold_335_segment0	11583341	12016906	0.231196	0.190223	0.093684	0.108895
scaffold_335_segment0	11683857	12174302	0.248696	0.214676	0.098961	0.117238
scaffold_335_segment0	11851916	12322960	0.155497	0.125492	0.059146	0.066847
scaffold_335_segment0	12016953	12433811	0.046843	0.040364	0.018040	0.008669
scaffold_335_segment0	12174318	12538916	-0.047125	-0.042177	-0.019416	-0.032444
scaffold_335_segment0	12323000	12757107	0.035868	0.030009	0.013544	0.002273
scaffold_335_segment0	12433818	12938915	0.058906	0.041848	0.019705	0.012141
scaffold_335_segment0	12538942	13117464	0.223694	0.161173	0.075313	0.098585
scaffold_335_segment0	12757557	13301215	0.293406	0.253168	0.111166	0.133322
scaffold_335_segment0	12939247	13501358	0.292612	0.269356	0.113746	0.140569
scaffold_335_segment0	13117475	13693600	0.219899	0.184488	0.076107	0.092649
scaffold_335_segment0	13301287	13926364	0.200655	0.150038	0.066975	0.090565
scaffold_335_segment0	13501982	14115365	0.185366	0.135459	0.059405	0.079119
scaffold_335_segment0	13693936	14356466	0.154167	0.104451	0.047495	0.065622
scaffold_335_segment0	13926394	14667916	0.073986	0.043235	0.020367	0.020556
scaffold_335_segment0	14115650	15008064	-0.006270	-0.003035	-0.001574	-0.016654
scaffold_335_segment0	14356798	15362426	-0.013627	-0.006004	-0.003243	-0.022586
scaffold_335_segment0	14667954	15555664	-0.040553	-0.020290	-0.010540	-0.037433
scaffold_335_segment0	15008620	15879594	0.009900	0.005749	0.002864	-0.010813
scaffold_335_segment0	15362435	16242529	-0.005568	-0.003419	-0.001713	-0.017483
scaffold_335_segment0	15555669	16504051	0.026507	0.014584	0.007404	-0.000948
scaffold_335_segment0	15879610	16678147	0.135707	0.075372	0.038848	0.056043
scaffold_335_segment0	16243263	16877635	0.118714	0.069964	0.036844	0.051864
scaffold_335_segment0	16504500	16978609	0.129645	0.088477	0.047374	0.058497
scaffold_335_segment0	16678307	17108703	0.027692	0.021515	0.010901	0.003468
scaffold_335_segment0	16877647	17243302	0.068300	0.063179	0.029307	0.019610
scaffold_335_segment0	16978610	17404130	0.095431	0.079959	0.035684	0.030843
scaffold_335_segment0	17108853	17569947	0.139046	0.107747	0.050425	0.057768
scaffold_335_segment0	17243308	17759548	0.128071	0.101192	0.047649	0.056056
scaffold_335_segment0	17404215	17876544	0.073276	0.065197	0.031712	0.027372
scaffold_335_segment0	17570313	18025424	-0.013241	-0.011861	-0.005649	-0.017997
scaffold_335_segment0	17759776	18147960	-0.034694	-0.031386	-0.014876	-0.027578
scaffold_335_segment0	17876560	18276157	-0.054398	-0.048124	-0.022378	-0.035154
scaffold_335_segment0	18025426	18443546	0.014313	0.012547	0.006004	-0.000325
scaffold_335_segment0	18148301	18613280	0.037337	0.031941	0.015737	0.013307
scaffold_335_segment0	18276171	18798277	0.147329	0.111183	0.055950	0.065061
scaffold_335_segment0	18443548	18968749	0.133841	0.100624	0.049174	0.051946
scaffold_335_segment0	18613354	19216741	0.118192	0.079494	0.037522	0.040093
scaffold_335_segment0	18798412	19397817	0.033543	0.025063	0.010917	-0.003089
scaffold_335_segment0	18968765	19697191	0.083752	0.059364	0.026357	0.022999
scaffold_335_segment0	19217589	19923062	0.250340	0.181892	0.081727	0.123790
scaffold_335_segment0	19397823	20183770	0.289412	0.182369	0.088416	0.164473
scaffold_335_segment0	19697192	20394111	0.292547	0.182030	0.092557	0.152243
scaffold_335_segment0	19923237	20672183	0.105202	0.064768	0.032367	0.037561
scaffold_335_segment0	20183776	20858446	0.021134	0.014586	0.006706	-0.007641
scaffold_335_segment0	20394398	21037042	-0.053793	-0.040876	-0.018054	-0.045097
scaffold_335_segment0	20672426	21277288	-0.018610	-0.014346	-0.006525	-0.023778
scaffold_335_segment0	20858451	21426709	-0.060195	-0.045925	-0.022361	-0.040350
scaffold_335_segment0	21037052	21635728	0.134705	0.102131	0.048438	0.060868
scaffold_335_segment0	21277459	21817973	0.240670	0.191455	0.090540	0.131142
scaffold_335_segment0	21426856	21978418	0.375164	0.291851	0.130151	0.225689
scaffold_335_segment0	21635735	22220385	0.340617	0.246273	0.108523	0.185605
scaffold_335_segment0	21818658	22420376	0.205722	0.146356	0.063152	0.089572
scaffold_335_segment0	21978636	22783120	0.043259	0.026162	0.013349	0.002189
scaffold_335_segment0	22220393	22974802	-0.041805	-0.028058	-0.015555	-0.033116
scaffold_335_segment0	22420553	23169669	0.072763	0.050721	0.028773	0.023704
scaffold_335_segment0	22783283	23783046	0.203243	0.081797	0.050548	0.102590
scaffold_335_segment0	22974813	24280255	0.131068	0.038354	0.025634	0.061899
scaffold_335_segment0	23169674	24761405	0.053544	0.013179	0.008731	0.018284
scaffold_335_segment0	23783087	25294819	-0.041823	-0.012248	-0.007885	-0.033722
scaffold_335_segment0	24280317	25821577	0.131329	0.039519	0.023808	0.059628
scaffold_335_segment0	24761421	26298067	0.221598	0.065628	0.040378	0.118962
scaffold_335_segment0	25294826	26532711	0.211511	0.066016	0.040678	0.113941
scaffold_335_segment0	25821581	26752719	0.112983	0.042131	0.025172	0.053732
scaffold_335_segment0	26298084	26873197	0.016521	0.009604	0.005269	-0.001158
scaffold_335_segment0	26532798	27047315	0.029219	0.020293	0.010539	0.001390
scaffold_335_segment0	26752839	27249073	0.119348	0.099447	0.048361	0.052678
scaffold_335_segment0	26873205	27448380	0.239582	0.185235	0.094935	0.128813
scaffold_335_segment0	27047453	27585678	0.305274	0.256497	0.128441	0.168901
scaffold_335_segment0	27249163	27750394	0.350705	0.296570	0.156174	0.192185
scaffold_335_segment0	27448390	27996377	0.315065	0.217529	0.118896	0.160034
scaffold_335_segment0	27585718	28372122	0.312702	0.159725	0.094016	0.140760
scaffold_335_segment0	27750413	28582229	0.337798	0.181221	0.106733	0.155859
scaffold_335_segment0	27996382	28894254	0.261012	0.133106	0.078119	0.112149
scaffold_335_segment0	28372124	29054080	0.224467	0.144899	0.084609	0.095926
scaffold_335_segment0	28582235	29363157	-0.054352	-0.027572	-0.017747	-0.035818
scaffold_335_segment0	28894256	29606219	0.119647	0.070256	0.044146	0.048790
scaffold_335_segment0	29054101	29830110	0.308484	0.180454	0.107781	0.167251
scaffold_335_segment0	29363242	30087313	0.484411	0.325724	0.170859	0.273030
scaffold_335_segment0	29606777	30407530	0.493861	0.337144	0.169923	0.280153
scaffold_335_segment0	29830585	30593537	0.322286	0.238857	0.110521	0.165480
scaffold_335_segment0	30087483	30743057	0.265847	0.229327	0.103127	0.127473
scaffold_335_segment0	30407538	30883140	0.068280	0.065130	0.030884	0.022570
scaffold_335_segment0	30593550	30972068	0.041771	0.038982	0.020640	0.010227
scaffold_335_segment0	30743173	31088473	0.109530	0.099612	0.056508	0.043253
scaffold_335_segment0	30883410	31251671	0.186523	0.163397	0.086087	0.079466
scaffold_335_segment0	30972315	31473901	0.288334	0.209955	0.116673	0.141795
scaffold_335_segment0	31088486	31679228	0.197118	0.124121	0.072370	0.096107
scaffold_335_segment0	31251693	31887283	0.145901	0.080277	0.050042	0.071488
scaffold_335_segment0	31473934	32257850	0.053997	0.026208	0.016339	0.023967
scaffold_335_segment0	31679385	32504417	0.069605	0.031378	0.018830	0.026504
scaffold_335_segment0	31887290	32936087	0.212189	0.091712	0.051756	0.094295
scaffold_335_segment0	32257862	33238478	0.297688	0.153587	0.081770	0.133417
scaffold_335_segment0	32505803	33541876	0.356191	0.186745	0.100564	0.179637
scaffold_335_segment0	32939570	33827848	0.266921	0.120881	0.069191	0.117856
scaffold_335_segment0	33238481	34094226	0.176870	0.077937	0.043539	0.065738
scaffold_335_segment0	33542238	34320239	-0.027600	-0.014538	-0.007519	-0.030566
scaffold_335_segment0	33827927	34575963	0.006395	0.005207	0.002286	-0.014593
scaffold_335_segment0	34096080	34753729	0.062693	0.054076	0.026991	0.021263
scaffold_335_segment0	34320571	34881292	0.204697	0.178127	0.098017	0.108818
scaffold_335_segment0	34576106	34941331	0.181264	0.187834	0.116763	0.088225
scaffold_335_segment0	34753743	35087863	0.129344	0.136556	0.077728	0.055605
scaffold_335_segment0	34881408	35268068	0.108766	0.106022	0.059563	0.044279
scaffold_335_segment0	34941424	35523087	0.108877	0.090909	0.044145	0.041861
scaffold_335_segment0	35087866	35818914	0.048432	0.039434	0.017335	0.008735
scaffold_335_segment0	35268069	36014141	0.102136	0.079358	0.033701	0.028797
scaffold_335_segment0	35523717	36432950	0.082469	0.049302	0.024802	0.022523
scaffold_335_segment0	35818916	36732423	0.162378	0.092735	0.050367	0.068205
scaffold_335_segment0	36014204	37016163	0.236506	0.118598	0.066916	0.112441
scaffold_335_segment0	36433166	37201469	0.268376	0.157018	0.084339	0.131344
scaffold_335_segment0	36733905	37329672	0.234756	0.148055	0.074871	0.104598
scaffold_335_segment0	37016170	37472589	0.046236	0.037691	0.018364	0.009985
scaffold_335_segment0	37201557	37572946	-0.064968	-0.060192	-0.031129	-0.037797
scaffold_335_segment0	37329674	37758973	-0.053492	-0.048772	-0.028618	-0.024326
scaffold_335_segment0	37472595	37974221	0.043932	0.033687	0.019882	0.019638
scaffold_335_segment0	37572948	38155523	0.019319	0.013402	0.007214	-0.001129
scaffold_335_segment0	37759505	38445796	0.058932	0.038389	0.018721	0.012111
scaffold_335_segment0	37974246	38686374	0.221416	0.155589	0.077812	0.093958
scaffold_335_segment0	38155586	38861769	0.364803	0.271740	0.148168	0.170267
scaffold_335_segment0	38445799	39046732	0.404747	0.350730	0.198325	0.215756
scaffold_335_segment0	38686670	39192583	0.337205	0.332799	0.159938	0.171364
scaffold_335_segment0	38861778	39373772	0.276985	0.244598	0.105508	0.133934
scaffold_335_segment0	39046811	39547067	0.078216	0.061611	0.026931	0.023063
scaffold_335_segment0	39193162	39747577	0.078573	0.061134	0.027143	0.026324
scaffold_335_segment0	39373829	39995696	0.128319	0.090936	0.044552	0.056942
scaffold_335_segment0	39547592	40214133	0.208310	0.127721	0.069640	0.098823
scaffold_335_segment0	39747954	40323299	0.137129	0.090708	0.054633	0.058836
scaffold_335_segment0	39995935	40461995	0.048980	0.039937	0.023493	0.017661
scaffold_335_segment0	40214167	40531726	0.045228	0.054604	0.029908	0.017880
scaffold_335_segment0	40323602	40675167	0.021991	0.022577	0.011558	0.005785
scaffold_335_segment0	40462035	40791126	0.019646	0.019918	0.010098	0.000926
scaffold_335_segment0	40531838	40907382	0.149606	0.128857	0.066746	0.061528
scaffold_335_segment0	40675172	41026713	0.193649	0.171332	0.090128	0.083099
scaffold_335_segment0	40791139	41165438	0.217053	0.187666	0.100017	0.100819
scaffold_335_segment0	40907397	41365563	0.092874	0.074800	0.038670	0.038828
scaffold_335_segment0	41026782	41511753	0.143048	0.114729	0.059180	0.060284
scaffold_335_segment0	41165462	41639898	0.158240	0.132377	0.064987	0.070814
scaffold_335_segment0	41366243	41806756	0.188469	0.165281	0.082996	0.075373
scaffold_335_segment0	41511785	41950108	0.065467	0.053246	0.028297	0.018917
scaffold_335_segment0	41640146	42130713	0.028726	0.020807	0.010349	0.002773
scaffold_335_segment0	41806760	42284113	0.050196	0.040312	0.017451	0.010774
scaffold_335_segment0	41950110	42513029	0.092966	0.075902	0.029487	0.028068
scaffold_335_segment0	42130716	42774397	0.149558	0.111197	0.050629	0.058011
scaffold_335_segment0	42284209	43031357	0.096980	0.065592	0.032609	0.033665
scaffold_335_segment0	42513370	43192094	0.243754	0.169231	0.085895	0.126307
scaffold_335_segment0	42774406	43412710	0.226566	0.178355	0.080760	0.115637
scaffold_335_segment0	43031435	43651876	0.277422	0.205277	0.094615	0.147521
scaffold_335_segment0	43192315	43875835	0.180758	0.113575	0.058278	0.080533
scaffold_335_segment0	43413052	44252015	0.284207	0.158809	0.084925	0.143395
scaffold_335_segment0	43652037	44574075	0.304507	0.169009	0.091210	0.165432
scaffold_335_segment0	43876035	44983349	0.272269	0.153603	0.078010	0.137396
scaffold_335_segment0	44252025	45170858	0.133869	0.085066	0.040986	0.048640
scaffold_335_segment0	44574257	45382492	0.015088	0.011922	0.005103	-0.006674
scaffold_335_segment0	44984584	45565689	0.054543	0.049303	0.020729	0.009993
scaffold_335_segment0	45170859	45824340	0.054256	0.038250	0.019127	0.013110
scaffold_335_segment0	45382538	46017011	0.072928	0.051162	0.025577	0.025452
scaffold_335_segment0	45565895	46255934	0.018515	0.013155	0.006382	-0.002850
scaffold_335_segment0	45824630	46496063	0.026148	0.019957	0.008840	0.001227
scaffold_335_segment0	46017124	46665741	0.088709	0.062102	0.028523	0.026935
scaffold_335_segment0	46255938	46819384	0.110233	0.075513	0.035679	0.035828
scaffold_335_segment0	46496097	46975264	0.124731	0.095147	0.046650	0.054134
scaffold_335_segment0	46665752	47106065	0.052285	0.040751	0.019932	0.017516
scaffold_335_segment0	46819430	47258050	0.032112	0.027181	0.013139	0.009734
scaffold_335_segment0	46975300	47423017	-0.021564	-0.018014	-0.008121	-0.023597
scaffold_335_segment0	47106119	47612911	0.000035	0.000029	0.000013	-0.011097
scaffold_335_segment0	47258058	47705697	0.008510	0.007260	0.003418	-0.006698
scaffold_335_segment0	47423077	47827242	0.076079	0.068370	0.033600	0.026408
scaffold_335_segment0	47612927	47976634	0.135469	0.135757	0.065279	0.057936
scaffold_335_segment0	47705805	48089961	0.114166	0.112152	0.051066	0.044870
scaffold_335_segment0	47827263	48209678	0.072321	0.071483	0.031289	0.021619
scaffold_335_segment0	47976829	48367120	-0.022179	-0.020748	-0.008996	-0.025300
scaffold_335_segment0	48090315	48479175	0.031676	0.029925	0.012833	-0.001989
scaffold_335_segment0	48209814	48610184	0.017839	0.017269	0.007378	-0.007270
scaffold_335_segment0	48367230	48747177	0.017985	0.018629	0.007704	-0.004298
scaffold_335_segment0	48479267	48864458	0.044093	0.045505	0.018804	0.004083
scaffold_335_segment0	48610707	48963883	0.117990	0.132054	0.054853	0.045821
scaffold_335_segment0	48747180	49095840	0.164005	0.177342	0.072945	0.066754
scaffold_335_segment0	48864482	49253146	0.130048	0.127100	0.057968	0.048501
scaffold_335_segment0	48964115	49403233	0.038547	0.033473	0.015817	0.004591
scaffold_335_segment0	49095850	49521277	0.014841	0.012328	0.006132	-0.003373
scaffold_335_segment0	49253973	49681115	-0.022798	-0.021208	-0.009283	-0.021011
scaffold_335_segment0	49403740	49787671	-0.013786	-0.014174	-0.006017	-0.014820
scaffold_335_segment0	49521366	49866997	-0.004331	-0.005605	-0.002265	-0.010658
scaffold_335_segment0	49681134	49994245	0.013155	0.017790	0.007283	-0.003190
scaffold_335_segment0	49787753	50088508	0.027150	0.033509	0.013290	-0.002618
scaffold_335_segment0	49867617	50205492	-0.004309	-0.004253	-0.001784	-0.016899
scaffold_335_segment0	49994503	50303278	0.041748	0.041368	0.018383	0.004336
scaffold_335_segment0	50088529	50438624	0.039871	0.038728	0.018342	0.006806
scaffold_335_segment0	50205926	50599824	0.055959	0.051206	0.024619	0.013559
scaffold_335_segment0	50303328	50739293	0.012227	0.010492	0.004904	-0.008758
scaffold_335_segment0	50438626	50866889	0.016784	0.014191	0.006660	-0.006291
scaffold_335_segment0	50599944	51003495	-0.035101	-0.033215	-0.014852	-0.026770
scaffold_335_segment0	50739332	51183181	0.028898	0.027172	0.012063	0.002053
scaffold_335_segment0	50867115	51376797	0.074546	0.069698	0.029622	0.023146
scaffold_335_segment0	51003591	51522648	0.146534	0.141592	0.060930	0.057616
scaffold_335_segment0	51183216	51675295	0.075301	0.066562	0.031046	0.022204
scaffold_335_segment0	51376857	51866742	-0.005661	-0.004247	-0.002155	-0.015876
scaffold_335_segment0	51522674	52009144	-0.013057	-0.009142	-0.004890	-0.018255
scaffold_335_segment0	51675475	52171534	0.028901	0.021400	0.011397	0.001657
scaffold_335_segment0	51866760	52338094	0.059504	0.053024	0.026654	0.016968
scaffold_335_segment0	52009821	52486301	0.046440	0.041278	0.019781	0.012060
scaffold_335_segment0	52171546	52621408	0.037444	0.033912	0.015416	0.008078
scaffold_335_segment0	52338109	52727103	0.055098	0.048257	0.022847	0.017343
scaffold_335_segment0	52486334	52832131	0.045735	0.042414	0.019832	0.012995
scaffold_335_segment1	62890	379756	0.023702	0.025213	0.011108	-0.000711
scaffold_335_segment1	157759	505272	0.016864	0.016529	0.007745	-0.005756
scaffold_335_segment1	271360	607744	0.024154	0.024378	0.011346	0.000250
scaffold_335_segment1	379774	762362	0.000828	0.000812	0.000374	-0.014250
scaffold_335_segment1	505359	865721	-0.002533	-0.002651	-0.001224	-0.013403
scaffold_335_segment1	607799	939810	-0.036785	-0.042136	-0.017874	-0.031224
scaffold_335_segment1	762567	1011687	0.001328	0.001700	0.000731	-0.013357
scaffold_335_segment1	865738	1092558	0.020229	0.024190	0.010601	-0.009032
scaffold_335_segment1	939994	1172963	0.050850	0.056579	0.026731	0.004355
scaffold_335_segment1	1011826	1247978	0.023037	0.024227	0.011775	-0.007305
scaffold_335_segment1	1092560	1320598	-0.004813	-0.005358	-0.002368	-0.017348
scaffold_335_segment1	1173037	1404596	-0.054805	-0.064327	-0.027632	-0.034068
scaffold_335_segment1	1248001	1494178	-0.040412	-0.050231	-0.020773	-0.025936
scaffold_335_segment1	1320607	1579430	-0.044736	-0.051798	-0.023331	-0.025617
scaffold_335_segment1	1404608	1700338	-0.004640	-0.004995	-0.002243	-0.010468
scaffold_335_segment1	1494487	1828057	-0.015980	-0.016303	-0.007399	-0.017245
scaffold_335_segment1	1579506	1921474	0.012274	0.013529	0.006020	-0.006308
scaffold_335_segment1	1700341	1983416	-0.018104	-0.021978	-0.009923	-0.019220
scaffold_335_segment1	1828116	2040933	-0.004305	-0.005556	-0.002494	-0.010072
scaffold_335_segment1	1921531	2096005	-0.025778	-0.035513	-0.015364	-0.018950
scaffold_335_segment1	1983440	2140221	-0.026543	-0.039473	-0.016794	-0.015845
scaffold_335_segment1	2041045	2197193	0.005507	0.008083	0.003552	-0.006948
scaffold_335_segment1	2096013	2251008	0.003953	0.005942	0.002665	-0.008400
scaffold_335_segment1	2140229	2316800	0.036891	0.049611	0.022425	0.003753
scaffold_335_segment1	2197196	2384675	0.006613	0.008795	0.003673	-0.009362
scaffold_335_segment1	2251022	2468074	0.017722	0.021468	0.009079	-0.005406
scaffold_335_segment1	2316819	2524120	-0.004536	-0.005856	-0.002367	-0.016927
scaffold_335_segment1	2384682	2584664	-0.011365	-0.014874	-0.006423	-0.020325
scaffold_335_segment1	2468193	2636609	-0.020044	-0.029534	-0.012786	-0.022524
scaffold_335_segment1	2524121	2691743	-0.009761	-0.013992	-0.006406	-0.018921
scaffold_335_segment1	2584667	2752549	0.024969	0.035598	0.015676	-0.002952
scaffold_335_segment1	2636623	2810926	0.045728	0.060399	0.026567	0.003482
scaffold_335_segment1	2691798	2875077	0.056771	0.070740	0.031596	0.008702
scaffold_335_segment1	2752646	2939997	0.041517	0.051797	0.023296	0.003775
scaffold_335_segment1	2810928	2990514	0.020271	0.027034	0.011771	-0.004555
scaffold_335_segment1	2875082	3037114	-0.001901	-0.002824	-0.001179	-0.013843
scaffold_335_segment1	2940006	3082675	0.000590	0.000912	0.000377	-0.014139
scaffold_335_segment1	2990522	3112398	0.010875	0.017365	0.007381	-0.007854
scaffold_335_segment1	3037126	3146520	0.035038	0.055457	0.024210	0.005610
scaffold_335_segment1	3082679	3177743	0.015384	0.025388	0.011153	-0.000629
scaffold_335_segment1	3112418	3204991	-0.018942	-0.030700	-0.012514	-0.025098
scaffold_335_segment1	3146521	3244894	-0.012824	-0.019399	-0.008059	-0.029604
scaffold_335_segment1	3177757	3280708	0.010250	0.013657	0.005953	-0.021226
scaffold_335_segment1	3204992	3312254	0.025056	0.030660	0.014181	-0.006796
scaffold_335_segment1	3244911	3345592	0.007654	0.009468	0.004491	-0.012677
scaffold_335_segment1	3280712	3377618	-0.019146	-0.024438	-0.011553	-0.024846
scaffold_335_segment1	3312262	3400357	-0.027252	-0.037877	-0.017824	-0.027096
scaffold_335_segment1	3345627	3439213	-0.031357	-0.043597	-0.020129	-0.025384
scaffold_335_segment1	3377626	3485448	0.007019	0.009680	0.004473	-0.009872
scaffold_335_segment1	3400362	3526899	0.020068	0.027482	0.012985	-0.005359
scaffold_335_segment1	3439220	3577187	0.043168	0.058411	0.028140	0.003151
scaffold_335_segment1	3485450	3623207	0.030115	0.039992	0.019197	-0.004098
scaffold_335_segment1	3526925	3681087	0.049400	0.066744	0.030240	0.007746
scaffold_335_segment1	3577245	3743690	0.058706	0.077227	0.034751	0.014241
scaffold_335_segment1	3623241	3817615	0.050826	0.066769	0.029877	0.013074
scaffold_335_segment1	3681113	3864225	0.022697	0.028942	0.013328	0.000568
scaffold_335_segment1	3743692	3920045	-0.022845	-0.029835	-0.014160	-0.018846
scaffold_335_segment1	3817804	3952223	-0.042382	-0.060984	-0.029555	-0.025518
scaffold_335_segment1	3864264	3990851	-0.010473	-0.013530	-0.007054	-0.015541
scaffold_335_segment1	3920048	4039042	0.017279	0.022100	0.011258	-0.007419
scaffold_335_segment1	3952277	4076471	0.050155	0.057424	0.029769	0.003360
scaffold_335_segment1	3990852	4113722	0.045038	0.051706	0.026170	-0.000296
scaffold_335_segment1	4039118	4156067	0.031460	0.035477	0.017078	-0.008292
scaffold_335_segment1	4076551	4201372	0.022092	0.026584	0.012279	-0.009324
scaffold_335_segment1	4113732	4257626	0.032105	0.040408	0.018317	-0.003636
scaffold_335_segment1	4156321	4327847	0.058517	0.075011	0.035667	0.009239
scaffold_335_segment1	4201384	4390104	0.052847	0.066907	0.033382	0.008623
scaffold_335_segment1	4257850	4516084	0.030595	0.033057	0.017831	0.000542
scaffold_335_segment1	4327860	4804077	0.062917	0.056935	0.033069	0.019989
scaffold_335_segment1	4390149	4810409	0.060760	0.066618	0.039168	0.021580
scaffold_335_segment1	4516338	4826314	0.065579	0.121082	0.073409	0.025755
scaffold_430_segment0	6601	259695	0.083343	0.107401	0.057134	0.033013
scaffold_430_segment0	25817	541150	0.149481	0.107767	0.062622	0.059241
scaffold_430_segment0	43091	675111	0.200675	0.115795	0.070480	0.084023
scaffold_430_segment0	259914	864829	0.206044	0.109996	0.067892	0.088650
scaffold_430_segment0	541151	1045878	0.229362	0.133097	0.082029	0.104400
scaffold_430_segment0	675174	1424581	0.131237	0.050579	0.031896	0.056849
scaffold_430_segment0	864830	1734805	0.127783	0.041082	0.026557	0.053246
scaffold_430_segment0	1045895	1937077	0.059283	0.015336	0.010300	0.016070
scaffold_430_segment0	1424582	2128836	0.188838	0.059767	0.039674	0.076644
scaffold_430_segment0	1734819	2368770	0.193751	0.069401	0.042716	0.075101
scaffold_430_segment0	1937214	2538435	0.151343	0.068005	0.038396	0.053620
scaffold_430_segment0	2128856	2626663	0.059398	0.035309	0.019257	0.012343
scaffold_430_segment0	2368789	2783102	0.112359	0.090944	0.046376	0.042587
scaffold_430_segment0	2538521	2997493	0.175146	0.128360	0.064659	0.079087
scaffold_430_segment0	2627473	3141235	0.203441	0.120339	0.062158	0.091351
scaffold_430_segment0	2783211	3312689	0.111106	0.060390	0.032948	0.038700
scaffold_430_segment0	2997505	3490984	0.099835	0.052184	0.029627	0.035428
scaffold_430_segment0	3141244	3840543	0.056775	0.024134	0.013809	0.011523
scaffold_430_segment0	3312701	4013355	0.123514	0.055175	0.030459	0.042855
scaffold_430_segment0	3491017	4172447	0.113488	0.053443	0.029739	0.033165
scaffold_430_segment0	3840583	4308920	0.108994	0.067451	0.036849	0.034328
scaffold_430_segment0	4013358	4475903	0.057327	0.028694	0.017855	0.011034
scaffold_430_segment0	4172494	4684697	0.143075	0.061087	0.040441	0.052039
scaffold_430_segment0	4308934	4924529	0.221991	0.091643	0.058433	0.095032
scaffold_430_segment0	4475908	5064726	0.238422	0.109511	0.066338	0.106031
scaffold_430_segment0	4684709	5356448	0.173997	0.082866	0.047161	0.072389
scaffold_430_segment0	4924556	5587275	0.139041	0.063613	0.036709	0.055924
scaffold_430_segment0	5064945	5777213	0.231368	0.109831	0.063397	0.117389
scaffold_430_segment0	5356453	5946094	0.220214	0.111748	0.063986	0.108225
scaffold_430_segment0	5587501	6059762	0.169418	0.099657	0.055714	0.076367
scaffold_430_segment0	5777218	6302801	0.300444	0.189556	0.101217	0.150447
scaffold_430_segment0	5946096	6386291	0.339716	0.237686	0.129763	0.176020
scaffold_430_segment0	6060089	6603853	0.452926	0.317610	0.166437	0.259283
scaffold_430_segment0	6302802	6842071	0.252138	0.183325	0.093527	0.118945
scaffold_430_segment0	6386293	7045508	0.301725	0.223279	0.107070	0.150195
scaffold_430_segment0	6604232	7177832	0.261294	0.213682	0.102099	0.121036
scaffold_430_segment0	6842447	7400317	0.288265	0.207881	0.106710	0.139629
scaffold_430_segment0	7045509	7604882	0.164734	0.109591	0.059547	0.069225
scaffold_430_segment0	7178122	7740511	0.072155	0.047634	0.027338	0.026807
scaffold_430_segment0	7402184	7935964	0.116810	0.086789	0.049287	0.048457
scaffold_430_segment0	7604894	8118268	0.092450	0.067139	0.038779	0.036808
scaffold_430_segment0	7742087	8474516	0.043641	0.024122	0.013278	0.007758
scaffold_430_segment0	7935985	8665275	-0.009737	-0.004560	-0.002631	-0.019861
scaffold_430_segment0	8118274	8918961	0.051784	0.022193	0.013158	0.010265
scaffold_430_segment0	8474526	9198381	0.199647	0.087423	0.054601	0.083430
scaffold_430_segment0	8666802	9517696	0.126156	0.047004	0.029406	0.045388
scaffold_430_segment0	8919351	9737160	-0.006728	-0.002271	-0.001403	-0.021334
scaffold_430_segment0	9198627	9963076	-0.100400	-0.029750	-0.018561	-0.066389
scaffold_430_segment0	9517701	10189964	0.030901	0.011047	0.006667	-0.001899
scaffold_430_segment0	9737167	10429329	0.145626	0.061562	0.036008	0.061781
scaffold_430_segment0	9963097	10754627	0.152474	0.067957	0.039110	0.067725
scaffold_430_segment0	10189966	10982543	0.129083	0.051456	0.030494	0.053527
scaffold_430_segment0	10429333	11272979	0.201928	0.071434	0.043941	0.091539
scaffold_430_segment0	10754629	11286393	0.185699	0.090194	0.056277	0.072190
scaffold_430_segment0	10982915	11297698	0.155525	0.121113	0.074906	0.053578
scaffold_430_segment0	11272981	11448814	0.017476	0.026930	0.016400	0.003733
scaffold_430_segment0	11286409	11700514	0.109750	0.080143	0.044653	0.034091
scaffold_430_segment0	11297700	11815969	0.229937	0.133156	0.072590	0.100892
scaffold_430_segment0	11449014	11949907	0.286727	0.174403	0.090141	0.143980
scaffold_430_segment0	11700518	12106429	0.330301	0.222043	0.116877	0.166246
scaffold_430_segment0	11816150	12258457	0.230800	0.139207	0.076542	0.099427
scaffold_430_segment0	11949921	12441051	0.180123	0.093282	0.054698	0.069146
scaffold_430_segment0	12107738	12652532	0.048124	0.022668	0.013860	0.008017
scaffold_430_segment0	12258718	12782551	0.023034	0.012511	0.007324	-0.004173
scaffold_430_segment0	12441052	12871179	-0.046570	-0.033202	-0.018327	-0.039203
scaffold_430_segment0	12654195	12976656	-0.037997	-0.040582	-0.019720	-0.031969
scaffold_430_segment0	12782633	13200211	0.029810	0.021234	0.011807	0.000228
scaffold_430_segment0	12871202	13555553	0.131515	0.055636	0.033455	0.044678
scaffold_430_segment0	12976669	13803712	0.045647	0.015945	0.009854	0.008675
scaffold_430_segment0	13200220	14068181	0.028232	0.009088	0.005794	0.002661
scaffold_430_segment0	13555561	14318093	-0.098999	-0.033903	-0.021672	-0.064925
scaffold_430_segment0	13803863	14514044	0.249994	0.110200	0.067542	0.132999
scaffold_430_segment0	14069324	14787658	0.313380	0.147921	0.087461	0.183383
scaffold_430_segment0	14318746	15026537	0.365087	0.191564	0.111595	0.213947
scaffold_430_segment0	14514062	15406390	0.172049	0.060592	0.036983	0.076468
scaffold_430_segment0	14787713	15557278	0.015189	0.005228	0.003275	-0.005382
scaffold_430_segment0	15026538	15714218	0.155221	0.059363	0.035812	0.060779
scaffold_430_segment0	15406398	15915366	0.187687	0.100788	0.057267	0.081184
scaffold_430_segment0	15561256	16068342	0.132130	0.078363	0.042193	0.056107
scaffold_430_segment0	15714233	16232038	0.017851	0.010131	0.005544	-0.009140
scaffold_430_segment0	15915376	16525349	-0.090081	-0.038838	-0.022389	-0.060128
scaffold_430_segment0	16068360	16676417	0.046739	0.019655	0.011473	0.002041
scaffold_430_segment0	16232423	16818098	0.018743	0.008280	0.004898	-0.008560
scaffold_430_segment0	16525351	17072875	0.013468	0.006315	0.003854	-0.011293
scaffold_430_segment0	16676449	17283250	-0.118310	-0.048761	-0.030582	-0.076235
scaffold_430_segment0	16818103	17586426	0.035237	0.012347	0.007764	0.001101
scaffold_430_segment0	17072876	17953873	0.077689	0.024714	0.015490	0.022001
scaffold_430_segment0	17283305	18126997	0.177592	0.063704	0.038901	0.078822
scaffold_430_segment0	17586487	18435910	0.128535	0.049081	0.029197	0.052694
scaffold_430_segment0	17953920	18833823	0.125176	0.050823	0.028882	0.048374
scaffold_430_segment0	18127006	18970485	0.096208	0.039949	0.022362	0.031425
scaffold_430_segment0	18435916	19127031	0.125082	0.060265	0.034223	0.044473
scaffold_430_segment0	18833826	19359796	0.216052	0.129392	0.073708	0.094642
scaffold_430_segment0	18970494	19648821	0.165662	0.072473	0.046056	0.068034
scaffold_430_segment0	19127032	19925825	0.132154	0.050105	0.031692	0.045830
scaffold_430_segment0	19359798	20472105	-0.023079	-0.006113	-0.004071	-0.031330
scaffold_430_segment0	19650129	20629382	-0.015433	-0.004498	-0.002950	-0.021065
scaffold_430_segment0	19925826	20884600	-0.036915	-0.009645	-0.006606	-0.025341
scaffold_430_segment0	20472118	21348653	0.005821	0.001707	0.001119	-0.008890
scaffold_430_segment0	20629440	21666285	0.077586	0.021044	0.013786	0.023136
scaffold_430_segment0	20884604	21890502	0.051134	0.013942	0.009088	0.004579
scaffold_430_segment0	21348656	22173422	0.041314	0.011036	0.007510	-0.000645
scaffold_430_segment0	21666287	22266584	-0.009906	-0.003179	-0.002137	-0.016283
scaffold_430_segment0	21890778	22366536	-0.013129	-0.005074	-0.003367	-0.017067
scaffold_430_segment0	22173424	22555820	0.087310	0.056478	0.032279	0.028775
scaffold_430_segment0	22266585	22772678	0.308451	0.215452	0.119194	0.153270
scaffold_430_segment0	22366538	22995621	0.266339	0.181378	0.098408	0.138572
scaffold_430_segment0	22555835	23277011	0.226425	0.138457	0.077848	0.123176
scaffold_430_segment0	22772679	23599682	0.038175	0.017620	0.010305	-0.000629
scaffold_430_segment0	22995629	23757481	0.088678	0.038769	0.022812	0.027457
scaffold_430_segment0	23277298	24014905	0.008344	0.002959	0.001800	-0.013169
scaffold_430_segment0	23599930	24386549	0.030072	0.009158	0.005898	0.003766
scaffold_430_segment0	23757491	24650730	-0.028392	-0.007691	-0.005146	-0.018497
scaffold_430_segment0	24016302	24897532	0.027288	0.008264	0.005418	0.004321
scaffold_430_segment0	24386552	25146691	0.024501	0.009595	0.005905	0.002040
scaffold_430_segment0	24650736	25379890	-0.004774	-0.002093	-0.001215	-0.016108
scaffold_430_segment0	24897927	25685517	-0.072822	-0.027257	-0.016736	-0.045979
scaffold_430_segment0	25146819	25945406	-0.152454	-0.048411	-0.031048	-0.078811
scaffold_430_segment0	25379898	26430747	-0.082720	-0.018798	-0.012409	-0.052320
scaffold_430_segment0	25685538	26650715	-0.058891	-0.014400	-0.009454	-0.039204
scaffold_430_segment0	25946031	26886320	-0.023384	-0.006171	-0.003988	-0.022124
scaffold_430_segment0	26431625	27295461	-0.035779	-0.010092	-0.006714	-0.024766
scaffold_430_segment0	26650717	27611513	0.094641	0.025699	0.016906	0.030155
scaffold_430_segment0	26886323	27871066	0.050380	0.013441	0.008921	0.006668
scaffold_430_segment0	27295466	28018892	0.060196	0.021799	0.013713	0.016117
scaffold_430_segment0	27611516	28290695	-0.045142	-0.017591	-0.011027	-0.030172
scaffold_430_segment0	27871068	28470201	0.032588	0.017876	0.010351	0.007269
scaffold_430_segment0	28019386	28789178	0.017573	0.007509	0.004351	-0.007036
scaffold_430_segment0	28291188	29119256	0.050820	0.024501	0.013561	0.006694
scaffold_430_segment0	28470226	29403404	-0.096448	-0.040493	-0.022590	-0.080732
scaffold_430_segment0	28789243	29934877	-0.103722	-0.034735	-0.021004	-0.084023
scaffold_430_segment0	29119258	30119447	-0.131468	-0.042051	-0.026232	-0.084268
scaffold_430_segment0	29403420	30340951	0.084503	0.026633	0.016923	0.029833
scaffold_430_segment0	29934880	30705094	0.064285	0.028343	0.016594	0.020704
scaffold_430_segment0	30119456	30976892	-0.001587	-0.000629	-0.000370	-0.020876
scaffold_430_segment0	30341410	31249094	-0.022843	-0.008174	-0.004891	-0.035863
scaffold_430_segment0	30705095	31547437	-0.010686	-0.003526	-0.002172	-0.022329
scaffold_430_segment0	30976901	31819199	0.009272	0.003222	0.001974	-0.012368
scaffold_430_segment0	31249108	32025450	-0.106489	-0.043744	-0.026118	-0.074564
scaffold_430_segment0	31547440	32163875	-0.122499	-0.055645	-0.032925	-0.079695
scaffold_430_segment0	31819202	32376167	-0.083936	-0.035528	-0.021815	-0.056826
scaffold_430_segment0	32026645	32537888	-0.025192	-0.011357	-0.007229	-0.022974
scaffold_430_segment0	32163881	32704942	0.009154	0.004349	0.002732	-0.009413
scaffold_430_segment0	32376187	32988187	-0.017155	-0.008149	-0.004933	-0.021987
scaffold_430_segment0	32538305	33320611	0.028089	0.009573	0.006054	-0.002525
scaffold_430_segment0	32704943	33541848	0.023473	0.007678	0.004919	-0.003608
scaffold_430_segment0	32988488	33752360	0.087960	0.030645	0.020094	0.026626
scaffold_430_segment0	33323245	34085497	0.049301	0.016366	0.010781	0.006983
scaffold_430_segment0	33541849	34331557	0.076947	0.024356	0.015442	0.016691
scaffold_430_segment0	33752387	34517144	0.064352	0.020822	0.012826	0.009362
scaffold_430_segment0	34085498	34924535	0.081314	0.027810	0.016844	0.019961
scaffold_430_segment0	34331570	35207385	-0.007345	-0.002455	-0.001548	-0.022647
scaffold_430_segment0	34517194	35587083	-0.043164	-0.011943	-0.007846	-0.040143
scaffold_430_segment0	34924537	35941845	-0.083848	-0.024087	-0.015871	-0.052711
scaffold_430_segment0	35207387	36159094	-0.057836	-0.017880	-0.011262	-0.034325
scaffold_430_segment0	35587084	36487828	-0.034994	-0.010912	-0.006820	-0.023892
scaffold_430_segment0	35941846	36921420	0.026795	0.008014	0.004879	-0.003372
scaffold_430_segment0	36159107	37235637	0.010741	0.002927	0.001861	-0.019383
scaffold_430_segment0	36488381	37590286	-0.100485	-0.027772	-0.017740	-0.081759
scaffold_430_segment0	36921446	38044691	-0.191601	-0.045823	-0.031153	-0.117055
scaffold_430_segment0	37235728	38246716	-0.123218	-0.034195	-0.022656	-0.075936
scaffold_430_segment0	37590294	38458057	-0.021495	-0.007065	-0.004414	-0.025168
scaffold_430_segment0	38044698	38480139	0.012844	0.007918	0.004466	-0.004157
scaffold_430_segment0	38247288	38727762	0.078297	0.042872	0.025729	0.024471
scaffold_430_segment0	38458066	39204613	0.047248	0.016944	0.011116	0.007909
scaffold_430_segment0	38480142	39739972	0.041307	0.008782	0.005780	0.001947
scaffold_430_segment0	38727769	40105278	-0.019942	-0.003868	-0.002532	-0.037916
scaffold_430_segment0	39204620	40393572	0.083056	0.018020	0.011888	0.021689
scaffold_430_segment0	39739973	40759732	0.135810	0.035278	0.023386	0.051013
scaffold_430_segment0	40105490	40965016	0.087772	0.025615	0.016951	0.029616
scaffold_430_segment0	40394924	41239095	0.052596	0.016957	0.010910	0.010723
scaffold_430_segment0	40759740	41642060	-0.077416	-0.023019	-0.014664	-0.050239
scaffold_430_segment0	40965017	41746411	0.011472	0.003756	0.002389	-0.009051
scaffold_430_segment0	41239101	41957793	-0.015721	-0.005244	-0.003384	-0.022026
scaffold_430_segment0	41642460	42411018	-0.023845	-0.008346	-0.005410	-0.026407
scaffold_430_segment0	41746420	42601247	-0.028600	-0.009615	-0.006381	-0.023948
scaffold_430_segment0	41957802	42659963	-0.024086	-0.009993	-0.006506	-0.020830
scaffold_430_segment0	42411019	42960276	0.061309	0.031422	0.020040	0.016137
scaffold_430_segment0	42601249	43409941	0.000030	0.000011	0.000007	-0.016261
scaffold_430_segment0	42659967	43830256	0.071867	0.020015	0.012853	0.020099
scaffold_430_segment0	42960277	44256406	0.024168	0.006246	0.003893	-0.002120
scaffold_430_segment0	43410116	44656537	0.098398	0.026756	0.016698	0.036406
scaffold_430_segment0	43831571	45250540	0.023692	0.005559	0.003545	-0.008202
scaffold_430_segment0	44257018	46030778	0.045354	0.007210	0.005109	-0.005906
scaffold_430_segment0	44656544	46487482	-0.057297	-0.008135	-0.005791	-0.055108
scaffold_430_segment0	45251701	46893760	-0.071695	-0.010603	-0.007576	-0.062621
scaffold_430_segment0	46030783	47255692	-0.000887	-0.000190	-0.000128	-0.022452
scaffold_430_segment0	46487483	47755618	-0.013051	-0.002594	-0.001796	-0.023820
scaffold_430_segment0	46893762	47950198	-0.012083	-0.002903	-0.001971	-0.018204
scaffold_430_segment0	47255698	48312159	-0.135175	-0.031346	-0.021318	-0.074849
scaffold_430_segment0	47755644	48748289	-0.101941	-0.024365	-0.016712	-0.060682
scaffold_430_segment0	47950935	49309462	-0.045882	-0.008890	-0.006093	-0.043567
scaffold_430_segment0	48312270	49534793	0.064659	0.013104	0.009100	0.014205
scaffold_430_segment0	48757255	49831950	0.057813	0.014704	0.009709	0.010600
scaffold_430_segment0	49309985	50106489	0.048270	0.015671	0.010182	0.009218
scaffold_430_segment0	49534799	50473752	0.029757	0.009484	0.005840	-0.002525
scaffold_430_segment0	49831954	50811542	0.080592	0.024904	0.015122	0.024137
scaffold_430_segment0	50106490	51170104	0.106886	0.036622	0.021367	0.032017
scaffold_430_segment0	50473821	51423216	0.103341	0.043411	0.025257	0.029694
scaffold_430_segment0	50811550	51572048	0.060270	0.030124	0.017650	0.005298
contig_14_segment0	7252	220329	-0.004494	-0.005873	-0.002622	-0.013046
contig_14_segment0	64491	295255	-0.016489	-0.021047	-0.009265	-0.019049
contig_14_segment0	136945	368308	-0.001945	-0.002267	-0.001019	-0.010338
contig_14_segment0	220426	455673	0.013216	0.015883	0.007083	-0.005032
contig_14_segment0	295281	541192	0.027286	0.029789	0.013885	0.001062
contig_14_segment0	368309	628336	0.038799	0.043954	0.020273	0.001783
contig_14_segment0	455719	718095	0.045797	0.050868	0.023973	0.007049
contig_14_segment0	541206	811269	0.011817	0.013357	0.006195	-0.010332
contig_14_segment0	628499	878217	-0.031944	-0.036141	-0.016809	-0.031125
contig_14_segment0	718110	971606	-0.045014	-0.051131	-0.022854	-0.037901
contig_14_segment0	811310	1100301	0.007480	0.008033	0.003604	-0.014228
contig_14_segment0	878238	1219001	0.024344	0.026214	0.011426	-0.006533
contig_14_segment0	971817	1306190	0.031547	0.035798	0.015635	-0.002068
contig_14_segment0	1100368	1422675	0.007927	0.009045	0.003938	-0.009828
contig_14_segment0	1219121	1546779	0.039658	0.044383	0.020145	0.007125
contig_14_segment0	1306191	1580275	0.024071	0.031227	0.014376	0.001365
contig_14_segment0	1422978	1588940	0.029272	0.054924	0.026311	0.011188
contig_14_segment0	1547375	1606150	0.007826	0.017954	0.009801	0.007711
contig_14_segment0	1580281	1625395	0.003403	0.005666	0.003558	0.007775
contig_14_segment0	1588942	1648923	-0.012690	-0.020472	-0.011340	-0.005523
contig_14_segment0	1606152	1700970	-0.002898	-0.004213	-0.002064	-0.005540
contig_14_segment0	1625400	1755525	0.021350	0.031217	0.013713	0.003026
contig_14_segment0	1648945	1806913	0.017908	0.022460	0.010265	-0.000627
contig_14_segment0	1701133	1848808	-0.013541	-0.018198	-0.008192	-0.019030
contig_14_segment0	1755536	1895064	-0.008715	-0.011775	-0.005417	-0.016278
contig_14_segment0	1806914	1939243	-0.007437	-0.010168	-0.004647	-0.019963
contig_14_segment0	1848910	1985999	-0.008158	-0.011056	-0.004980	-0.015197
contig_14_segment0	1895102	2028437	0.002776	0.003766	0.001709	-0.010335
contig_14_segment0	1939355	2083911	-0.003112	-0.003912	-0.001819	-0.013918
contig_14_segment0	1986002	2132803	0.037216	0.044922	0.021208	0.001348
contig_14_segment0	2028442	2197592	0.008157	0.008933	0.004309	-0.014046
contig_14_segment0	2083987	2252044	0.017901	0.020219	0.009766	-0.004960
contig_14_segment0	2132814	2312807	-0.016453	-0.017526	-0.008918	-0.022865
contig_14_segment0	2197717	2374984	-0.023969	-0.027370	-0.013298	-0.031378
contig_14_segment0	2252046	2431523	-0.025941	-0.029869	-0.014136	-0.031909
contig_14_segment0	2312813	2502866	-0.029567	-0.037174	-0.016071	-0.033432
contig_14_segment0	2374993	2559782	-0.018027	-0.022862	-0.009959	-0.024220
contig_14_segment0	2431595	2632371	-0.011928	-0.014678	-0.006457	-0.023689
contig_14_segment0	2503013	2691743	0.009843	0.011630	0.005382	-0.010483
contig_14_segment0	2559892	2760961	-0.009560	-0.011366	-0.005172	-0.019788
contig_14_segment0	2632379	2844145	-0.032686	-0.038887	-0.017998	-0.027318
contig_14_segment0	2691832	2909820	-0.031320	-0.035968	-0.016728	-0.029854
contig_14_segment0	2760986	2972096	-0.002671	-0.002990	-0.001439	-0.015230
contig_14_segment0	2844146	3033761	0.008193	0.009822	0.004529	-0.010765
contig_14_segment0	2909885	3102199	-0.004277	-0.005678	-0.002512	-0.014980
contig_14_segment0	2972107	3157920	-0.006242	-0.008961	-0.003901	-0.014837
contig_14_segment0	3033951	3224797	-0.001461	-0.002002	-0.000887	-0.011170
contig_14_segment0	3102206	3297578	-0.008362	-0.010663	-0.004913	-0.013694
contig_14_segment0	3157946	3366108	-0.003111	-0.003806	-0.001731	-0.013956
contig_14_segment0	3225082	3454935	-0.001466	-0.001725	-0.000806	-0.015608
contig_14_segment0	3297681	3509435	0.014045	0.017176	0.008094	-0.005199
contig_14_segment0	3366151	3584154	0.004022	0.005065	0.002352	-0.008223
contig_14_segment0	3454944	3664008	0.027446	0.033804	0.015944	0.002991
contig_14_segment0	3509448	3740777	0.006428	0.007675	0.003608	-0.009492
contig_14_segment0	3584170	3813714	-0.000490	-0.000547	-0.000265	-0.010600
contig_14_segment0	3664020	3930504	-0.027341	-0.030445	-0.014339	-0.020036
contig_14_segment0	3741053	4036469	-0.002087	-0.002280	-0.001056	-0.011054
contig_14_segment0	3813729	4123637	0.009316	0.010245	0.004799	-0.007818
contig_14_segment0	3930584	4220702	-0.012043	-0.013888	-0.006336	-0.018156
contig_14_segment0	4036471	4289536	-0.006713	-0.007983	-0.003655	-0.013395
contig_14_segment0	4123648	4359852	-0.006973	-0.008288	-0.003687	-0.012842
contig_14_segment0	4220720	4423539	0.027415	0.030426	0.014335	-0.002225
contig_14_segment0	4289540	4499052	0.015728	0.016611	0.008039	-0.008241
contig_14_segment0	4359857	4572755	0.028690	0.031140	0.015420	-0.002686
contig_14_segment0	4423643	4648914	0.015041	0.016551	0.007876	-0.007872
contig_14_segment0	4499515	4707116	0.034042	0.037921	0.017976	0.003915
contig_14_segment0	4572786	4790312	0.011969	0.014061	0.006200	-0.007816
contig_14_segment0	4649137	4991151	0.030921	0.033352	0.015732	0.002121
contig_14_segment0	4707126	5342185	0.148061	0.156096	0.075222	0.052238
contig_14_segment0	4790320	5522516	0.226382	0.238579	0.127462	0.090839
contig_14_segment0	4991171	5531727	0.196087	0.317267	0.171696	0.084164
contig_4_segment0	17926	404303	0.049618	0.051738	0.023693	0.010958
contig_4_segment0	193471	467970	0.075408	0.078270	0.034909	0.021317
contig_4_segment0	319271	527314	0.054164	0.063952	0.028747	0.004654
contig_4_segment0	404304	583769	0.049439	0.056810	0.026239	-0.000155
contig_4_segment0	468002	644697	0.024015	0.028804	0.013142	-0.007722
contig_4_segment0	527354	693896	0.012831	0.015121	0.007259	-0.007527
contig_4_segment0	583842	759423	-0.001675	-0.002004	-0.000977	-0.011080
contig_4_segment0	644719	836803	0.017066	0.020705	0.010037	-0.003484
contig_4_segment0	693912	914090	0.008714	0.010809	0.005375	-0.005605
contig_4_segment0	759428	967381	0.018790	0.024698	0.011813	-0.001882
contig_4_segment0	837046	1017581	-0.008902	-0.012081	-0.005895	-0.016298
contig_4_segment0	914095	1068415	0.015545	0.019977	0.009640	-0.005749
contig_4_segment0	967413	1122201	0.010999	0.013396	0.006624	-0.005961
contig_4_segment0	1017615	1167573	0.014710	0.017559	0.008707	-0.004454
contig_4_segment0	1068757	1217400	0.008297	0.010223	0.005158	-0.009029
contig_4_segment0	1122204	1262371	0.032446	0.041115	0.020103	-0.002912
contig_4_segment0	1167583	1311077	0.043224	0.053531	0.026842	0.001197
contig_4_segment0	1217454	1356177	0.049570	0.060560	0.030047	0.004475
contig_4_segment0	1262513	1397992	0.021995	0.028379	0.013790	-0.004449
contig_4_segment0	1311090	1446822	0.028592	0.037372	0.017419	-0.000488
contig_4_segment0	1356305	1493453	-0.006853	-0.009276	-0.004096	-0.018344
contig_4_segment0	1398263	1538602	-0.011105	-0.015516	-0.006855	-0.019217
contig_4_segment0	1446843	1589512	-0.031515	-0.045941	-0.020083	-0.026629
contig_4_segment0	1493527	1657139	-0.031555	-0.049283	-0.020838	-0.025685
contig_4_segment0	1538688	1746537	-0.023759	-0.033382	-0.014549	-0.023839
contig_4_segment0	1589531	1817210	-0.029438	-0.041935	-0.017097	-0.030465
contig_4_segment0	1657208	1896142	-0.013120	-0.017920	-0.007506	-0.022162
contig_4_segment0	1746695	1968443	-0.000496	-0.000661	-0.000276	-0.015271
contig_4_segment0	1817260	2025272	0.016670	0.022360	0.009854	-0.003039
contig_4_segment0	1896252	2080058	0.008981	0.011954	0.005296	-0.007277
contig_4_segment0	1968555	2132286	-0.004139	-0.005837	-0.002610	-0.014264
contig_4_segment0	2025284	2195138	-0.017156	-0.022769	-0.010225	-0.021026
contig_4_segment0	2080081	2274565	0.003548	0.004545	0.002107	-0.013387
contig_4_segment0	2132298	2337144	0.038595	0.047028	0.022958	0.003488
contig_4_segment0	2195204	2413892	0.060795	0.068209	0.035044	0.014851
contig_4_segment0	2274654	2480672	0.054784	0.060505	0.030666	0.012539
contig_4_segment0	2337298	2528015	0.038257	0.043625	0.022099	0.006498
contig_4_segment0	2413973	2638754	-0.008896	-0.010398	-0.005163	-0.015669
contig_4_segment0	2480675	2733512	-0.015683	-0.019409	-0.009188	-0.019790
contig_4_segment0	2528498	2893624	-0.023530	-0.026446	-0.012229	-0.024700
contig_4_segment0	2638778	2974649	0.030336	0.035928	0.016730	0.004912
contig_4_segment0	2733514	3066520	0.040092	0.043686	0.021841	0.010963
contig_4_segment0	2894067	3142003	0.029577	0.037883	0.017799	0.003114
contig_4_segment0	2974733	3242731	-0.020741	-0.025396	-0.011928	-0.022456
contig_4_segment0	3066546	3348116	-0.019599	-0.022811	-0.010647	-0.021588
contig_4_segment0	3142008	3414257	-0.013640	-0.015006	-0.007280	-0.017303
contig_4_segment0	3242880	3501651	0.038149	0.041428	0.019566	0.006682
contig_4_segment0	3348172	3582094	0.017789	0.020330	0.009659	0.000777
contig_4_segment0	3414284	3667916	0.000436	0.000505	0.000228	-0.009701
contig_4_segment0	3501656	3755164	-0.011577	-0.013955	-0.006307	-0.017303
contig_4_segment0	3582159	3835379	-0.014745	-0.018091	-0.007778	-0.023793
contig_4_segment0	3667927	3925129	-0.015355	-0.018717	-0.008141	-0.020983
contig_4_segment0	3755497	4002142	-0.017688	-0.022303	-0.009297	-0.023214
contig_4_segment0	3835380	4081981	-0.002058	-0.002662	-0.001119	-0.015867
contig_4_segment0	3925160	4161220	0.002068	0.002597	0.001169	-0.013192
contig_4_segment0	4002234	4247304	-0.002161	-0.002592	-0.001271	-0.015159
contig_4_segment0	4081990	4349477	0.015127	0.017314	0.008376	-0.004984
contig_4_segment0	4161519	4453544	0.013858	0.015980	0.007054	-0.006708
contig_4_segment0	4247422	4559930	0.011383	0.012794	0.005507	-0.004750
contig_4_segment0	4349555	4597588	-0.004245	-0.006012	-0.002559	-0.011556
contig_4_segment0	4453679	4648045	-0.006408	-0.010570	-0.004859	-0.008182
contig_4_segment0	4559931	4733487	-0.016832	-0.029693	-0.012746	-0.014942
contig_4_segment0	4597592	4816797	-0.015884	-0.022430	-0.009504	-0.014503
contig_4_segment0	4648050	4897097	-0.009412	-0.011499	-0.004839	-0.018385
contig_4_segment0	4733504	4984302	0.001057	0.001272	0.000545	-0.013481
contig_4_segment0	4816848	5074831	0.020176	0.024017	0.011362	-0.003199
contig_4_segment0	4897130	5160598	0.027187	0.031810	0.014956	0.002414
contig_4_segment0	4984319	5258675	0.038134	0.044203	0.019673	0.007168
contig_4_segment0	5075105	5373605	0.035626	0.038724	0.016906	0.003010
contig_4_segment0	5160605	5475735	0.069412	0.074514	0.032550	0.019734
contig_4_segment0	5258809	5578754	0.055682	0.058262	0.026901	0.012459
contig_4_segment0	5373651	5683013	0.015441	0.017785	0.007754	-0.004767
contig_4_segment0	5475753	5779824	-0.038040	-0.047145	-0.019690	-0.028567
contig_4_segment0	5578842	5853355	-0.037811	-0.048783	-0.021035	-0.027208
contig_4_segment0	5683054	5943206	0.000875	0.000990	0.000462	-0.011912
contig_4_segment0	5779825	6032996	0.029080	0.030922	0.015425	0.000338
contig_4_segment0	5853359	6140766	0.015746	0.016426	0.007775	-0.005042
contig_4_segment0	5943971	6230403	-0.012605	-0.014162	-0.006441	-0.017774
contig_4_segment0	6033086	6363847	-0.020394	-0.021853	-0.009585	-0.024083
contig_4_segment0	6141394	6472103	0.024814	0.025373	0.011332	-0.003744
contig_4_segment0	6230449	6605171	0.054363	0.053175	0.023167	0.009039
contig_4_segment0	6363930	6742901	0.017180	0.015649	0.006995	-0.006238
contig_4_segment0	6472164	6887704	0.012742	0.011123	0.005128	-0.007076
contig_4_segment0	6605412	7021437	-0.000772	-0.000673	-0.000316	-0.017425
contig_4_segment0	6743109	7126501	0.007907	0.007822	0.003711	-0.009482
contig_4_segment0	6887724	7241597	-0.034135	-0.038757	-0.017607	-0.029801
contig_4_segment0	7021637	7331900	-0.063769	-0.084880	-0.036892	-0.038995
contig_4_segment0	7126736	7493131	-0.020273	-0.024224	-0.010131	-0.020803
contig_4_segment0	7241679	7667795	-0.037843	-0.038305	-0.016908	-0.030603
contig_4_segment0	7332020	7776358	0.023574	0.021357	0.009856	-0.000498
contig_4_segment0	7493169	7907994	0.012158	0.011014	0.005250	-0.007258
contig_4_segment0	7668394	8056398	0.035156	0.034617	0.015391	0.001984
contig_4_segment0	7776507	8239670	0.020139	0.018284	0.008148	-0.005242
contig_4_segment0	7908323	8367994	0.032586	0.031263	0.013139	0.001066
contig_4_segment0	8056446	8474357	0.033026	0.032408	0.013898	0.002377
contig_4_segment0	8239807	8560336	0.007226	0.008214	0.003264	-0.020520
contig_4_segment0	8368000	8675100	-0.007066	-0.007641	-0.003189	-0.029435
contig_4_segment0	8474358	8796613	-0.011724	-0.012169	-0.005196	-0.030772
contig_4_segment0	8560337	8897438	0.032993	0.033173	0.015647	0.002879
contig_4_segment0	8675534	9026319	0.045848	0.044663	0.021490	0.006486
contig_4_segment0	8796615	9231187	0.084177	0.073124	0.035679	0.024109
contig_4_segment0	8897498	9445025	0.100994	0.074813	0.034437	0.030060
contig_4_segment0	9026680	9674998	0.080134	0.054124	0.023672	0.019966
contig_4_segment0	9231282	9874969	0.023045	0.015608	0.006759	-0.004125
contig_4_segment0	9446390	10096422	0.019671	0.012987	0.005927	-0.003697
contig_4_segment0	9675056	10326341	0.052949	0.037063	0.017274	0.011888
contig_4_segment0	9874974	10493822	0.135934	0.105925	0.046182	0.049414
contig_4_segment0	10096869	10704241	0.131004	0.116253	0.047814	0.043812
contig_4_segment0	10326524	10918952	0.134571	0.116640	0.048893	0.046167
contig_4_segment0	10493825	11109181	0.134054	0.094570	0.044556	0.046171
contig_4_segment0	10705255	11272119	0.054950	0.039484	0.017846	0.011197
contig_4_segment0	10919124	11422782	0.046816	0.034610	0.015855	0.007867
contig_4_segment0	11109184	11581333	0.061825	0.052744	0.021999	0.014282
contig_4_segment0	11272168	11713780	0.101869	0.090367	0.039601	0.031397
contig_4_segment0	11422783	11867871	0.043172	0.040197	0.016988	0.005943
contig_4_segment0	11581347	12056009	0.013809	0.012446	0.005633	-0.004874
contig_4_segment0	11714404	12353957	0.008006	0.005907	0.002835	-0.006194
contig_4_segment0	11867991	12519080	0.035070	0.026625	0.012749	0.005045
contig_4_segment0	12056685	12763563	0.006203	0.003924	0.002021	-0.007504
contig_4_segment0	12353965	12996722	0.017046	0.011426	0.005629	-0.004724
contig_4_segment0	12519095	13240632	0.066449	0.038557	0.019885	0.015278
contig_4_segment0	12763588	13444651	0.051847	0.034674	0.016802	0.009681
contig_4_segment0	12997220	13613728	0.039468	0.028245	0.013980	0.001265
contig_4_segment0	13240650	13748962	0.057468	0.047212	0.023356	0.012776
contig_4_segment0	13445040	13888469	0.054051	0.043841	0.021781	0.008318
contig_4_segment0	13613733	14014041	0.069955	0.057597	0.029371	0.017928
contig_4_segment0	13748963	14213684	0.036407	0.027046	0.013435	0.000598
contig_4_segment0	13888475	14409569	0.060624	0.042752	0.021081	0.015007
contig_4_segment0	14014102	14591771	0.069551	0.044465	0.021607	0.020788
contig_4_segment0	14213894	14781078	0.093077	0.059367	0.028291	0.035194
contig_4_segment0	14410204	15021658	0.080851	0.047100	0.023071	0.026802
contig_4_segment0	14592104	15251762	0.112855	0.067874	0.032844	0.044072
contig_4_segment0	14782241	15502534	0.123351	0.071548	0.035596	0.049284
contig_4_segment0	15022266	15735135	0.166384	0.107869	0.054488	0.076762
contig_4_segment0	15251902	16025515	0.150532	0.086419	0.046022	0.066654
contig_4_segment0	15502927	16242654	0.172358	0.104953	0.058041	0.082781
contig_4_segment0	15735144	16558275	0.114112	0.053927	0.031308	0.048757
contig_4_segment0	16025516	16742248	0.138547	0.073274	0.040958	0.062928
contig_4_segment0	16242656	17034034	0.027567	0.013377	0.007491	0.002186
contig_4_segment0	16558280	17442834	0.115100	0.054449	0.032054	0.053487
contig_4_segment0	16742738	17659184	0.166351	0.079486	0.046494	0.080707
contig_4_segment0	17034065	17855348	0.183343	0.087192	0.050124	0.085222
contig_4_segment0	17442867	18066295	0.097122	0.053429	0.027891	0.033025
contig_4_segment0	17659248	18323139	-0.055763	-0.028252	-0.014880	-0.046109
contig_4_segment0	17855369	18550019	0.011945	0.006117	0.003272	-0.009958
contig_4_segment0	18066611	18887390	0.048461	0.020279	0.011182	0.009349
contig_4_segment0	18323179	19113347	0.083528	0.034816	0.019222	0.026859
contig_4_segment0	18550124	19386693	0.040473	0.015008	0.008468	0.004268
contig_4_segment0	18887494	19633939	0.077200	0.035741	0.019469	0.021600
contig_4_segment0	19114122	19703191	0.132931	0.078001	0.041978	0.048194
contig_4_segment0	19386745	19971032	0.212352	0.135487	0.072468	0.095813
contig_4_segment0	19634399	20299146	0.138025	0.062780	0.038037	0.054678
contig_4_segment0	19703209	20713398	0.088622	0.033096	0.019945	0.032784
contig_4_segment0	19971433	20945659	0.096005	0.038476	0.022370	0.035111
contig_4_segment0	20299574	21139172	0.167350	0.080388	0.044755	0.076068
contig_4_segment0	20713561	21322737	0.202458	0.093921	0.056920	0.087448
contig_4_segment0	20945661	21517158	0.086862	0.040404	0.026600	0.031375
contig_4_segment0	21139173	21847841	-0.004812	-0.001947	-0.001246	-0.012478
contig_4_segment0	21322739	22288127	-0.016371	-0.006157	-0.003720	-0.019517
contig_4_segment0	21517162	22756641	0.018679	0.006020	0.003542	-0.006664
contig_4_segment0	21848299	23142579	0.012297	0.003995	0.002454	-0.010134
contig_4_segment0	22288130	23525804	-0.047732	-0.015739	-0.009564	-0.042849
contig_4_segment0	22756838	23789104	-0.117211	-0.041267	-0.026004	-0.076783
contig_4_segment0	23142714	24538578	-0.191823	-0.049333	-0.030954	-0.110260
contig_4_segment0	23525829	24892359	-0.138498	-0.031760	-0.020521	-0.079969
contig_4_segment0	23789129	25302012	-0.092676	-0.016365	-0.010990	-0.060457
contig_4_segment0	24540838	25698019	-0.048487	-0.011157	-0.007655	-0.037244
contig_4_segment0	24892361	26314342	-0.033138	-0.006429	-0.004504	-0.035807
contig_4_segment0	25302904	26715208	-0.062171	-0.013702	-0.009097	-0.056015
contig_4_segment0	25698689	26741903	-0.012995	-0.003736	-0.002443	-0.022012
contig_4_segment0	26314598	27054646	-0.043408	-0.018295	-0.011089	-0.032716
contig_4_segment0	26715226	27426607	0.280657	0.163242	0.093806	0.129183
contig_4_segment0	26741904	27772066	0.345587	0.128720	0.077855	0.161791
contig_4_segment0	27054730	28069491	0.316417	0.107203	0.067252	0.159802
contig_4_segment0	27426940	28163269	0.071194	0.024544	0.016048	0.023329
contig_4_segment0	27772131	28583839	-0.057296	-0.017007	-0.010968	-0.039134
contig_4_segment0	28069514	28811864	-0.083201	-0.029060	-0.018349	-0.048475
contig_4_segment0	28163290	29039813	-0.149495	-0.041412	-0.027098	-0.083971
contig_4_segment0	28585717	29386972	-0.149443	-0.049752	-0.030889	-0.076134
contig_4_segment0	28811868	30012046	-0.175026	-0.035908	-0.023605	-0.089439
contig_4_segment0	29039814	30634356	-0.155308	-0.026393	-0.017497	-0.088312
contig_4_segment0	29386989	31157000	-0.122615	-0.016545	-0.011462	-0.080461
contig_4_segment0	30012053	31665847	-0.130156	-0.020365	-0.013885	-0.088549
contig_4_segment0	30634866	31991483	-0.124687	-0.023158	-0.015588	-0.077757
contig_4_segment0	31157002	32010525	-0.084097	-0.027256	-0.018001	-0.045258
contig_4_segment0	31667289	32100198	0.002211	0.001351	0.000862	0.014269
contig_4_segment0	31991484	32565614	-0.062848	-0.028780	-0.018292	-0.013016
contig_4_segment0	32010537	32979839	-0.010337	-0.003115	-0.001997	0.004047
contig_4_segment0	32100647	33559501	-0.045596	-0.010801	-0.007004	-0.036359
contig_4_segment0	32566019	34085532	0.006120	0.001293	0.000883	-0.008083
contig_4_segment0	32979851	34593207	-0.051965	-0.010495	-0.007149	-0.035697
contig_4_segment0	33559503	34976776	0.143714	0.037623	0.024084	0.060415
contig_4_segment0	34085542	35424854	0.069649	0.021004	0.012361	0.016381
contig_4_segment0	34593218	35825670	0.258929	0.091537	0.052789	0.133826
contig_4_segment0	34977333	36236951	0.075778	0.023190	0.013691	0.016854
contig_4_segment0	35425306	36523091	0.314504	0.128982	0.073815	0.172759
contig_4_segment0	35825681	36812434	0.329639	0.151510	0.082258	0.185006
contig_4_segment0	36237618	37132381	0.625689	0.385130	0.204246	0.447884
contig_4_segment0	36523100	37396090	0.678059	0.408126	0.221834	0.473645
contig_4_segment0	36812618	37929621	0.623439	0.280922	0.171447	0.405998
contig_4_segment0	37132391	38407082	0.308035	0.086401	0.056719	0.144428
contig_4_segment0	37396987	38897784	0.166763	0.036633	0.024319	0.065666
contig_4_segment0	37929625	39470497	0.213135	0.049782	0.031923	0.099585
contig_4_segment0	38407108	39976031	0.141088	0.030949	0.020419	0.061855
contig_4_segment0	38897785	40434487	-0.084092	-0.016739	-0.011331	-0.072475
contig_4_segment0	39470622	40947259	-0.173183	-0.034334	-0.023739	-0.118786
contig_4_segment0	39976881	41324568	-0.126913	-0.027962	-0.018709	-0.081498
contig_4_segment0	40434503	41467703	-0.036404	-0.009993	-0.006505	-0.031989
contig_4_segment0	40947269	41732314	-0.053422	-0.019416	-0.011555	-0.046847
contig_4_segment0	41325611	42143407	-0.007352	-0.002534	-0.001533	-0.025099
contig_4_segment0	41468124	42463767	-0.080386	-0.025059	-0.015177	-0.069223
contig_4_segment0	41732316	42808499	-0.169523	-0.046084	-0.028426	-0.108085
contig_4_segment0	42149076	43180316	-0.024452	-0.007805	-0.004641	-0.038797
contig_4_segment0	42463819	43564415	0.217298	0.066552	0.040468	0.100376
contig_4_segment0	42808522	43906127	0.299148	0.092128	0.055354	0.154363
contig_4_segment0	43184521	44264418	0.220757	0.066684	0.040915	0.105172
contig_4_segment0	43564419	44646497	0.328280	0.133365	0.075885	0.188661
contig_4_segment0	43906659	44947043	0.539691	0.303394	0.162757	0.362778
contig_4_segment0	44264471	45128359	0.616160	0.468114	0.232456	0.417233
contig_4_segment0	44646509	45473017	0.482421	0.287430	0.155390	0.298793
contig_4_segment0	44947099	45888724	0.415434	0.202054	0.114830	0.245756
contig_4_segment0	45128367	46571858	0.353323	0.113854	0.069070	0.213458
contig_4_segment0	45473026	47199835	0.259113	0.065364	0.041463	0.147534
contig_4_segment0	45888766	47728357	0.097260	0.020758	0.013208	0.035595
contig_4_segment0	46571863	48259561	0.020651	0.004210	0.002721	-0.006557
contig_4_segment0	47200707	48779482	0.068269	0.014149	0.009147	0.015397
contig_4_segment0	47728358	49319392	0.105996	0.021085	0.014368	0.040636
contig_4_segment0	48259714	49620966	0.010285	0.002332	0.001563	-0.016096
contig_4_segment0	48779523	49997170	0.144906	0.040097	0.025852	0.066920
contig_4_segment0	49319394	50406115	0.150170	0.049395	0.029781	0.069663
contig_4_segment0	49620990	51000315	0.164978	0.050756	0.030680	0.082922
contig_4_segment0	49998183	51424744	0.075309	0.023864	0.014449	0.023420
contig_4_segment0	50406136	51758309	0.128680	0.039815	0.024255	0.056811
contig_4_segment0	51005981	52374403	0.074010	0.021228	0.012996	0.021947
contig_4_segment0	51424767	53180338	0.106915	0.025473	0.016238	0.040714
contig_4_segment0	51759563	53722573	-0.134051	-0.027234	-0.017491	-0.102163
contig_4_segment0	52374493	54369943	-0.112196	-0.021593	-0.014114	-0.088413
contig_4_segment0	53180345	54536683	-0.226710	-0.058775	-0.037084	-0.141031
contig_4_segment0	53722580	54972782	-0.055998	-0.015575	-0.009985	-0.053137
scaffold_13_segment0	8583	199996	0.013267	0.023865	0.011403	0.001033
scaffold_13_segment0	18694	303164	-0.033329	-0.046101	-0.020223	-0.025924
scaffold_13_segment0	89008	453809	-0.002298	-0.002651	-0.001167	-0.014637
scaffold_13_segment0	200506	585509	0.026443	0.030598	0.012413	-0.000424
scaffold_13_segment0	303165	707034	0.062188	0.066902	0.028913	0.017503
scaffold_13_segment0	453876	932142	0.028324	0.027295	0.012326	0.001228
scaffold_13_segment0	585778	1121376	0.003718	0.002988	0.001467	-0.011564
scaffold_13_segment0	707086	1236983	0.005036	0.004068	0.002115	-0.009177
scaffold_13_segment0	932158	1587911	-0.010978	-0.007151	-0.004272	-0.014662
scaffold_13_segment0	1121699	1623876	-0.039823	-0.034711	-0.022220	-0.020671
