chr	windowStart	windowEnd	D	f_d	f_dM	d_f
contig_1888_segment0	55121	488842	0.213921	0.293818	0.174259	0.090338
contig_1888_segment0	254754	701564	0.213436	0.308485	0.182523	0.089723
contig_1888_segment0	349281	867166	0.194619	0.254716	0.147439	0.081966
contig_1888_segment0	492671	923714	0.175337	0.239648	0.133349	0.071092
contig_1888_segment0	702300	1047873	0.177945	0.246684	0.132237	0.074218
contig_1888_segment0	867178	1104079	0.193963	0.316583	0.159939	0.075308
contig_1888_segment0	923715	1311435	0.176283	0.190476	0.103507	0.074257
contig_1888_segment0	1047879	1541237	0.027285	0.020723	0.011796	0.001876
contig_1888_segment0	1107680	1921502	0.010972	0.005708	0.003413	-0.006806
contig_1888_segment0	1311508	2109223	-0.045366	-0.021598	-0.013307	-0.032125
contig_1888_segment0	1541317	2403334	0.032680	0.014920	0.009174	0.006644
contig_1888_segment0	1921532	2606598	0.018130	0.010002	0.006044	0.001987
contig_1888_segment0	2109276	2771988	0.025624	0.015087	0.008612	-0.002988
contig_1888_segment0	2403341	2874555	-0.002236	-0.001639	-0.000875	-0.018799
contig_1888_segment0	2606662	2970833	-0.005451	-0.004329	-0.002216	-0.025632
contig_1888_segment0	2772011	3075527	0.002541	0.002178	0.001091	-0.017760
contig_1888_segment0	2874629	3162115	0.020174	0.017511	0.009071	-0.004653
contig_1888_segment0	2971385	3226869	-0.015860	-0.014385	-0.007514	-0.022818
contig_1888_segment0	3075560	3395969	0.009987	0.008432	0.004463	-0.012417
contig_1888_segment0	3162120	3576047	0.000894	0.000679	0.000345	-0.022247
contig_1888_segment0	3226873	3791616	0.052812	0.034640	0.018008	0.005679
contig_1888_segment0	3396097	3925743	0.029977	0.020502	0.010378	-0.005492
contig_1888_segment0	3576061	4056320	0.050673	0.036690	0.018937	0.012945
contig_1888_segment0	3791632	4163603	0.052516	0.043426	0.022002	0.017995
contig_1888_segment0	3925850	4249842	0.047031	0.039578	0.020987	0.016754
contig_1888_segment0	4056617	4354730	0.027324	0.022752	0.012319	0.003842
contig_1888_segment0	4163608	4467281	-0.061097	-0.051238	-0.026946	-0.043191
contig_1888_segment0	4249852	4610456	-0.032585	-0.024300	-0.012558	-0.031625
contig_1888_segment0	4354731	4743894	-0.022298	-0.016899	-0.008685	-0.029115
contig_1888_segment0	4467326	4834172	0.062039	0.047652	0.024897	0.015696
contig_1888_segment0	4610480	4919374	0.065756	0.055794	0.029599	0.018407
contig_1888_segment0	4744490	5015476	0.072884	0.062583	0.032614	0.023301
contig_1888_segment0	4834261	5106023	0.045855	0.039797	0.020372	0.009715
contig_1888_segment0	4919409	5212431	0.054340	0.042620	0.022403	0.009938
contig_1888_segment0	5015960	5318145	0.015263	0.012307	0.006342	-0.016628
contig_1888_segment0	5106077	5405161	0.016168	0.013043	0.006703	-0.019513
contig_1888_segment0	5212498	5497742	-0.026870	-0.025400	-0.012216	-0.036626
contig_1888_segment0	5318159	5576988	-0.018693	-0.017555	-0.008880	-0.028518
contig_1888_segment0	5405169	5659447	-0.073041	-0.070150	-0.033964	-0.055239
contig_1888_segment0	5497799	5765975	-0.053411	-0.047655	-0.023571	-0.044659
contig_1888_segment0	5577013	5899709	-0.046308	-0.038437	-0.018655	-0.037765
contig_1888_segment0	5659926	6055959	0.023149	0.017204	0.009000	0.000091
contig_1888_segment0	5766003	6166613	-0.007124	-0.005265	-0.002697	-0.020962
contig_1888_segment0	5899710	6248474	-0.014058	-0.011365	-0.005800	-0.021940
contig_1888_segment0	6056106	6361068	-0.035680	-0.031491	-0.015570	-0.030828
contig_1888_segment0	6166759	6485129	-0.034567	-0.030639	-0.015139	-0.029069
contig_1888_segment0	6248588	6623450	-0.010172	-0.007847	-0.004104	-0.019830
contig_1888_segment0	6361069	6785020	0.010182	0.007349	0.003996	-0.012096
contig_1888_segment0	6485474	6903640	0.024089	0.017171	0.009490	-0.005805
contig_1888_segment0	6623457	7006723	0.030619	0.022499	0.012500	-0.000300
contig_1888_segment0	6785041	7111488	0.039547	0.028388	0.016163	0.006765
contig_1888_segment0	6903734	7193683	0.031089	0.022250	0.013013	0.007631
contig_1888_segment0	7006731	7271485	-0.004535	-0.003497	-0.001960	-0.012498
contig_1888_segment0	7111490	7344832	-0.028286	-0.023373	-0.012583	-0.027183
contig_1888_segment0	7193687	7419987	-0.004628	-0.004080	-0.002080	-0.017823
contig_1888_segment0	7271490	7488946	0.031251	0.025358	0.013555	-0.001325
contig_1888_segment0	7345040	7553287	0.038205	0.030613	0.016490	0.002351
contig_1888_segment0	7419989	7614642	0.052215	0.038388	0.022223	0.013757
contig_1888_segment0	7488983	7683968	0.011553	0.008975	0.005046	-0.005931
contig_1888_segment0	7553289	7744345	0.042175	0.032957	0.018821	0.010075
contig_1888_segment0	7614842	7803123	0.039888	0.034547	0.018264	0.005217
contig_1888_segment0	7684037	7877435	0.056849	0.047674	0.025529	0.013118
contig_1888_segment0	7744821	7948063	0.027715	0.023330	0.012308	0.000821
contig_1888_segment0	7803142	8024934	0.046801	0.038007	0.020532	0.007512
contig_1888_segment0	7877488	8099401	0.083707	0.071009	0.038336	0.028749
contig_1888_segment0	7948123	8170636	0.069283	0.060181	0.031415	0.016961
contig_1888_segment0	8024992	8242164	0.042446	0.037355	0.019629	0.006344
contig_1888_segment0	8099403	8309793	0.045495	0.039287	0.020845	0.007253
contig_1888_segment0	8171166	8387708	0.042812	0.036093	0.019783	0.012317
contig_1888_segment0	8242205	8469835	0.041336	0.035401	0.019087	0.014456
contig_1888_segment0	8309799	8567740	0.015722	0.013159	0.006939	0.003736
contig_1888_segment0	8387714	8648053	0.019020	0.016082	0.008385	0.001698
contig_1888_segment0	8469968	8730590	-0.010487	-0.009006	-0.004733	-0.015720
contig_1888_segment0	8567780	8833272	-0.014701	-0.013407	-0.006923	-0.023261
contig_1888_segment0	8648105	8975060	-0.000247	-0.000211	-0.000109	-0.020040
contig_1888_segment0	8730631	9089954	0.020066	0.016072	0.008358	-0.008148
contig_1888_segment0	8833960	9244042	0.036091	0.026528	0.014045	-0.001558
contig_1888_segment0	8975672	9397023	0.025831	0.019246	0.010227	-0.003818
contig_1888_segment0	9090153	9582966	0.076050	0.054336	0.029041	0.023266
contig_1888_segment0	9244726	9751898	0.079212	0.057927	0.030593	0.026828
contig_1888_segment0	9397078	9869692	0.083414	0.058756	0.031508	0.027671
contig_1888_segment0	9582990	9974811	0.036690	0.026504	0.014106	0.001461
contig_1888_segment0	9751960	10087695	0.020163	0.014843	0.007942	-0.007104
contig_1888_segment0	9869788	10246581	0.025127	0.019603	0.010256	-0.006603
contig_1888_segment0	9975003	10417808	0.027796	0.021069	0.011246	-0.005009
contig_1888_segment0	10087739	10560462	0.081339	0.056530	0.031781	0.025608
contig_1888_segment0	10246848	10650353	0.099462	0.068543	0.039377	0.037542
contig_1888_segment0	10418818	10735492	0.081605	0.058868	0.033100	0.025688
contig_1888_segment0	10560469	10818896	0.037306	0.029125	0.016056	0.003106
contig_1888_segment0	10650359	10916655	-0.003025	-0.002420	-0.001301	-0.017858
contig_1888_segment0	10735531	11045620	0.014800	0.011619	0.006387	-0.005510
contig_1888_segment0	10818924	11576849	0.033781	0.020025	0.011525	0.006269
contig_1888_segment0	10917547	11615493	0.071078	0.045592	0.028005	0.029197
contig_235_segment0	6123	57145	0.027909	0.089686	0.049910	0.012838
contig_235_segment0	14021	66150	0.022096	0.075549	0.040973	0.007503
contig_235_segment0	41905	80028	-0.013868	-0.054542	-0.025987	-0.009022
contig_235_segment0	57151	92910	-0.023551	-0.106304	-0.049543	-0.011991
contig_235_segment0	66154	115743	-0.002208	-0.007487	-0.003792	0.000719
contig_235_segment0	80031	131711	0.033469	0.109457	0.057887	0.017473
contig_235_segment0	92912	141533	0.046638	0.145227	0.080924	0.023240
contig_235_segment0	115745	170739	0.042221	0.142321	0.077244	0.017320
scaffold_335_segment0	131727	153590	0.089254	0.200931	0.113158	0.037934
scaffold_335_segment0	141535	279799	0.120009	0.215280	0.117314	0.048156
scaffold_335_segment0	170745	390286	0.150865	0.235160	0.123096	0.063264
scaffold_335_segment0	153591	868609	0.332386	0.284217	0.154964	0.162453
scaffold_335_segment0	279800	1066217	0.429086	0.320779	0.173870	0.232950
scaffold_335_segment0	390294	1255523	0.410188	0.260379	0.141857	0.236763
scaffold_335_segment0	868766	1282378	0.257340	0.207894	0.110556	0.121624
scaffold_335_segment0	1066274	1290619	0.091387	0.098010	0.052225	0.031633
scaffold_335_segment0	1255525	1382666	0.037454	0.067804	0.033748	0.009116
scaffold_335_segment0	1282386	1589706	0.037747	0.041612	0.021371	0.006751
scaffold_335_segment0	1290622	1805451	0.060251	0.046505	0.024196	0.017299
scaffold_335_segment0	1382686	2022108	0.084429	0.055542	0.029867	0.031039
scaffold_335_segment0	1589735	2203453	0.079922	0.055901	0.029449	0.028166
scaffold_335_segment0	1805484	2358119	0.071027	0.049945	0.026564	0.023001
scaffold_335_segment0	2022357	2483772	0.043110	0.032029	0.016847	0.005639
scaffold_335_segment0	2203457	2583655	0.041410	0.029919	0.016400	0.005087
scaffold_335_segment0	2358225	2694011	0.037406	0.027985	0.015628	0.004042
scaffold_335_segment0	2483785	2803872	0.015074	0.012651	0.006683	-0.007141
scaffold_335_segment0	2584121	2883803	0.010458	0.009859	0.005031	-0.010009
scaffold_335_segment0	2694076	3009805	0.062143	0.057184	0.029405	0.014750
scaffold_335_segment0	2803875	3179983	0.074247	0.063201	0.033978	0.025248
scaffold_335_segment0	2883812	3359193	0.121965	0.093474	0.048259	0.050651
scaffold_335_segment0	3009930	3480771	0.105701	0.076212	0.039190	0.040307
scaffold_335_segment0	3179984	3583916	0.127245	0.093907	0.048129	0.050737
scaffold_335_segment0	3359478	3684466	0.073615	0.056343	0.029832	0.022263
scaffold_335_segment0	3480799	3824287	0.067009	0.052445	0.026438	0.019642
scaffold_335_segment0	3583923	3944504	0.041329	0.030523	0.015739	0.003632
scaffold_335_segment0	3684790	4065865	0.083723	0.059064	0.031058	0.027791
scaffold_335_segment0	3824291	4182346	0.051016	0.039693	0.019977	0.010843
scaffold_335_segment0	3944505	4323396	0.063963	0.048826	0.024504	0.018982
scaffold_335_segment0	4065866	4559563	0.059849	0.039769	0.020237	0.013820
scaffold_335_segment0	4182353	4703471	0.085728	0.051946	0.027761	0.026303
scaffold_335_segment0	4323772	4809204	0.072262	0.045627	0.024031	0.018564
scaffold_335_segment0	4559565	4900563	0.045763	0.033396	0.017128	0.006093
scaffold_335_segment0	4703609	5014526	0.006952	0.005505	0.002720	-0.015701
scaffold_335_segment0	4809213	5107718	-0.003800	-0.003005	-0.001514	-0.022478
scaffold_335_segment0	4900673	5190986	-0.016205	-0.013233	-0.006630	-0.027927
scaffold_335_segment0	5014572	5218575	-0.001978	-0.001787	-0.000920	-0.019027
scaffold_335_segment0	5107743	5337899	0.041402	0.037787	0.019340	0.004079
scaffold_335_segment0	5190990	5486228	0.058916	0.050226	0.025427	0.012428
scaffold_335_segment0	5218597	5590266	0.123819	0.095333	0.048916	0.048862
scaffold_335_segment0	5337958	5683889	0.116542	0.095056	0.046954	0.046390
scaffold_335_segment0	5486305	5795374	0.133683	0.110066	0.054016	0.053740
scaffold_335_segment0	5590275	5921063	0.075653	0.062174	0.030508	0.021650
scaffold_335_segment0	5683890	6019887	0.060411	0.046610	0.023428	0.014518
scaffold_335_segment0	5795418	6105846	0.029279	0.022494	0.011984	0.001597
scaffold_335_segment0	5921071	6183387	0.046906	0.037742	0.019709	0.011216
scaffold_335_segment0	6019895	6272467	0.056023	0.047709	0.025416	0.020518
scaffold_335_segment0	6105852	6347837	0.063977	0.059453	0.029755	0.022365
scaffold_335_segment0	6183418	6429304	0.059086	0.052141	0.027870	0.020080
scaffold_335_segment0	6272854	6514246	0.013214	0.011931	0.006228	-0.008940
scaffold_335_segment0	6347989	6577255	0.032273	0.028202	0.015000	0.001712
scaffold_335_segment0	6429320	6644843	0.026215	0.022899	0.012057	-0.003466
scaffold_335_segment0	6514273	6668351	0.068501	0.064954	0.035735	0.023304
scaffold_335_segment0	6577275	6701881	0.049547	0.054577	0.029374	0.011919
scaffold_335_segment0	6644845	6777109	0.033788	0.043513	0.022015	0.007788
scaffold_335_segment0	6668353	6904697	0.027643	0.024183	0.013083	-0.002144
scaffold_335_segment0	6701888	7048869	0.008358	0.005955	0.003291	-0.014022
scaffold_335_segment0	6777339	7162861	-0.011776	-0.007209	-0.004260	-0.022415
scaffold_335_segment0	6904882	7267283	-0.033993	-0.022618	-0.012856	-0.029490
scaffold_335_segment0	7049118	7367410	-0.002654	-0.001866	-0.001055	-0.015357
scaffold_335_segment0	7162967	7523268	0.031080	0.023316	0.012319	-0.002165
scaffold_335_segment0	7267350	7737229	0.043195	0.030865	0.016298	0.004640
scaffold_335_segment0	7367447	7880128	0.002115	0.001485	0.000758	-0.016931
scaffold_335_segment0	7523386	8081174	-0.000181	-0.000125	-0.000064	-0.018856
scaffold_335_segment0	7737230	8240479	0.033294	0.021600	0.011463	-0.003465
scaffold_335_segment0	7880132	8441756	0.080894	0.049220	0.026775	0.024131
scaffold_335_segment0	8081422	8616073	0.055380	0.030630	0.017158	0.012881
scaffold_335_segment0	8241887	8773421	0.036984	0.021075	0.011889	0.003392
scaffold_335_segment0	8441908	8961168	0.045720	0.026710	0.015304	0.004845
scaffold_335_segment0	8616095	9125194	0.076125	0.047585	0.026178	0.021685
scaffold_335_segment0	8773551	9249365	0.079805	0.049027	0.027112	0.024886
scaffold_335_segment0	8961267	9458100	0.112719	0.071265	0.037812	0.041955
scaffold_335_segment0	9125324	9708817	0.193157	0.119432	0.064990	0.090283
scaffold_335_segment0	9249460	9928583	0.148728	0.090960	0.048885	0.067623
scaffold_335_segment0	9458109	10174055	0.139534	0.077352	0.044785	0.065887
scaffold_335_segment0	9708920	10372887	0.042627	0.026207	0.014168	0.010635
scaffold_335_segment0	9928585	10511936	0.076746	0.052227	0.028269	0.035589
scaffold_335_segment0	10174860	10731574	0.081293	0.059528	0.030455	0.034931
scaffold_335_segment0	10372888	10927974	0.006864	0.004031	0.002371	-0.006475
scaffold_335_segment0	10513989	11040584	0.059277	0.036796	0.021079	0.017284
scaffold_335_segment0	10731644	11313118	0.046718	0.028377	0.016319	0.008549
scaffold_335_segment0	10928007	11482372	0.231436	0.161177	0.086507	0.110382
scaffold_335_segment0	11040652	11627573	0.146264	0.095773	0.049360	0.059198
scaffold_335_segment0	11313121	11816306	0.155325	0.097709	0.052239	0.067154
scaffold_335_segment0	11482384	12009675	0.125949	0.077023	0.042317	0.053982
scaffold_335_segment0	11627645	12197194	0.198515	0.116320	0.064688	0.104288
scaffold_335_segment0	11816346	12372676	0.146815	0.089333	0.048360	0.070354
scaffold_335_segment0	12009687	12491972	0.024592	0.016359	0.008539	-0.001740
scaffold_335_segment0	12197523	12699830	0.043089	0.028868	0.015217	0.007251
scaffold_335_segment0	12372706	12938459	0.120115	0.074697	0.039925	0.047118
scaffold_335_segment0	12491992	13182668	0.305832	0.192696	0.101676	0.165672
scaffold_335_segment0	12699854	13403981	0.274520	0.174631	0.090084	0.144270
scaffold_335_segment0	12938518	13666673	0.273796	0.185044	0.090552	0.138907
scaffold_335_segment0	13182713	13917734	0.201209	0.118147	0.059630	0.093193
scaffold_335_segment0	13404038	14150631	0.189895	0.103923	0.053133	0.090748
scaffold_335_segment0	13666831	14438752	0.170980	0.094664	0.047435	0.080271
scaffold_335_segment0	13917796	14729660	0.132367	0.067930	0.035132	0.055467
scaffold_335_segment0	14155127	15221820	0.114601	0.044830	0.025885	0.044480
scaffold_335_segment0	14438924	15523458	0.072194	0.028734	0.017134	0.023768
scaffold_335_segment0	14729668	15863828	0.039786	0.016114	0.009587	0.006577
scaffold_335_segment0	15224623	16305137	0.041164	0.019430	0.011070	0.006017
scaffold_335_segment0	15523757	16563418	0.143425	0.064069	0.036629	0.064581
scaffold_335_segment0	15863862	16775536	0.160544	0.074225	0.042254	0.075304
scaffold_335_segment0	16306087	16925500	0.161833	0.082647	0.048132	0.076115
scaffold_335_segment0	16563423	17052141	0.069622	0.041403	0.024357	0.027473
scaffold_335_segment0	16775684	17234210	0.063547	0.037697	0.021950	0.023933
scaffold_335_segment0	16925580	17421325	0.099341	0.060719	0.032364	0.040165
scaffold_335_segment0	17052366	17604502	0.209717	0.122936	0.065070	0.102887
scaffold_335_segment0	17234425	17777221	0.176091	0.113743	0.060543	0.084695
scaffold_335_segment0	17421510	17918670	0.175973	0.124093	0.067541	0.090302
scaffold_335_segment0	17604562	18073682	0.027681	0.018540	0.010299	0.002654
scaffold_335_segment0	17777316	18215383	0.042886	0.027396	0.015505	0.014874
scaffold_335_segment0	17919025	18405246	0.003366	0.001987	0.001112	-0.008193
scaffold_335_segment0	18073864	18594179	0.062426	0.038970	0.022288	0.025735
scaffold_335_segment0	18215633	18808036	0.169364	0.108531	0.058809	0.081920
scaffold_335_segment0	18405394	19011584	0.198973	0.111039	0.063577	0.091049
scaffold_335_segment0	18594472	19340374	0.183615	0.092452	0.051225	0.084713
scaffold_335_segment0	18808057	19681243	0.224135	0.115204	0.061018	0.111570
scaffold_335_segment0	19011876	19951948	0.336253	0.200207	0.098333	0.197962
scaffold_335_segment0	19340733	20228098	0.417464	0.268210	0.131548	0.259788
scaffold_335_segment0	19681266	20519806	0.328961	0.194749	0.101843	0.194060
scaffold_335_segment0	19951968	20796723	0.190012	0.105502	0.056437	0.094289
scaffold_335_segment0	20228640	20992791	0.071666	0.040273	0.021216	0.020357
scaffold_335_segment0	20520011	21305299	0.059514	0.029912	0.016525	0.016231
scaffold_335_segment0	20796759	21482212	0.027684	0.015005	0.008334	0.000905
scaffold_335_segment0	20992860	21698831	0.115176	0.066513	0.036220	0.053099
scaffold_335_segment0	21305315	21922183	0.265933	0.175568	0.089602	0.153916
scaffold_335_segment0	21482222	22210441	0.339422	0.181679	0.095428	0.206630
scaffold_335_segment0	21698873	22410308	0.274110	0.141035	0.074372	0.151679
scaffold_335_segment0	21922184	22790794	0.114796	0.053019	0.029391	0.044104
scaffold_335_segment0	22211596	23011044	0.044669	0.025867	0.015035	0.011446
scaffold_335_segment0	22410648	23354815	0.196823	0.102360	0.061761	0.094516
scaffold_335_segment0	22791012	23972037	0.307483	0.103782	0.068763	0.169955
scaffold_335_segment0	23011053	24567568	0.227921	0.060043	0.040636	0.121086
scaffold_335_segment0	23356052	25104271	0.117428	0.029226	0.019377	0.058194
scaffold_335_segment0	23972038	25637746	0.179223	0.057691	0.035384	0.092506
scaffold_335_segment0	24567585	26167969	0.270415	0.089384	0.052632	0.156869
scaffold_335_segment0	25104282	26516500	0.311034	0.101055	0.061454	0.175787
scaffold_335_segment0	25637783	26727011	0.216818	0.072917	0.043523	0.115152
scaffold_335_segment0	26167978	26860029	0.091868	0.049048	0.027501	0.040827
scaffold_335_segment0	26516509	27042415	0.108633	0.072427	0.039184	0.049874
scaffold_335_segment0	26727015	27293526	0.049621	0.033645	0.018307	0.017392
scaffold_335_segment0	26860034	27537425	0.220414	0.129779	0.076144	0.120687
scaffold_335_segment0	27043837	27695526	0.289536	0.167031	0.100452	0.165392
scaffold_335_segment0	27293591	27928073	0.384060	0.222416	0.135964	0.224522
scaffold_335_segment0	27537426	28371579	0.405170	0.200298	0.123996	0.225635
scaffold_335_segment0	27695532	28569530	0.372471	0.183093	0.111074	0.194501
scaffold_335_segment0	27928226	28905600	0.316526	0.135525	0.086489	0.147692
scaffold_335_segment0	28371580	29056275	0.164478	0.086137	0.056390	0.061271
scaffold_335_segment0	28569536	29388825	0.005566	0.002454	0.001709	-0.007652
scaffold_335_segment0	28905613	29711717	0.157412	0.075358	0.050898	0.067112
scaffold_335_segment0	29056292	29972880	0.281176	0.130079	0.081764	0.154992
scaffold_335_segment0	29389395	30262469	0.418947	0.207378	0.119394	0.235590
scaffold_335_segment0	29711752	30586495	0.308949	0.150749	0.085018	0.155875
scaffold_335_segment0	29973374	30744674	0.190965	0.098247	0.054122	0.080995
scaffold_335_segment0	30264251	30913288	0.078553	0.045371	0.025824	0.031497
scaffold_335_segment0	30586742	30992575	0.052177	0.040709	0.022647	0.018775
scaffold_335_segment0	30744760	31118440	0.075622	0.063462	0.034696	0.032619
scaffold_335_segment0	30913330	31354064	0.056551	0.045818	0.023923	0.015733
scaffold_335_segment0	30992733	31557108	0.080367	0.054907	0.029390	0.032121
scaffold_335_segment0	31119064	31785856	0.038331	0.024086	0.013254	0.009193
scaffold_335_segment0	31354065	32004041	0.138356	0.091079	0.053336	0.072378
scaffold_335_segment0	31557122	32344646	0.201296	0.114118	0.067261	0.106902
scaffold_335_segment0	31786560	32848642	0.226647	0.090300	0.055840	0.106881
scaffold_335_segment0	32005083	33223060	0.279304	0.105414	0.062547	0.127315
scaffold_335_segment0	32344648	33554638	0.229761	0.086276	0.052140	0.104280
scaffold_335_segment0	32848646	33969935	0.216149	0.081437	0.050210	0.099024
scaffold_335_segment0	33224360	34222271	0.046614	0.017609	0.010673	0.005317
scaffold_335_segment0	33555583	34511044	-0.051936	-0.022734	-0.013044	-0.049889
scaffold_335_segment0	33970788	34708586	0.075251	0.045555	0.025130	0.028605
scaffold_335_segment0	34222565	34877075	0.147870	0.101120	0.057352	0.073880
scaffold_335_segment0	34511045	34940149	0.229668	0.180049	0.109730	0.116697
scaffold_335_segment0	34708688	35099322	0.107376	0.096473	0.056558	0.045773
scaffold_335_segment0	34877097	35312773	0.145482	0.113485	0.068051	0.064442
scaffold_335_segment0	34940167	35690798	0.166793	0.102207	0.057178	0.069202
scaffold_335_segment0	35099425	35901677	0.110556	0.068921	0.036382	0.042905
scaffold_335_segment0	35312799	36348739	0.149989	0.079406	0.042274	0.063523
scaffold_335_segment0	35690973	36679970	0.159841	0.083175	0.046969	0.073737
scaffold_335_segment0	35901859	37000864	0.333603	0.151249	0.088426	0.181303
scaffold_335_segment0	36350383	37193375	0.281625	0.156138	0.087001	0.154159
scaffold_335_segment0	36679979	37356379	0.236391	0.135420	0.073168	0.127061
scaffold_335_segment0	37000869	37480533	0.024525	0.016566	0.008939	0.001116
scaffold_335_segment0	37193465	37615457	-0.064149	-0.045665	-0.026388	-0.036182
scaffold_335_segment0	37356402	37838986	-0.045699	-0.032634	-0.020043	-0.021502
scaffold_335_segment0	37480537	38047011	0.104836	0.074440	0.043530	0.051759
scaffold_335_segment0	37615485	38337615	0.118664	0.072980	0.038303	0.044342
scaffold_335_segment0	37838992	38593284	0.300060	0.192032	0.097521	0.129247
scaffold_335_segment0	38047016	38820681	0.371104	0.236190	0.129782	0.176266
scaffold_335_segment0	38337673	39008648	0.546150	0.387093	0.237182	0.303229
scaffold_335_segment0	38593300	39190750	0.481627	0.365599	0.208487	0.280701
scaffold_335_segment0	38820689	39396244	0.359795	0.265700	0.133364	0.199013
scaffold_335_segment0	39008691	39574934	0.166528	0.120529	0.056664	0.073266
scaffold_335_segment0	39190756	39839249	0.130228	0.085201	0.041672	0.057517
scaffold_335_segment0	39396252	40150357	0.136952	0.070588	0.040721	0.063037
scaffold_335_segment0	39574954	40288417	0.114876	0.056995	0.035066	0.051786
scaffold_335_segment0	39839257	40447357	-0.049078	-0.026362	-0.017039	-0.032949
scaffold_335_segment0	40150400	40529194	-0.063847	-0.053730	-0.031549	-0.038186
scaffold_335_segment0	40288482	40707986	-0.043669	-0.034863	-0.019305	-0.024573
scaffold_335_segment0	40447655	40858999	0.127179	0.095612	0.055265	0.054369
scaffold_335_segment0	40529433	40974064	0.154556	0.108701	0.063592	0.068832
scaffold_335_segment0	40707987	41110653	0.215267	0.171522	0.100073	0.097628
scaffold_335_segment0	40859000	41289966	0.098902	0.075389	0.042309	0.042543
scaffold_335_segment0	40974076	41479222	0.166893	0.123466	0.067481	0.078086
scaffold_335_segment0	41110830	41663996	0.197307	0.131768	0.070880	0.096591
scaffold_335_segment0	41289977	41827142	0.256538	0.177037	0.097854	0.120291
scaffold_335_segment0	41479479	41971575	0.206385	0.140352	0.076784	0.090402
scaffold_335_segment0	41664060	42166825	0.131068	0.092128	0.046775	0.052521
scaffold_335_segment0	41827183	42435491	0.098860	0.063310	0.030561	0.036114
scaffold_335_segment0	41972474	42786549	0.017435	0.008513	0.004633	-0.004497
scaffold_335_segment0	42166831	43056208	0.079882	0.038060	0.022121	0.029924
scaffold_335_segment0	42435604	43331824	0.111650	0.051411	0.030111	0.051419
scaffold_335_segment0	42786550	43668781	0.278530	0.125807	0.074286	0.154293
scaffold_335_segment0	43056218	44058215	0.235778	0.089464	0.055861	0.124482
scaffold_335_segment0	43331827	44476228	0.208978	0.080802	0.051138	0.112870
scaffold_335_segment0	43669607	44909433	0.172884	0.074022	0.043761	0.088627
scaffold_335_segment0	44059020	45169744	0.165132	0.086955	0.045894	0.076059
scaffold_335_segment0	44476312	45392904	0.127490	0.074404	0.038071	0.051215
scaffold_335_segment0	44910428	45653095	0.084547	0.047906	0.025614	0.029261
scaffold_335_segment0	45170009	45976017	0.046968	0.024196	0.013959	0.013874
scaffold_335_segment0	45392952	46244912	0.092821	0.049124	0.027337	0.036329
scaffold_335_segment0	45653360	46544653	0.080664	0.041412	0.023324	0.028799
scaffold_335_segment0	45976138	46752628	0.149838	0.073749	0.041794	0.062661
scaffold_335_segment0	46245473	46954622	0.117685	0.055266	0.033383	0.050408
scaffold_335_segment0	46544654	47110259	0.045372	0.023990	0.014032	0.013817
scaffold_335_segment0	46753277	47306342	0.025004	0.015315	0.008551	0.005135
scaffold_335_segment0	46954704	47531485	0.039604	0.024243	0.013043	0.009414
scaffold_335_segment0	47110273	47676074	0.078840	0.049726	0.027476	0.030216
scaffold_335_segment0	47306406	47791378	0.113291	0.069779	0.040214	0.047996
scaffold_335_segment0	47531701	47966983	0.170820	0.110977	0.064272	0.084491
scaffold_335_segment0	47676082	48114144	0.135809	0.086437	0.047715	0.064667
scaffold_335_segment0	47791511	48283527	0.095853	0.060765	0.032508	0.039302
scaffold_335_segment0	47967181	48446329	0.033448	0.020489	0.011131	0.003028
scaffold_335_segment0	48114145	48610899	0.010446	0.006450	0.003449	-0.011768
scaffold_335_segment0	48284258	48782541	-0.022162	-0.013935	-0.007459	-0.024838
scaffold_335_segment0	48446574	48899320	0.009310	0.006428	0.003264	-0.009717
scaffold_335_segment0	48610993	49040652	0.077257	0.057874	0.029457	0.027614
scaffold_335_segment0	48782561	49233360	0.123214	0.085153	0.045179	0.048483
scaffold_335_segment0	48899359	49409604	0.054542	0.034410	0.019361	0.014679
scaffold_335_segment0	49040658	49572294	0.011544	0.006791	0.003890	-0.007183
scaffold_335_segment0	49233409	49734459	-0.002703	-0.001765	-0.000964	-0.011546
scaffold_335_segment0	49409689	49859931	0.039488	0.028737	0.015243	0.009793
scaffold_335_segment0	49572596	50008612	0.046250	0.035276	0.018020	0.013714
scaffold_335_segment0	49734493	50135015	0.048331	0.036680	0.018550	0.009917
scaffold_335_segment0	49859934	50246686	0.048371	0.035360	0.017591	0.006822
scaffold_335_segment0	50008702	50402841	0.045792	0.032937	0.017268	0.006000
scaffold_335_segment0	50135353	50585266	0.006241	0.004233	0.002294	-0.009196
scaffold_335_segment0	50246934	50769358	-0.023504	-0.014307	-0.007852	-0.027232
scaffold_335_segment0	50404458	50906496	-0.051791	-0.032749	-0.017614	-0.039673
scaffold_335_segment0	50585317	51081011	-0.041324	-0.027105	-0.014576	-0.033453
scaffold_335_segment0	50769437	51312401	0.055305	0.038073	0.020062	0.015955
scaffold_335_segment0	50906561	51484449	0.116513	0.077969	0.041148	0.051724
scaffold_335_segment0	51081082	51668953	0.104688	0.068482	0.036195	0.039664
scaffold_335_segment0	51312439	51882237	0.006285	0.003887	0.002132	-0.011719
scaffold_335_segment0	51484552	52037813	0.001673	0.001025	0.000578	-0.013890
scaffold_335_segment0	51669042	52241799	0.014697	0.009114	0.005062	-0.006698
scaffold_335_segment0	51882399	52411762	0.055818	0.039527	0.021490	0.020070
scaffold_335_segment0	52038010	52576650	0.055400	0.037879	0.020054	0.019525
scaffold_335_segment0	52241851	52713660	0.088372	0.059650	0.032249	0.039810
scaffold_335_segment0	52412582	52835168	0.095836	0.061435	0.034273	0.042823
scaffold_335_segment1	90317	490482	0.033834	0.025144	0.013417	0.006598
scaffold_335_segment1	200576	622511	0.035748	0.024310	0.013461	0.006257
scaffold_335_segment1	344593	787764	-0.018227	-0.012647	-0.006631	-0.024795
scaffold_335_segment1	490484	881695	-0.007447	-0.005549	-0.002918	-0.021188
scaffold_335_segment1	622592	966926	-0.019706	-0.016090	-0.008125	-0.033051
scaffold_335_segment1	787778	1059544	0.022550	0.018807	0.010042	-0.008804
scaffold_335_segment1	881710	1152773	0.029532	0.024210	0.012763	-0.008692
scaffold_335_segment1	966957	1242403	0.060941	0.047195	0.026299	0.012623
scaffold_335_segment1	1060034	1329394	0.057048	0.044245	0.023829	0.009510
scaffold_335_segment1	1152781	1427967	0.036347	0.028544	0.015428	0.006262
scaffold_335_segment1	1242486	1524092	0.085596	0.071821	0.038136	0.030613
scaffold_335_segment1	1329407	1656520	0.078815	0.065900	0.034602	0.028287
scaffold_335_segment1	1427991	1798508	0.069453	0.055386	0.029181	0.019370
scaffold_335_segment1	1524125	1917860	0.009253	0.006998	0.003637	-0.008915
scaffold_335_segment1	1656537	1984631	-0.015374	-0.012519	-0.006667	-0.022302
scaffold_335_segment1	1798916	2052035	-0.006830	-0.005669	-0.003094	-0.016581
scaffold_335_segment1	1917949	2107008	-0.029214	-0.026642	-0.014266	-0.027486
scaffold_335_segment1	1985355	2162513	-0.011260	-0.010376	-0.005578	-0.014898
scaffold_335_segment1	2052100	2223239	0.024672	0.025444	0.013435	0.001637
scaffold_335_segment1	2107012	2297293	0.044615	0.043844	0.023007	0.011512
scaffold_335_segment1	2162592	2377522	0.044404	0.041035	0.021142	0.007916
scaffold_335_segment1	2223274	2470437	0.010589	0.009027	0.004583	-0.011283
scaffold_335_segment1	2297327	2533631	-0.008235	-0.007220	-0.003657	-0.022111
scaffold_335_segment1	2377565	2611451	-0.015251	-0.013855	-0.007153	-0.025215
scaffold_335_segment1	2470468	2660723	-0.030725	-0.031315	-0.015959	-0.029861
scaffold_335_segment1	2533645	2728836	0.006265	0.006120	0.003186	-0.013519
scaffold_335_segment1	2611513	2801814	0.037643	0.035461	0.018540	0.005198
scaffold_335_segment1	2660803	2870027	0.065012	0.057230	0.030538	0.014124
scaffold_335_segment1	2728877	2945046	0.050574	0.044512	0.023878	0.009522
scaffold_335_segment1	2801833	3004120	0.009531	0.008936	0.004633	-0.012390
scaffold_335_segment1	2870033	3059815	-0.009431	-0.009277	-0.004720	-0.015772
scaffold_335_segment1	2945058	3099061	-0.028048	-0.030195	-0.015100	-0.025402
scaffold_335_segment1	3004186	3136332	-0.014543	-0.015700	-0.008127	-0.019892
scaffold_335_segment1	3059860	3171795	-0.013000	-0.014656	-0.007499	-0.019385
scaffold_335_segment1	3099062	3198481	0.002317	0.002634	0.001306	-0.024201
scaffold_335_segment1	3136353	3241776	0.011579	0.012411	0.006249	-0.026596
scaffold_335_segment1	3171811	3282570	0.032703	0.032326	0.016643	-0.020059
scaffold_335_segment1	3198489	3317764	0.027016	0.024145	0.013027	-0.014056
scaffold_335_segment1	3241777	3353895	0.023822	0.021773	0.011753	-0.009614
scaffold_335_segment1	3282616	3387430	0.008686	0.008101	0.004468	-0.016975
scaffold_335_segment1	3317765	3421111	0.026867	0.026628	0.014660	-0.004784
scaffold_335_segment1	3353914	3472232	-0.003501	-0.003519	-0.001882	-0.018422
scaffold_335_segment1	3387442	3515269	0.007514	0.007565	0.004028	-0.011044
scaffold_335_segment1	3421113	3568662	-0.001903	-0.001901	-0.001025	-0.020906
scaffold_335_segment1	3472247	3622277	0.020475	0.019975	0.010815	-0.011655
scaffold_335_segment1	3515276	3695509	0.024733	0.024182	0.012585	-0.011915
scaffold_335_segment1	3568762	3772405	0.051900	0.048004	0.025633	0.007899
scaffold_335_segment1	3622389	3840984	0.059008	0.052529	0.028499	0.012482
scaffold_335_segment1	3695797	3898372	0.022850	0.020691	0.011570	-0.000871
scaffold_335_segment1	3772455	3944215	-0.035917	-0.033954	-0.018723	-0.031079
scaffold_335_segment1	3841033	3976518	-0.056150	-0.056879	-0.031201	-0.045383
scaffold_335_segment1	3898385	4032177	-0.032522	-0.030919	-0.017061	-0.038342
scaffold_335_segment1	3944360	4076318	0.055321	0.050494	0.028569	0.000424
scaffold_335_segment1	3976525	4115796	0.082997	0.074078	0.041052	0.016715
scaffold_335_segment1	4032188	4164796	0.052039	0.047601	0.025077	-0.001465
scaffold_335_segment1	4076323	4220888	-0.002029	-0.001866	-0.000963	-0.027703
scaffold_335_segment1	4115818	4288691	0.012199	0.011245	0.005960	-0.019334
scaffold_335_segment1	4164814	4359921	0.020996	0.019677	0.010834	-0.013899
scaffold_335_segment1	4220923	4475101	0.039255	0.033236	0.019419	-0.000901
scaffold_335_segment1	4288696	4711186	0.084523	0.065391	0.039951	0.025770
scaffold_335_segment1	4359930	4808998	0.118037	0.100659	0.064930	0.047054
scaffold_335_segment1	4475217	4820371	0.093608	0.129651	0.081855	0.036002
scaffold_430_segment0	4793	236679	0.082803	0.112087	0.056872	0.034773
scaffold_430_segment0	25453	541448	0.148865	0.103994	0.059979	0.062975
scaffold_430_segment0	42771	677799	0.207861	0.122055	0.072420	0.089235
scaffold_430_segment0	236689	865824	0.227305	0.117938	0.072723	0.099216
scaffold_430_segment0	541451	1081713	0.269932	0.150498	0.094255	0.125217
scaffold_430_segment0	677804	1436232	0.205054	0.080239	0.051372	0.097287
scaffold_430_segment0	865829	1783512	0.186316	0.059103	0.038833	0.084062
scaffold_430_segment0	1081809	1975191	0.128872	0.033289	0.022766	0.049123
scaffold_430_segment0	1436237	2210472	0.200646	0.060016	0.040233	0.085939
scaffold_430_segment0	1783518	2421646	0.248019	0.092800	0.057836	0.110239
scaffold_430_segment0	1975214	2580693	0.212193	0.107856	0.061142	0.095252
scaffold_430_segment0	2211137	2730584	0.114724	0.068622	0.037807	0.041761
scaffold_430_segment0	2421649	2921531	0.244356	0.156158	0.085718	0.119983
scaffold_430_segment0	2580695	3140519	0.166055	0.087068	0.049672	0.076027
scaffold_430_segment0	2730597	3312503	0.165904	0.082337	0.047083	0.070362
scaffold_430_segment0	2921882	3501885	0.076728	0.038684	0.022018	0.026680
scaffold_430_segment0	3140528	3882063	0.139919	0.056890	0.034306	0.050293
scaffold_430_segment0	3312507	4053052	0.241165	0.099257	0.060792	0.103698
scaffold_430_segment0	3503815	4194090	0.147343	0.058538	0.037584	0.050919
scaffold_430_segment0	3882065	4369729	0.137989	0.067636	0.043470	0.047222
scaffold_430_segment0	4054113	4612952	0.050269	0.017650	0.012118	0.011096
scaffold_430_segment0	4194159	4909582	0.129435	0.040323	0.027946	0.046895
scaffold_430_segment0	4369750	5042117	0.154915	0.051422	0.035254	0.060751
scaffold_430_segment0	4612956	5363268	0.213407	0.081499	0.052788	0.098963
scaffold_430_segment0	4909841	5669286	0.121981	0.045121	0.029002	0.049648
scaffold_430_segment0	5043873	5848320	0.226369	0.087723	0.055509	0.117266
scaffold_430_segment0	5363273	5980736	0.199942	0.085989	0.054336	0.093796
scaffold_430_segment0	5669304	6236738	0.308294	0.159959	0.095784	0.167066
scaffold_430_segment0	5848548	6358900	0.306819	0.169455	0.100183	0.162731
scaffold_430_segment0	5980747	6661127	0.345742	0.175022	0.103295	0.191101
scaffold_430_segment0	6237284	6919911	0.259732	0.128275	0.077306	0.122052
scaffold_430_segment0	6358914	7093609	0.281283	0.143870	0.083516	0.135016
scaffold_430_segment0	6661348	7309095	0.291926	0.163009	0.094646	0.148785
scaffold_430_segment0	6919918	7602939	0.294721	0.151952	0.090590	0.146666
scaffold_430_segment0	7093614	7647131	0.140291	0.087898	0.054986	0.061638
scaffold_430_segment0	7309111	7841970	0.059494	0.037392	0.023928	0.021564
scaffold_430_segment0	7602946	8108424	0.079839	0.053725	0.033233	0.032388
scaffold_430_segment0	7647144	8520280	0.048707	0.019281	0.012045	0.011839
scaffold_430_segment0	7842834	8762267	0.073899	0.026736	0.016766	0.022142
scaffold_430_segment0	8108430	9066029	0.057966	0.019408	0.012544	0.014253
scaffold_430_segment0	8520331	9318021	0.096600	0.032569	0.022045	0.034992
scaffold_430_segment0	8762269	9665974	-0.004749	-0.001309	-0.000908	-0.015165
scaffold_430_segment0	9066037	9924673	-0.011006	-0.002781	-0.001871	-0.023394
scaffold_430_segment0	9318314	10024818	0.055503	0.017677	0.011275	0.008866
scaffold_430_segment0	9666440	10386942	0.083765	0.031646	0.019103	0.025781
scaffold_430_segment0	9924674	10713500	0.225191	0.098919	0.058507	0.105860
scaffold_430_segment0	10024920	10976581	0.171873	0.060668	0.037982	0.080802
scaffold_430_segment0	10386947	11275891	0.344439	0.123552	0.078962	0.188875
scaffold_430_segment0	10713744	11287826	0.232460	0.106183	0.069340	0.102478
scaffold_430_segment0	10976866	11299366	0.249276	0.190577	0.121100	0.092681
scaffold_430_segment0	11275901	11545855	0.037311	0.034702	0.022202	0.007618
scaffold_430_segment0	11287832	11718662	0.099750	0.062034	0.036991	0.029563
scaffold_430_segment0	11299388	11868726	0.203137	0.094877	0.056372	0.088717
scaffold_430_segment0	11545862	12035351	0.240173	0.127767	0.071288	0.113228
scaffold_430_segment0	11718668	12193853	0.285530	0.145584	0.084946	0.131362
scaffold_430_segment0	11868729	12382003	0.141972	0.068724	0.040322	0.050745
scaffold_430_segment0	12035368	12598284	0.154193	0.067392	0.042673	0.059710
scaffold_430_segment0	12194088	12770625	0.002700	0.001274	0.000786	-0.013722
scaffold_430_segment0	12382007	12866503	-0.025391	-0.014706	-0.008830	-0.024673
scaffold_430_segment0	12598290	12965170	-0.104191	-0.086381	-0.047779	-0.059485
scaffold_430_segment0	12770628	13192508	0.028410	0.017926	0.010667	-0.000143
scaffold_430_segment0	12866508	13557247	0.175463	0.068469	0.043558	0.065825
scaffold_430_segment0	12965173	13813598	0.078901	0.026810	0.017170	0.024328
scaffold_430_segment0	13192509	14110592	0.000081	0.000025	0.000016	-0.012928
scaffold_430_segment0	13557256	14376990	0.013559	0.004681	0.003014	-0.010686
scaffold_430_segment0	13813599	14545568	0.321375	0.141336	0.087033	0.180186
scaffold_430_segment0	14110594	14801628	0.357213	0.164009	0.098948	0.200421
scaffold_430_segment0	14377133	15125726	0.347019	0.163740	0.097552	0.191137
scaffold_430_segment0	14545967	15490508	0.104701	0.031907	0.020253	0.034962
scaffold_430_segment0	14801649	15654728	0.097736	0.032037	0.020025	0.032791
scaffold_430_segment0	15125768	15868141	0.200316	0.074516	0.045837	0.086143
scaffold_430_segment0	15490515	16032189	0.149196	0.079002	0.045489	0.066029
scaffold_430_segment0	15654730	16198896	0.102294	0.053302	0.030683	0.039154
scaffold_430_segment0	15868189	16518291	-0.009579	-0.003842	-0.002298	-0.020259
scaffold_430_segment0	16032217	16641502	0.109234	0.042038	0.025715	0.035315
scaffold_430_segment0	16198897	16792091	0.039619	0.015945	0.009732	0.007033
scaffold_430_segment0	16518300	17056405	0.028427	0.012783	0.007996	0.000245
scaffold_430_segment0	16641529	17283877	-0.096843	-0.037890	-0.023925	-0.065227
scaffold_430_segment0	16792123	17620681	0.060879	0.020168	0.012918	0.011645
scaffold_430_segment0	17056456	17957211	0.109385	0.034474	0.021799	0.038279
scaffold_430_segment0	17283881	18158144	0.263143	0.101627	0.061167	0.126847
scaffold_430_segment0	17621897	18517565	0.221755	0.088963	0.052618	0.106334
scaffold_430_segment0	17957409	18896509	0.199849	0.078266	0.045334	0.093290
scaffold_430_segment0	18158423	19041059	0.118433	0.045138	0.026686	0.048248
scaffold_430_segment0	18517572	19190617	0.132938	0.059209	0.035275	0.053642
scaffold_430_segment0	18896679	19518736	0.108927	0.042910	0.028491	0.039971
scaffold_430_segment0	19041425	19834665	0.087259	0.028907	0.019494	0.026573
scaffold_430_segment0	19190688	20441452	0.034008	0.007897	0.005374	-0.003769
scaffold_430_segment0	19518747	20604916	0.029479	0.008505	0.005564	-0.001837
scaffold_430_segment0	19834666	20754678	0.045063	0.013012	0.008711	0.007868
scaffold_430_segment0	20441456	21334983	0.008068	0.002381	0.001565	-0.009297
scaffold_430_segment0	20605548	21627716	0.029127	0.007592	0.005002	-0.001002
scaffold_430_segment0	20754694	21890089	-0.022951	-0.005517	-0.003635	-0.028001
scaffold_430_segment0	21334989	22173951	0.018145	0.004689	0.003182	-0.005071
scaffold_430_segment0	21627800	22267538	0.027086	0.008503	0.005665	-0.000250
scaffold_430_segment0	21890092	22367146	0.078695	0.031948	0.020660	0.022058
scaffold_430_segment0	22173954	22618207	0.188236	0.112490	0.064614	0.079512
scaffold_430_segment0	22267548	22855842	0.244295	0.133421	0.078805	0.113729
scaffold_430_segment0	22367149	23063191	0.217213	0.118256	0.068228	0.112634
scaffold_430_segment0	22618208	23401201	0.089121	0.042413	0.025220	0.033007
scaffold_430_segment0	22855851	23635664	-0.001828	-0.000833	-0.000488	-0.021893
scaffold_430_segment0	23063695	23901656	0.037600	0.014653	0.008871	0.000820
scaffold_430_segment0	23401251	24264868	0.056108	0.018561	0.011543	0.015921
scaffold_430_segment0	23635694	24488459	0.108744	0.032924	0.021710	0.041414
scaffold_430_segment0	23901661	24826266	0.026573	0.007230	0.004941	0.001502
scaffold_430_segment0	24264872	25085122	0.060443	0.019473	0.013030	0.017566
scaffold_430_segment0	24490280	25379905	0.006342	0.002000	0.001319	-0.007242
scaffold_430_segment0	24826332	25721103	-0.030679	-0.009905	-0.006448	-0.023762
scaffold_430_segment0	25085123	26001406	-0.064238	-0.017593	-0.011793	-0.037081
scaffold_430_segment0	25379907	26458088	-0.026383	-0.006070	-0.004055	-0.027235
scaffold_430_segment0	25721105	26744518	0.002481	0.000608	0.000403	-0.013144
scaffold_430_segment0	26001419	27005328	0.049671	0.012562	0.008435	0.011559
scaffold_430_segment0	26458093	27350382	0.056597	0.015816	0.010765	0.011624
scaffold_430_segment0	26744531	27691598	0.130575	0.034571	0.023311	0.048357
scaffold_430_segment0	27005349	27874862	0.073707	0.021359	0.014233	0.020338
scaffold_430_segment0	27350390	28167565	0.077068	0.024392	0.015989	0.028466
scaffold_430_segment0	27692249	28347047	-0.051894	-0.021027	-0.013350	-0.032756
scaffold_430_segment0	27874865	28599428	0.096400	0.043390	0.025503	0.032411
scaffold_430_segment0	28168857	29001971	0.147309	0.067396	0.038834	0.061958
scaffold_430_segment0	28347048	29304575	0.043889	0.019282	0.010886	0.005920
scaffold_430_segment0	28599472	29790476	-0.003549	-0.001195	-0.000723	-0.024969
scaffold_430_segment0	29001974	30078036	-0.042890	-0.013301	-0.008268	-0.043458
scaffold_430_segment0	29304581	30246636	0.131551	0.042430	0.027042	0.050812
scaffold_430_segment0	29790477	30652091	0.074306	0.028578	0.017742	0.020851
scaffold_430_segment0	30078038	30940675	0.079606	0.033242	0.019953	0.025387
scaffold_430_segment0	30246723	31213056	0.073623	0.027265	0.016618	0.018648
scaffold_430_segment0	30652134	31533944	0.111791	0.039836	0.024253	0.044888
scaffold_430_segment0	30941123	31794071	0.037779	0.013230	0.008195	0.003661
scaffold_430_segment0	31213434	32035559	-0.022727	-0.008687	-0.005318	-0.025955
scaffold_430_segment0	31534472	32188155	-0.069658	-0.029640	-0.018071	-0.050980
scaffold_430_segment0	31794152	32387662	-0.037630	-0.014979	-0.009437	-0.031482
scaffold_430_segment0	32037722	32569035	-0.033560	-0.014645	-0.009467	-0.030542
scaffold_430_segment0	32188253	32765117	-0.064431	-0.030151	-0.018885	-0.046482
scaffold_430_segment0	32387669	33095313	-0.022959	-0.009194	-0.005859	-0.031566
scaffold_430_segment0	32569048	33481153	0.049494	0.014734	0.009726	0.007098
scaffold_430_segment0	32765262	33547054	0.094828	0.031044	0.020991	0.027691
scaffold_430_segment0	33095320	33912034	0.119870	0.037854	0.025773	0.041007
scaffold_430_segment0	33481162	34229269	0.075086	0.026150	0.017157	0.016462
scaffold_430_segment0	33547063	34439809	0.149303	0.044131	0.028408	0.056866
scaffold_430_segment0	33912054	34895526	0.136175	0.041274	0.026016	0.050758
scaffold_430_segment0	34229270	35186589	0.094690	0.028336	0.018413	0.035398
scaffold_430_segment0	34439822	35534471	0.042804	0.011234	0.007541	0.007806
scaffold_430_segment0	34895528	35895293	-0.030388	-0.008628	-0.005796	-0.027917
scaffold_430_segment0	35186638	36128738	-0.036212	-0.011159	-0.007116	-0.031162
scaffold_430_segment0	35534971	36490708	0.006155	0.001855	0.001185	-0.010863
scaffold_430_segment0	35895374	36956523	0.085903	0.024099	0.014999	0.024463
scaffold_430_segment0	36130728	37244543	0.110991	0.030051	0.019388	0.036633
scaffold_430_segment0	36491034	37706712	-0.010316	-0.002698	-0.001759	-0.033311
scaffold_430_segment0	36957098	38146996	-0.111889	-0.026354	-0.018033	-0.079959
scaffold_430_segment0	37244548	38309297	-0.071589	-0.019433	-0.012722	-0.056279
scaffold_430_segment0	37706757	38466833	0.010186	0.003648	0.002274	-0.010167
scaffold_430_segment0	38147029	38493566	0.052857	0.039744	0.021805	0.011191
scaffold_430_segment0	38309429	38850929	0.051453	0.027465	0.016993	0.012901
scaffold_430_segment0	38466838	39317686	0.048670	0.015595	0.010002	0.006420
scaffold_430_segment0	38493573	39863508	0.035228	0.007349	0.004812	-0.001519
scaffold_430_segment0	38850946	40244796	0.023766	0.004598	0.003017	-0.012021
scaffold_430_segment0	39318388	40617346	0.146294	0.033398	0.021977	0.058043
scaffold_430_segment0	39863517	40843197	0.103394	0.029599	0.019303	0.035394
scaffold_430_segment0	40244801	41085551	0.076337	0.024755	0.016197	0.020198
scaffold_430_segment0	40618235	41457724	-0.071534	-0.022625	-0.014469	-0.045580
scaffold_430_segment0	40843201	41732085	0.031632	0.009661	0.006031	-0.005544
scaffold_430_segment0	41085552	41841063	0.044540	0.016384	0.010154	0.004309
scaffold_430_segment0	41457738	42278313	0.071670	0.024726	0.015947	0.015962
scaffold_430_segment0	41732127	42594393	-0.037012	-0.012518	-0.008308	-0.033803
scaffold_430_segment0	41841070	42609975	0.029763	0.011087	0.007407	0.003920
scaffold_430_segment0	42278755	42882719	-0.024635	-0.012006	-0.007738	-0.016790
scaffold_430_segment0	42594397	43297540	0.050920	0.020567	0.013246	0.019055
scaffold_430_segment0	42610002	43786096	0.037051	0.010392	0.006656	0.004301
scaffold_430_segment0	42882904	44208013	0.120560	0.031458	0.019647	0.054203
scaffold_430_segment0	43299665	44642608	0.149729	0.041506	0.025452	0.066141
scaffold_430_segment0	43786098	45266517	0.151098	0.035451	0.022560	0.061265
scaffold_430_segment0	44208040	46061747	0.085502	0.013977	0.009802	0.020552
scaffold_430_segment0	44642610	46599353	0.053595	0.007712	0.005490	0.002265
scaffold_430_segment0	45266842	46961390	0.042150	0.006623	0.004737	-0.003430
scaffold_430_segment0	46061760	47381680	0.085577	0.017540	0.012002	0.017444
scaffold_430_segment0	46599356	47845645	0.094445	0.019308	0.013563	0.025353
scaffold_430_segment0	46961401	48043710	0.067827	0.016085	0.011105	0.008764
scaffold_430_segment0	47382942	48507333	-0.003129	-0.000704	-0.000490	-0.021802
scaffold_430_segment0	47845650	49081560	-0.014728	-0.002956	-0.002056	-0.031142
scaffold_430_segment0	48043711	49421012	0.077122	0.015072	0.010415	0.018060
scaffold_430_segment0	48507357	49762693	0.070703	0.014578	0.010173	0.012260
scaffold_430_segment0	49081590	50014136	0.118423	0.035536	0.023579	0.041954
scaffold_430_segment0	49421013	50395772	0.060147	0.017368	0.011273	0.013668
scaffold_430_segment0	49762714	50771895	0.104974	0.030955	0.019275	0.040992
scaffold_430_segment0	50014779	51104478	0.126069	0.040877	0.024673	0.047345
scaffold_430_segment0	50396526	51423186	0.162809	0.062969	0.037800	0.067898
scaffold_430_segment0	50771911	51572866	0.143180	0.070368	0.042326	0.052176
contig_14_segment0	8272	252674	0.008015	0.007316	0.003842	-0.009965
contig_14_segment0	79742	330239	-0.000640	-0.000571	-0.000290	-0.013163
contig_14_segment0	153213	424320	0.024157	0.020343	0.010552	0.000650
contig_14_segment0	252706	524329	0.040260	0.034811	0.018064	0.010345
contig_14_segment0	330342	629361	0.036824	0.029496	0.015790	0.004992
contig_14_segment0	424347	747546	0.030370	0.024057	0.013049	0.004158
contig_14_segment0	524446	836831	0.028471	0.022561	0.012204	0.002714
contig_14_segment0	629370	921005	-0.004996	-0.004238	-0.002204	-0.019115
contig_14_segment0	747656	1063398	-0.006243	-0.005141	-0.002643	-0.024000
contig_14_segment0	836834	1207738	-0.006575	-0.005262	-0.002653	-0.026162
contig_14_segment0	921062	1313459	0.054012	0.041870	0.021906	0.007872
contig_14_segment0	1063401	1452619	0.074227	0.057097	0.030190	0.027652
contig_14_segment0	1207749	1572052	0.072359	0.058547	0.031148	0.027117
contig_14_segment0	1313659	1583560	0.035213	0.035906	0.018941	0.011457
contig_14_segment0	1452628	1594732	0.021867	0.034149	0.018194	0.010843
contig_14_segment0	1572053	1617565	0.023154	0.035729	0.022534	0.015895
contig_14_segment0	1583567	1630316	0.002737	0.004043	0.002531	0.005085
contig_14_segment0	1594736	1683837	0.012917	0.014592	0.008371	0.000233
contig_14_segment0	1617581	1748177	0.059796	0.070032	0.035461	0.014878
contig_14_segment0	1630329	1807742	0.075855	0.071716	0.037330	0.024402
contig_14_segment0	1683843	1854648	0.032616	0.032335	0.016658	-0.001075
contig_14_segment0	1748259	1903610	-0.014590	-0.014486	-0.007755	-0.024271
contig_14_segment0	1807747	1955494	-0.046664	-0.048120	-0.024693	-0.045261
contig_14_segment0	1854663	1999386	-0.028366	-0.028993	-0.014800	-0.031563
contig_14_segment0	1903625	2060644	-0.020587	-0.020214	-0.010350	-0.028637
contig_14_segment0	1955634	2118959	0.018668	0.017740	0.009193	-0.007308
contig_14_segment0	1999420	2185242	-0.000254	-0.000224	-0.000120	-0.019232
contig_14_segment0	2060695	2247724	-0.006057	-0.005318	-0.002842	-0.019814
contig_14_segment0	2119139	2313377	-0.019396	-0.017066	-0.009281	-0.026452
contig_14_segment0	2185256	2386688	-0.010940	-0.009498	-0.005130	-0.023305
contig_14_segment0	2247740	2455090	-0.024312	-0.021679	-0.011275	-0.036181
contig_14_segment0	2313399	2532048	-0.006673	-0.006018	-0.003065	-0.023721
contig_14_segment0	2386713	2602308	-0.000077	-0.000071	-0.000036	-0.020786
contig_14_segment0	2455091	2664814	0.008194	0.007923	0.004021	-0.013994
contig_14_segment0	2532471	2744691	0.007665	0.007011	0.003670	-0.017304
contig_14_segment0	2602311	2832422	0.006575	0.005751	0.003091	-0.012538
contig_14_segment0	2664818	2912805	0.034769	0.027631	0.015292	0.003258
contig_14_segment0	2744694	2981535	0.036606	0.030044	0.016572	0.003425
contig_14_segment0	2832479	3056030	0.018801	0.016293	0.008711	-0.006645
contig_14_segment0	2912806	3125148	0.015485	0.014287	0.007634	-0.005114
contig_14_segment0	2983091	3198701	-0.005897	-0.005603	-0.002904	-0.012343
contig_14_segment0	3056032	3283646	0.012573	0.010960	0.005919	-0.001908
contig_14_segment0	3125165	3362992	-0.011215	-0.009507	-0.005066	-0.015463
contig_14_segment0	3198702	3458577	0.010217	0.008454	0.004615	-0.006185
contig_14_segment0	3283817	3527049	0.019852	0.017821	0.009559	-0.003807
contig_14_segment0	3362993	3612302	0.025822	0.023176	0.012383	-0.000677
contig_14_segment0	3458578	3704637	0.024846	0.022001	0.011833	-0.001490
contig_14_segment0	3527150	3787040	0.036286	0.030629	0.016691	0.005167
contig_14_segment0	3612303	3880093	0.011900	0.010338	0.005564	-0.007407
contig_14_segment0	3704651	4016565	-0.002072	-0.001747	-0.000929	-0.015410
contig_14_segment0	3787054	4121965	-0.005620	-0.004775	-0.002510	-0.016738
contig_14_segment0	3880112	4232700	-0.025259	-0.020790	-0.010803	-0.027596
contig_14_segment0	4016656	4313032	-0.026761	-0.021609	-0.011502	-0.025471
contig_14_segment0	4121986	4389496	-0.018963	-0.015040	-0.008060	-0.023337
contig_14_segment0	4232775	4467547	0.020275	0.015752	0.008669	-0.003185
contig_14_segment0	4313050	4552388	0.034058	0.027221	0.014891	0.000798
contig_14_segment0	4389812	4641516	0.017865	0.014060	0.007569	-0.008864
contig_14_segment0	4467692	4708589	0.029878	0.023746	0.013003	0.000750
contig_14_segment0	4552670	4814331	-0.003826	-0.003116	-0.001631	-0.016632
contig_14_segment0	4641557	5084687	-0.039472	-0.030526	-0.016218	-0.031396
contig_14_segment0	4708598	5519504	0.063095	0.045704	0.025194	0.018141
contig_14_segment0	4814395	5527612	0.087584	0.078594	0.045590	0.031991
contig_14_segment0	5084771	5540086	0.110994	0.170095	0.104460	0.046942
contig_4_segment0	100988	482046	0.120436	0.083066	0.045784	0.049718
contig_4_segment0	302778	556549	0.071386	0.055048	0.030399	0.017548
contig_4_segment0	406889	618632	0.026022	0.022003	0.012065	-0.001974
contig_4_segment0	482105	683258	-0.024153	-0.021457	-0.011240	-0.026712
contig_4_segment0	556696	746504	-0.027363	-0.024615	-0.013487	-0.030171
contig_4_segment0	618665	828252	0.015603	0.014650	0.007704	-0.008228
contig_4_segment0	683269	912076	0.018135	0.017691	0.009574	-0.004577
contig_4_segment0	746533	973965	0.037223	0.036484	0.019485	0.007113
contig_4_segment0	828356	1032503	-0.004729	-0.004722	-0.002541	-0.013897
contig_4_segment0	912094	1091295	0.030552	0.027691	0.015379	0.002029
contig_4_segment0	974216	1146145	0.047943	0.042547	0.024024	0.007873
contig_4_segment0	1032514	1196599	0.097075	0.083679	0.048966	0.031336
contig_4_segment0	1091303	1246739	0.085540	0.075263	0.043368	0.023490
contig_4_segment0	1146160	1304025	0.084949	0.076382	0.043178	0.023708
contig_4_segment0	1196718	1352719	0.054605	0.049338	0.027414	0.008939
contig_4_segment0	1246742	1402282	0.021100	0.019692	0.010704	-0.006394
contig_4_segment0	1304194	1453587	0.012268	0.011324	0.006128	-0.009582
contig_4_segment0	1352720	1509397	-0.025419	-0.023879	-0.012555	-0.032802
contig_4_segment0	1402300	1562540	-0.029848	-0.028086	-0.014888	-0.033156
contig_4_segment0	1453606	1637347	-0.055022	-0.055657	-0.028024	-0.043996
contig_4_segment0	1509402	1726930	-0.020418	-0.020698	-0.010446	-0.026155
contig_4_segment0	1562578	1808443	-0.023432	-0.023025	-0.011366	-0.028467
contig_4_segment0	1637387	1894293	-0.006103	-0.005881	-0.002965	-0.021677
contig_4_segment0	1727015	1975274	0.035291	0.031842	0.016465	0.001125
contig_4_segment0	1808918	2036681	0.050862	0.047666	0.025116	0.009668
contig_4_segment0	1894314	2094452	0.050111	0.046362	0.025025	0.010904
contig_4_segment0	1975278	2168092	0.007309	0.006518	0.003541	-0.010979
contig_4_segment0	2036685	2246486	0.012444	0.010595	0.005764	-0.011409
contig_4_segment0	2094590	2322774	0.007916	0.006562	0.003666	-0.015670
contig_4_segment0	2168113	2412248	0.041204	0.033568	0.019112	0.002957
contig_4_segment0	2246487	2483525	0.045659	0.037337	0.021229	0.006880
contig_4_segment0	2322781	2542774	0.020359	0.017413	0.009759	-0.006209
contig_4_segment0	2412253	2663196	-0.007396	-0.006685	-0.003650	-0.019267
contig_4_segment0	2483545	2809507	-0.029640	-0.025184	-0.014121	-0.030472
contig_4_segment0	2542779	2932842	0.003992	0.003170	0.001784	-0.008629
contig_4_segment0	2663207	3047856	0.009334	0.007232	0.004092	-0.006737
contig_4_segment0	2809514	3134563	0.025113	0.021123	0.011508	0.000748
contig_4_segment0	2932974	3240351	-0.005471	-0.004742	-0.002523	-0.020389
contig_4_segment0	3047866	3360148	-0.040657	-0.034439	-0.018220	-0.039508
contig_4_segment0	3134574	3431254	-0.021268	-0.017019	-0.009361	-0.026622
contig_4_segment0	3240355	3525752	0.009777	0.007766	0.004187	-0.005607
contig_4_segment0	3360157	3635651	0.010552	0.008637	0.004573	-0.006417
contig_4_segment0	3431272	3737250	0.013250	0.010835	0.005716	-0.008509
contig_4_segment0	3525839	3834053	-0.019820	-0.015572	-0.008332	-0.029978
contig_4_segment0	3635715	3934148	-0.018086	-0.014584	-0.007760	-0.031376
contig_4_segment0	3737332	4023210	-0.048313	-0.041140	-0.020696	-0.045893
contig_4_segment0	3834216	4117560	-0.009060	-0.008133	-0.004170	-0.023131
contig_4_segment0	3934179	4200581	0.027095	0.024932	0.013177	-0.003498
contig_4_segment0	4023228	4314319	0.051666	0.044773	0.024495	0.006725
contig_4_segment0	4117963	4429745	0.020365	0.017614	0.008931	-0.009579
contig_4_segment0	4200883	4550779	0.020077	0.016349	0.008324	-0.006835
contig_4_segment0	4314546	4597718	0.008812	0.008525	0.004329	-0.007198
contig_4_segment0	4429817	4657248	0.011811	0.013151	0.007303	-0.001670
contig_4_segment0	4550814	4754250	-0.012497	-0.015581	-0.007966	-0.013527
contig_4_segment0	4597719	4856591	-0.002452	-0.002456	-0.001220	-0.010546
contig_4_segment0	4657372	4934778	-0.022958	-0.020350	-0.009985	-0.026011
contig_4_segment0	4754273	5059330	0.020648	0.017315	0.008914	-0.002698
contig_4_segment0	4856678	5134478	0.006436	0.005793	0.002993	-0.010481
contig_4_segment0	4934846	5251288	0.036130	0.030906	0.015657	0.006416
contig_4_segment0	5059390	5376450	0.043067	0.034892	0.018005	0.008017
contig_4_segment0	5134741	5499880	0.099280	0.071727	0.038492	0.039444
contig_4_segment0	5251295	5627414	0.098814	0.071694	0.039148	0.039807
contig_4_segment0	5376632	5724276	0.022292	0.017854	0.009419	0.003716
contig_4_segment0	5499897	5835022	-0.057256	-0.049543	-0.024946	-0.035427
contig_4_segment0	5627474	5927589	-0.027501	-0.023457	-0.012420	-0.022760
contig_4_segment0	5724393	6033086	0.043014	0.033551	0.018566	0.011201
contig_4_segment0	5835036	6159004	0.049623	0.037142	0.020766	0.012109
contig_4_segment0	5927688	6247774	0.015739	0.012591	0.006697	-0.004741
contig_4_segment0	6033134	6410808	0.009099	0.006963	0.003598	-0.013208
contig_4_segment0	6159008	6558968	0.042794	0.031483	0.016382	0.006047
contig_4_segment0	6248028	6712753	0.076209	0.050764	0.026935	0.024255
contig_4_segment0	6411006	6876511	0.095122	0.064854	0.034037	0.037047
contig_4_segment0	6558975	7033347	0.064014	0.044221	0.023375	0.016420
contig_4_segment0	6713333	7143448	0.033955	0.024934	0.013412	0.000980
contig_4_segment0	6876516	7275513	-0.027805	-0.021303	-0.011433	-0.032145
contig_4_segment0	7033931	7396318	0.014123	0.011760	0.006184	-0.005841
contig_4_segment0	7143528	7590144	-0.005744	-0.004358	-0.002245	-0.017660
contig_4_segment0	7275716	7747291	0.005962	0.004328	0.002289	-0.010834
contig_4_segment0	7397186	7891322	0.007957	0.005230	0.002864	-0.012220
contig_4_segment0	7590628	8136876	0.029415	0.018586	0.010266	-0.002739
contig_4_segment0	7747317	8318328	0.018168	0.010257	0.005805	-0.009741
contig_4_segment0	7891762	8460877	-0.017205	-0.009690	-0.005424	-0.026608
contig_4_segment0	8137761	8572327	-0.011076	-0.006741	-0.003727	-0.031903
contig_4_segment0	8318405	8705214	0.009356	0.006249	0.003346	-0.020464
contig_4_segment0	8460881	8858300	0.001439	0.000934	0.000514	-0.023927
contig_4_segment0	8572395	8997667	0.036717	0.022101	0.012886	0.007354
contig_4_segment0	8705577	9295698	0.047456	0.024165	0.014555	0.011368
contig_4_segment0	8858301	9576897	0.094024	0.043926	0.025304	0.034074
contig_4_segment0	8997956	9855092	0.039502	0.017483	0.009895	0.003319
contig_4_segment0	9296452	10135559	0.088943	0.040931	0.022812	0.034540
contig_4_segment0	9576999	10467448	0.106400	0.048738	0.028145	0.048702
contig_4_segment0	9855206	10686066	0.164006	0.080750	0.045516	0.079925
contig_4_segment0	10135561	10975483	0.124990	0.057640	0.032916	0.054190
contig_4_segment0	10467817	11157808	0.082061	0.042910	0.023386	0.026661
contig_4_segment0	10686751	11353414	0.004413	0.002281	0.001241	-0.014400
contig_4_segment0	10976031	11576842	0.038178	0.021275	0.011232	0.002915
contig_4_segment0	11157810	11746750	0.000982	0.000541	0.000295	-0.011290
contig_4_segment0	11353437	11903831	0.060558	0.035289	0.018928	0.019478
contig_4_segment0	11576861	12155231	0.067250	0.044801	0.023254	0.022919
contig_4_segment0	11746854	12415293	0.091576	0.058196	0.030332	0.032832
contig_4_segment0	11904034	12653220	0.091763	0.050741	0.027839	0.030046
contig_4_segment0	12155513	12922997	0.055442	0.027549	0.015810	0.015357
contig_4_segment0	12415320	13236889	0.113346	0.056000	0.031988	0.046348
contig_4_segment0	12653221	13453735	0.125501	0.066079	0.037304	0.054819
contig_4_segment0	12925337	13638718	0.091557	0.054780	0.029884	0.029310
contig_4_segment0	13236901	13830865	0.099889	0.062316	0.034143	0.034518
contig_4_segment0	13453812	13979505	0.074433	0.047374	0.026388	0.019931
contig_4_segment0	13638733	14179767	0.124052	0.073781	0.041451	0.050928
contig_4_segment0	13830901	14431707	0.091709	0.050936	0.028085	0.034083
contig_4_segment0	13979537	14653986	0.107915	0.055239	0.030281	0.043722
contig_4_segment0	14181691	14884674	0.101452	0.051906	0.027730	0.039674
contig_4_segment0	14431793	15160214	0.197898	0.105092	0.056208	0.095330
contig_4_segment0	14654138	15422513	0.226978	0.124566	0.065099	0.116020
contig_4_segment0	14884681	15678359	0.236733	0.126254	0.068317	0.123952
contig_4_segment0	15160315	16000876	0.187352	0.099021	0.054744	0.093779
contig_4_segment0	15423320	16253215	0.194532	0.099119	0.058416	0.102896
contig_4_segment0	15679084	16567149	0.163491	0.071452	0.044240	0.081370
contig_4_segment0	16001660	16855655	0.141142	0.059684	0.036253	0.069995
contig_4_segment0	16253251	17233846	0.078328	0.029066	0.018657	0.034331
contig_4_segment0	16567154	17600690	0.263411	0.112115	0.068631	0.146339
contig_4_segment0	16855826	17808001	0.292824	0.133673	0.080453	0.159803
contig_4_segment0	17234001	18035578	0.290230	0.147395	0.081603	0.162018
contig_4_segment0	17600902	18314579	0.082473	0.042036	0.022623	0.027289
contig_4_segment0	17808148	18571982	0.078928	0.036949	0.021196	0.023753
contig_4_segment0	18035900	18950266	0.124034	0.049005	0.028492	0.047000
contig_4_segment0	18314594	19187189	0.154736	0.061877	0.035639	0.063916
contig_4_segment0	18572063	19503152	0.098733	0.035436	0.020909	0.034658
contig_4_segment0	18950268	19689267	0.136693	0.062085	0.035674	0.055887
contig_4_segment0	19187193	19840515	0.252511	0.134318	0.077783	0.126052
contig_4_segment0	19503153	20198696	0.276484	0.132842	0.080963	0.140631
contig_4_segment0	19689281	20685774	0.144782	0.056029	0.035085	0.065294
contig_4_segment0	19840731	20953550	0.194369	0.069452	0.043023	0.095690
contig_4_segment0	20198906	21149509	0.239237	0.104679	0.060804	0.119618
contig_4_segment0	20686791	21351992	0.332441	0.158221	0.095859	0.157383
contig_4_segment0	20953875	21606307	0.138538	0.059147	0.039235	0.056266
contig_4_segment0	21149520	22045898	0.041394	0.014024	0.009117	0.010564
contig_4_segment0	21359233	22582869	0.046727	0.014134	0.008924	0.013971
contig_4_segment0	21606312	23058121	0.036593	0.010440	0.006540	0.002855
contig_4_segment0	22045913	23480862	-0.023571	-0.007090	-0.004447	-0.032172
contig_4_segment0	22582874	23717392	-0.086118	-0.028721	-0.018207	-0.059312
contig_4_segment0	23058144	24493149	-0.109005	-0.028058	-0.018333	-0.070367
contig_4_segment0	23480881	24892532	-0.058336	-0.012917	-0.008638	-0.037832
contig_4_segment0	23717402	25383725	-0.038519	-0.006861	-0.004698	-0.035639
contig_4_segment0	24493726	25841313	0.035460	0.007451	0.005148	0.005934
contig_4_segment0	24892565	26444323	0.031636	0.006034	0.004233	-0.001143
contig_4_segment0	25384543	26737395	0.174865	0.046838	0.031730	0.081354
contig_4_segment0	25841328	26911717	0.137516	0.045709	0.030044	0.056382
contig_4_segment0	26445841	27315366	0.280151	0.128543	0.082063	0.146180
contig_4_segment0	26737401	27745177	0.334106	0.135503	0.086868	0.172984
contig_4_segment0	26912152	28062168	0.355953	0.116398	0.075937	0.190701
contig_4_segment0	27316012	28162403	0.225570	0.086087	0.054612	0.102438
contig_4_segment0	27749128	28590037	-0.012354	-0.003700	-0.002404	-0.017375
contig_4_segment0	28062177	28834436	-0.056221	-0.018852	-0.012255	-0.038056
contig_4_segment0	28162465	29094954	-0.122275	-0.032660	-0.021474	-0.077169
contig_4_segment0	28590038	29506946	-0.137908	-0.039850	-0.025800	-0.075115
contig_4_segment0	28834438	30335457	-0.108520	-0.019330	-0.013220	-0.068312
contig_4_segment0	29094956	30906953	-0.051933	-0.007737	-0.005359	-0.040689
contig_4_segment0	29506957	31413544	-0.015210	-0.002131	-0.001493	-0.026218
contig_4_segment0	30335463	31938274	0.026214	0.004519	0.003069	-0.007456
contig_4_segment0	30907631	31995097	0.018605	0.004849	0.003247	-0.005053
contig_4_segment0	31413551	32018502	0.051776	0.024745	0.016074	0.014674
contig_4_segment0	31944233	32374226	-0.052914	-0.032836	-0.020235	-0.022955
contig_4_segment0	31995099	32870283	0.025356	0.009109	0.005859	0.003542
contig_4_segment0	32018514	33449043	0.013250	0.003041	0.002032	-0.009482
contig_4_segment0	32374233	34083990	0.087622	0.016194	0.011591	0.025793
contig_4_segment0	32870284	34611009	0.099092	0.018318	0.013011	0.032523
contig_4_segment0	33449045	35073664	0.153681	0.040213	0.026148	0.070181
contig_4_segment0	34083994	35656853	0.131307	0.035069	0.022170	0.059145
contig_4_segment0	34611019	36089878	0.177758	0.053826	0.032877	0.091654
contig_4_segment0	35073676	36447506	0.275618	0.088722	0.054438	0.148169
contig_4_segment0	35657096	36744192	0.388469	0.166176	0.093968	0.229956
contig_4_segment0	36089962	37083581	0.588310	0.331321	0.180879	0.403498
contig_4_segment0	36447519	37371417	0.641011	0.356980	0.201308	0.450007
contig_4_segment0	36744629	37929818	0.630523	0.270740	0.167755	0.426349
contig_4_segment0	37083886	38442250	0.362066	0.097471	0.065291	0.190544
contig_4_segment0	37372597	39000452	0.259025	0.057350	0.038611	0.127557
contig_4_segment0	37929821	39577686	0.143662	0.031271	0.020874	0.063316
contig_4_segment0	38442265	40304715	0.111063	0.021553	0.014543	0.045467
contig_4_segment0	39000460	40686988	-0.072717	-0.013336	-0.009289	-0.062436
contig_4_segment0	39578330	41203702	-0.016796	-0.003175	-0.002213	-0.026500
contig_4_segment0	40304935	41395375	0.034200	0.009499	0.006515	0.008304
contig_4_segment0	40688449	41678700	0.059370	0.017793	0.011651	0.020339
contig_4_segment0	41207612	42133019	0.047617	0.015029	0.009629	0.011195
contig_4_segment0	41395377	42465919	-0.006416	-0.001842	-0.001167	-0.027106
contig_4_segment0	41678818	42850674	-0.011802	-0.002934	-0.001905	-0.032587
contig_4_segment0	42133027	43297938	0.092753	0.025156	0.015745	0.022422
contig_4_segment0	42465921	43613632	0.288251	0.084000	0.052341	0.144711
contig_4_segment0	42850675	44025457	0.299826	0.090936	0.055404	0.153731
contig_4_segment0	43297939	44446039	0.338369	0.116200	0.069819	0.191714
contig_4_segment0	43613639	44847180	0.464959	0.198307	0.111946	0.302327
contig_4_segment0	44025829	45125079	0.608549	0.345513	0.188593	0.430637
contig_4_segment0	44446147	45425666	0.587135	0.363477	0.199114	0.406828
contig_4_segment0	44847349	45825733	0.533206	0.282276	0.161763	0.348334
contig_4_segment0	45125082	46571863	0.418577	0.140871	0.086602	0.260869
contig_4_segment0	45425668	47247538	0.311340	0.077662	0.049718	0.190688
contig_4_segment0	45825744	47839755	0.166163	0.033209	0.021916	0.080743
contig_4_segment0	46571874	48412417	0.062834	0.012197	0.008062	0.017215
contig_4_segment0	47247616	48966040	0.075314	0.013604	0.009260	0.019960
contig_4_segment0	47840027	49420906	0.101633	0.019883	0.013775	0.036155
contig_4_segment0	48412556	49823104	0.067965	0.016049	0.010826	0.016905
contig_4_segment0	48966109	50238084	0.213668	0.065266	0.040695	0.112026
contig_4_segment0	49420912	50843203	0.157787	0.046364	0.028662	0.076683
contig_4_segment0	49823743	51421536	0.161948	0.045726	0.028545	0.079220
contig_4_segment0	50238127	51760076	0.140517	0.039266	0.024875	0.063245
contig_4_segment0	50843245	52443669	0.057850	0.014969	0.009425	0.008084
contig_4_segment0	51421549	53264663	0.094009	0.021780	0.014002	0.029867
contig_4_segment0	51760803	53807172	-0.075123	-0.015063	-0.009788	-0.067787
contig_4_segment0	52446826	54518373	-0.119653	-0.024437	-0.015964	-0.097633
contig_4_segment0	53264692	54563307	-0.154165	-0.040563	-0.026261	-0.096618
scaffold_13_segment0	3021	177302	0.031676	0.042377	0.024679	0.008812
scaffold_13_segment0	12704	304344	-0.017491	-0.015513	-0.008762	-0.017939
scaffold_13_segment0	81064	485880	0.012664	0.009812	0.005390	-0.007632
scaffold_13_segment0	177728	646235	0.036907	0.026855	0.014286	0.004618
scaffold_13_segment0	304357	868331	0.047891	0.032479	0.017361	0.008974
scaffold_13_segment0	485903	1116118	0.008034	0.004418	0.002547	-0.015034
scaffold_13_segment0	646252	1237333	-0.038763	-0.020782	-0.012731	-0.036892
scaffold_13_segment0	868743	1590993	-0.033637	-0.015565	-0.010548	-0.029242
