chr	windowStart	windowEnd	D	f_d	f_dM	d_f
contig_1888_segment0	55371	521568	0.196898	0.261924	0.158066	0.083460
contig_1888_segment0	260583	758769	0.186290	0.249829	0.148383	0.080169
contig_1888_segment0	350525	889085	0.192387	0.232757	0.134970	0.084182
contig_1888_segment0	521591	942214	0.155805	0.205137	0.116895	0.063684
contig_1888_segment0	758788	1056380	0.152806	0.217202	0.119760	0.061205
contig_1888_segment0	889088	1257633	0.212224	0.258208	0.135202	0.085056
contig_1888_segment0	942219	1382214	0.079940	0.077947	0.042697	0.030321
contig_1888_segment0	1056383	1794297	0.037947	0.020754	0.012605	0.005815
contig_1888_segment0	1257646	2048392	-0.057599	-0.028210	-0.017895	-0.038973
contig_1888_segment0	1382372	2298330	0.012261	0.005323	0.003349	-0.005194
contig_1888_segment0	1794311	2536808	0.014892	0.008312	0.004991	0.000780
contig_1888_segment0	2048890	2734892	0.020453	0.011907	0.006925	-0.003070
contig_1888_segment0	2298378	2859760	0.026485	0.017384	0.009646	-0.002327
contig_1888_segment0	2536970	2971623	0.032429	0.022261	0.012152	-0.005774
contig_1888_segment0	2734984	3083057	0.029904	0.022801	0.012117	-0.004380
contig_1888_segment0	2860097	3177332	0.036763	0.028533	0.015783	0.002235
contig_1888_segment0	2971663	3291734	-0.000308	-0.000234	-0.000133	-0.018985
contig_1888_segment0	3083229	3515013	-0.038113	-0.023827	-0.013917	-0.045367
contig_1888_segment0	3177386	3746905	-0.055306	-0.033229	-0.018589	-0.060167
contig_1888_segment0	3291755	3891927	-0.059405	-0.036341	-0.019680	-0.056435
contig_1888_segment0	3515020	4010703	-0.040976	-0.031061	-0.015529	-0.038110
contig_1888_segment0	3747065	4149748	0.056884	0.043358	0.022845	0.019275
contig_1888_segment0	3892109	4245817	0.058457	0.045726	0.024766	0.022091
contig_1888_segment0	4010737	4357470	0.076375	0.053111	0.030811	0.028772
contig_1888_segment0	4149791	4501326	-0.075601	-0.054364	-0.030229	-0.055699
contig_1888_segment0	4245824	4679514	-0.049824	-0.031266	-0.017645	-0.045433
contig_1888_segment0	4357520	4809265	-0.026942	-0.017320	-0.009790	-0.037346
contig_1888_segment0	4501534	4895984	0.055904	0.036767	0.021292	0.013350
contig_1888_segment0	4679586	4980403	0.035166	0.027826	0.015495	0.000041
contig_1888_segment0	4809267	5082743	0.026032	0.021953	0.011799	-0.001406
contig_1888_segment0	4896030	5195732	0.020596	0.016158	0.008670	-0.007199
contig_1888_segment0	4980410	5307802	0.008558	0.006415	0.003398	-0.017385
contig_1888_segment0	5082771	5401357	0.020088	0.015096	0.007993	-0.015878
contig_1888_segment0	5195845	5501352	-0.003441	-0.002889	-0.001479	-0.025264
contig_1888_segment0	5308122	5579407	0.011275	0.009764	0.005150	-0.014908
contig_1888_segment0	5401385	5672846	-0.081538	-0.073364	-0.037092	-0.061976
contig_1888_segment0	5501441	5801490	-0.075946	-0.059525	-0.031435	-0.061164
contig_1888_segment0	5579440	5992118	-0.052280	-0.035226	-0.019072	-0.044871
contig_1888_segment0	5672856	6123383	0.014623	0.009437	0.005223	-0.004593
contig_1888_segment0	5801520	6218991	0.015781	0.011114	0.005905	-0.006275
contig_1888_segment0	5992169	6321857	-0.001150	-0.000927	-0.000485	-0.014820
contig_1888_segment0	6123675	6453930	-0.003901	-0.003107	-0.001638	-0.017678
contig_1888_segment0	6219320	6604099	-0.015442	-0.011007	-0.006037	-0.023541
contig_1888_segment0	6321950	6775033	0.029960	0.020059	0.011222	-0.000548
contig_1888_segment0	6454079	6905389	0.022253	0.014861	0.008358	-0.008005
contig_1888_segment0	6604202	7013438	0.066735	0.045664	0.026540	0.020915
contig_1888_segment0	6775059	7128048	0.021984	0.014734	0.008691	-0.001811
contig_1888_segment0	6905481	7216376	0.010186	0.007104	0.004198	-0.003099
contig_1888_segment0	7013439	7302053	-0.039879	-0.029630	-0.016790	-0.034360
contig_1888_segment0	7128160	7384124	-0.043030	-0.034589	-0.018773	-0.037007
contig_1888_segment0	7216436	7454987	-0.037933	-0.030136	-0.016374	-0.037656
contig_1888_segment0	7302058	7531987	-0.008529	-0.006386	-0.003570	-0.024034
contig_1888_segment0	7384146	7597392	0.004588	0.003242	0.001888	-0.013811
contig_1888_segment0	7455056	7680387	-0.009350	-0.006408	-0.003819	-0.019091
contig_1888_segment0	7532009	7749886	0.021081	0.014768	0.008872	0.001517
contig_1888_segment0	7597491	7818899	-0.006347	-0.004822	-0.002699	-0.021069
contig_1888_segment0	7680484	7903893	0.018928	0.014038	0.007910	-0.006757
contig_1888_segment0	7749904	7992204	0.016382	0.011644	0.006545	-0.010200
contig_1888_segment0	7818969	8080769	0.042527	0.028959	0.016928	0.008053
contig_1888_segment0	7903928	8165924	0.034335	0.023704	0.013760	0.000575
contig_1888_segment0	7992333	8246145	0.021320	0.015352	0.008847	-0.007802
contig_1888_segment0	8080776	8320406	0.032487	0.023815	0.013789	0.000636
contig_1888_segment0	8166066	8406048	0.040989	0.030543	0.017703	0.011983
contig_1888_segment0	8246233	8513039	0.024152	0.017606	0.010049	0.004022
contig_1888_segment0	8320595	8615143	-0.017443	-0.012628	-0.007052	-0.017969
contig_1888_segment0	8406164	8711455	-0.025629	-0.018885	-0.010434	-0.027936
contig_1888_segment0	8513212	8824169	-0.012191	-0.009385	-0.005198	-0.020938
contig_1888_segment0	8615208	8973103	0.017534	0.012998	0.007165	-0.009911
contig_1888_segment0	8711482	9108391	0.038119	0.028343	0.015504	0.003868
contig_1888_segment0	8824182	9273108	0.037138	0.026855	0.014604	-0.000640
contig_1888_segment0	8973110	9484577	0.044517	0.030599	0.017012	0.007363
contig_1888_segment0	9108487	9697537	0.066512	0.041522	0.023587	0.019371
contig_1888_segment0	9273328	9833628	0.065653	0.038977	0.022681	0.022575
contig_1888_segment0	9485068	9959887	0.051202	0.031242	0.018015	0.010413
contig_1888_segment0	9697625	10090346	0.014225	0.009110	0.005181	-0.011782
contig_1888_segment0	9833821	10263844	-0.008195	-0.005440	-0.003038	-0.027763
contig_1888_segment0	9960100	10455751	0.005992	0.003855	0.002219	-0.016543
contig_1888_segment0	10090561	10583617	0.033777	0.021412	0.012463	-0.001510
contig_1888_segment0	10264248	10687191	0.066459	0.041754	0.024739	0.020077
contig_1888_segment0	10455888	10781495	0.051812	0.035504	0.020529	0.010432
contig_1888_segment0	10584098	10871685	0.027268	0.019640	0.011348	0.000944
contig_1888_segment0	10687195	10997091	0.014320	0.010433	0.005994	-0.007113
contig_1888_segment0	10782123	11393826	0.009782	0.006009	0.003512	-0.005538
contig_1888_segment0	10871900	11613455	0.033880	0.021277	0.012793	0.011027
contig_235_segment0	4291	56871	0.019476	0.061680	0.034401	0.008827
contig_235_segment0	12514	66292	0.010318	0.035441	0.019248	0.002121
contig_235_segment0	41279	82846	-0.026269	-0.099507	-0.048449	-0.015109
contig_235_segment0	56874	95330	-0.025576	-0.106295	-0.051684	-0.013665
contig_235_segment0	66293	117607	-0.001845	-0.006294	-0.003140	0.001476
contig_235_segment0	83156	133528	0.035396	0.116073	0.061575	0.018478
contig_235_segment0	95363	150304	0.043405	0.130270	0.071352	0.021062
scaffold_335_segment0	133542	181992	0.089252	0.185301	0.104334	0.036378
scaffold_335_segment0	150322	309202	0.119285	0.211944	0.114658	0.047762
scaffold_335_segment0	18396	655376	0.275886	0.286510	0.152608	0.124692
scaffold_335_segment0	183545	995145	0.376877	0.280263	0.156692	0.194728
scaffold_335_segment0	309204	1224822	0.432421	0.262878	0.149813	0.252128
scaffold_335_segment0	655455	1281713	0.338952	0.220024	0.126893	0.182538
scaffold_335_segment0	995150	1289869	0.186188	0.167547	0.095572	0.080287
scaffold_335_segment0	1224863	1395148	0.037778	0.047625	0.025859	0.007747
scaffold_335_segment0	1281714	1672496	-0.000865	-0.000738	-0.000417	-0.012516
scaffold_335_segment0	1289870	1904480	0.026362	0.016657	0.009559	-0.001056
scaffold_335_segment0	1395364	2139781	0.020511	0.011606	0.006725	-0.002891
scaffold_335_segment0	1672757	2333127	0.063705	0.038237	0.022246	0.021786
scaffold_335_segment0	1904490	2488553	0.046430	0.027995	0.016116	0.008302
scaffold_335_segment0	2140081	2628661	0.021102	0.013208	0.007773	-0.004332
scaffold_335_segment0	2333253	2743220	-0.011296	-0.007358	-0.004250	-0.023789
scaffold_335_segment0	2488658	2848831	-0.032984	-0.024146	-0.013928	-0.033375
scaffold_335_segment0	2628681	2983810	0.000143	0.000106	0.000062	-0.016668
scaffold_335_segment0	2743243	3186632	0.051447	0.033817	0.020006	0.012517
scaffold_335_segment0	2848875	3402855	0.115647	0.070382	0.040514	0.052256
scaffold_335_segment0	2984059	3555914	0.126223	0.070759	0.041172	0.058045
scaffold_335_segment0	3187270	3679943	0.072810	0.042926	0.024737	0.025476
scaffold_335_segment0	3403138	3830090	0.064380	0.038244	0.021922	0.018302
scaffold_335_segment0	3556443	3970399	0.031963	0.019882	0.011088	-0.001880
scaffold_335_segment0	3680107	4117412	0.073723	0.045711	0.025558	0.023153
scaffold_335_segment0	3830123	4217827	0.029174	0.019036	0.010631	0.000722
scaffold_335_segment0	3970460	4504237	0.098436	0.056491	0.031732	0.039966
scaffold_335_segment0	4117436	4704806	0.074685	0.038273	0.022017	0.024222
scaffold_335_segment0	4218217	4823468	0.079987	0.040692	0.023614	0.022597
scaffold_335_segment0	4504253	4927709	0.008362	0.005081	0.002865	-0.016110
scaffold_335_segment0	4704862	5044856	-0.023535	-0.017568	-0.009069	-0.035791
scaffold_335_segment0	4823585	5148322	-0.030020	-0.022145	-0.011568	-0.037869
scaffold_335_segment0	4927771	5208409	-0.033445	-0.025818	-0.013594	-0.038348
scaffold_335_segment0	5045224	5272811	-0.005556	-0.004551	-0.002463	-0.020618
scaffold_335_segment0	5148485	5460953	0.021739	0.016347	0.009058	-0.005377
scaffold_335_segment0	5208414	5589206	0.064168	0.044818	0.024452	0.016151
scaffold_335_segment0	5272833	5688999	0.109654	0.073234	0.039851	0.041898
scaffold_335_segment0	5461002	5817714	0.116447	0.081697	0.043006	0.044535
scaffold_335_segment0	5589221	5946003	0.118491	0.087359	0.045606	0.048460
scaffold_335_segment0	5689084	6054704	0.041248	0.027764	0.015144	0.003018
scaffold_335_segment0	5817837	6144325	0.014543	0.009995	0.005574	-0.008987
scaffold_335_segment0	5946016	6264203	0.011717	0.007270	0.004320	-0.006007
scaffold_335_segment0	6054718	6363051	0.013438	0.008354	0.005107	-0.003346
scaffold_335_segment0	6144376	6449172	0.005932	0.003814	0.002360	-0.007245
scaffold_335_segment0	6264313	6549458	-0.008450	-0.005627	-0.003428	-0.021269
scaffold_335_segment0	6363083	6632973	0.018439	0.012644	0.007525	-0.004696
scaffold_335_segment0	6449262	6663626	0.055693	0.041333	0.024507	0.018518
scaffold_335_segment0	6549459	6698840	0.042861	0.035378	0.020589	0.010577
scaffold_335_segment0	6633005	6771664	0.033239	0.032924	0.018819	0.008468
scaffold_335_segment0	6663631	6924444	0.019342	0.013494	0.008014	-0.006667
scaffold_335_segment0	6698875	7072271	0.001301	0.000824	0.000491	-0.016833
scaffold_335_segment0	6771667	7209653	-0.047340	-0.025718	-0.015866	-0.046140
scaffold_335_segment0	6924857	7327097	-0.056736	-0.031965	-0.019408	-0.047786
scaffold_335_segment0	7072460	7481048	-0.033658	-0.019062	-0.011643	-0.037921
scaffold_335_segment0	7209757	7734220	0.079587	0.047410	0.027779	0.029484
scaffold_335_segment0	7327192	7896926	0.072861	0.042178	0.024425	0.022573
scaffold_335_segment0	7481539	8127138	0.066901	0.038726	0.021786	0.020707
scaffold_335_segment0	7734288	8319797	-0.003471	-0.001876	-0.001087	-0.021528
scaffold_335_segment0	7896990	8559896	-0.004211	-0.002180	-0.001272	-0.017742
scaffold_335_segment0	8127139	8741321	0.010958	0.005557	0.003306	-0.014726
scaffold_335_segment0	8319829	8942790	0.031755	0.016836	0.009805	-0.002671
scaffold_335_segment0	8560314	9148152	0.039073	0.020529	0.011974	-0.001387
scaffold_335_segment0	8741572	9325984	0.087012	0.044735	0.026571	0.032165
scaffold_335_segment0	8944200	9585795	0.093436	0.046001	0.026955	0.034200
scaffold_335_segment0	9148412	9828391	0.158999	0.082776	0.049414	0.076395
scaffold_335_segment0	9325991	10104246	0.107897	0.056550	0.033359	0.046319
scaffold_335_segment0	9586678	10325249	0.094954	0.055101	0.032055	0.044830
scaffold_335_segment0	9828624	10554007	0.007357	0.003950	0.002336	-0.004413
scaffold_335_segment0	10104263	10826603	0.023850	0.011561	0.007085	0.000854
scaffold_335_segment0	10325272	11027896	0.072476	0.032705	0.021102	0.027995
scaffold_335_segment0	10554009	11200130	0.111454	0.057285	0.035715	0.045935
scaffold_335_segment0	10826711	11447923	0.197828	0.112526	0.066737	0.091686
scaffold_335_segment0	11027928	11619135	0.126466	0.076555	0.041921	0.050991
scaffold_335_segment0	11200136	11816554	0.151819	0.079097	0.045719	0.067821
scaffold_335_segment0	11447959	12025843	0.062268	0.032566	0.018871	0.013937
scaffold_335_segment0	11619136	12285438	0.128975	0.061426	0.036772	0.058881
scaffold_335_segment0	11816887	12437768	0.071775	0.034858	0.020650	0.025030
scaffold_335_segment0	12026351	12600279	0.041977	0.021424	0.012584	0.008605
scaffold_335_segment0	12285455	12907029	0.078346	0.037054	0.022164	0.029322
scaffold_335_segment0	12437807	13159197	0.100050	0.049624	0.028989	0.042746
scaffold_335_segment0	12600281	13456674	0.156545	0.072856	0.042537	0.081830
scaffold_335_segment0	12907153	13742380	0.127309	0.060860	0.034839	0.059263
scaffold_335_segment0	13159232	14020682	0.244719	0.113229	0.065584	0.136872
scaffold_335_segment0	13456834	14332249	0.187355	0.085333	0.048003	0.097210
scaffold_335_segment0	13743194	14689002	0.168795	0.070558	0.041298	0.083560
scaffold_335_segment0	14020688	15246532	0.120284	0.038936	0.024276	0.052405
scaffold_335_segment0	14332283	15645607	0.066950	0.021434	0.013815	0.021653
scaffold_335_segment0	14689051	15990938	0.040269	0.014018	0.008970	0.006872
scaffold_335_segment0	15246701	16439484	-0.019082	-0.007194	-0.004465	-0.031895
scaffold_335_segment0	15645916	16678307	0.158374	0.064820	0.039083	0.078669
scaffold_335_segment0	15991277	16896845	0.134590	0.056206	0.034443	0.063670
scaffold_335_segment0	16439489	17038740	0.152739	0.081089	0.048568	0.075571
scaffold_335_segment0	16678482	17266866	0.114808	0.056493	0.035663	0.055245
scaffold_335_segment0	16896913	17514820	0.169471	0.081275	0.048476	0.086821
scaffold_335_segment0	17039259	17743898	0.216568	0.103017	0.061745	0.119957
scaffold_335_segment0	17266873	17897606	0.190649	0.099459	0.058641	0.104862
scaffold_335_segment0	17515217	18085875	0.143902	0.076048	0.046366	0.075862
scaffold_335_segment0	17744045	18265805	0.085671	0.041819	0.026111	0.039804
scaffold_335_segment0	17897660	18501961	0.062642	0.028385	0.018097	0.026845
scaffold_335_segment0	18085901	18737433	0.116994	0.056656	0.036108	0.057862
scaffold_335_segment0	18265880	18969435	0.162960	0.073983	0.046163	0.080909
scaffold_335_segment0	18502608	19311835	0.166198	0.072389	0.043348	0.079547
scaffold_335_segment0	18737440	19657569	0.237873	0.113190	0.063183	0.129075
scaffold_335_segment0	18969463	19974757	0.305654	0.170923	0.088436	0.185602
scaffold_335_segment0	19311898	20249781	0.374833	0.237475	0.118350	0.236033
scaffold_335_segment0	19657599	20566263	0.314759	0.173659	0.092757	0.187550
scaffold_335_segment0	19974785	20858235	0.175739	0.090724	0.049119	0.083557
scaffold_335_segment0	20249784	21087727	0.103197	0.054784	0.030298	0.040033
scaffold_335_segment0	20566270	21386577	0.001578	0.000792	0.000447	-0.014180
scaffold_335_segment0	20858238	21632642	0.117168	0.063744	0.036141	0.057270
scaffold_335_segment0	21087744	21878310	0.174665	0.092674	0.051974	0.097322
scaffold_335_segment0	21386580	22140327	0.279482	0.145478	0.078921	0.176066
scaffold_335_segment0	21632645	22370185	0.186436	0.088510	0.049088	0.100178
scaffold_335_segment0	21878311	22773668	0.061467	0.025546	0.014941	0.015194
scaffold_335_segment0	22140346	23029425	-0.033915	-0.015422	-0.009706	-0.031651
scaffold_335_segment0	22370190	23493157	0.149697	0.062920	0.039190	0.070075
scaffold_335_segment0	22773670	24063266	0.260061	0.084732	0.055937	0.140544
scaffold_335_segment0	23029855	24735780	0.182493	0.043049	0.029155	0.090214
scaffold_335_segment0	23493281	25314173	0.081191	0.019030	0.013147	0.036157
scaffold_335_segment0	24064187	25833668	0.203494	0.059361	0.037262	0.106673
scaffold_335_segment0	24735781	26418773	0.269280	0.088919	0.053690	0.163290
scaffold_335_segment0	25315480	26686592	0.299073	0.095506	0.057935	0.178352
scaffold_335_segment0	25833947	26823134	0.116949	0.043605	0.026589	0.054879
scaffold_335_segment0	26419146	26986271	0.049370	0.027854	0.015679	0.013652
scaffold_335_segment0	26687053	27263427	0.029949	0.019857	0.010631	0.004642
scaffold_335_segment0	26823521	27523742	0.208245	0.123624	0.072679	0.117553
scaffold_335_segment0	26986355	27695238	0.290058	0.158409	0.098378	0.175457
scaffold_335_segment0	27263784	27924725	0.368858	0.212440	0.132609	0.219431
scaffold_335_segment0	27524247	28371535	0.375213	0.189965	0.117868	0.212694
scaffold_335_segment0	27695242	28582445	0.385758	0.197815	0.119438	0.204029
scaffold_335_segment0	27925072	28964074	0.299653	0.125196	0.080591	0.141071
scaffold_335_segment0	28371536	29057543	0.140188	0.076514	0.049864	0.050087
scaffold_335_segment0	28582450	29459912	0.001850	0.000821	0.000570	-0.009392
scaffold_335_segment0	28964365	29724980	0.109038	0.056269	0.037364	0.043509
scaffold_335_segment0	29057559	30023552	0.247657	0.111992	0.070332	0.138544
scaffold_335_segment0	29462140	30490306	0.313431	0.131759	0.081029	0.174013
scaffold_335_segment0	29726397	30718655	0.261983	0.109508	0.066938	0.145246
scaffold_335_segment0	30023559	30914944	0.097661	0.038550	0.024863	0.042831
scaffold_335_segment0	30491957	31041949	0.077994	0.040247	0.025375	0.032238
scaffold_335_segment0	30719058	31186719	0.014183	0.008138	0.005134	-0.002787
scaffold_335_segment0	30914952	31426238	-0.027352	-0.017080	-0.010160	-0.025097
scaffold_335_segment0	31042227	31669256	-0.014216	-0.008695	-0.005110	-0.016947
scaffold_335_segment0	31186738	31888346	0.061749	0.035629	0.021444	0.027627
scaffold_335_segment0	31426245	32301783	0.208813	0.104475	0.064759	0.121285
scaffold_335_segment0	31669294	32741983	0.247813	0.092233	0.058726	0.128542
scaffold_335_segment0	31888387	33218122	0.308224	0.104787	0.067183	0.156954
scaffold_335_segment0	32301786	33556271	0.245483	0.085027	0.054784	0.116502
scaffold_335_segment0	32744135	33988862	0.180578	0.060371	0.040285	0.084018
scaffold_335_segment0	33218228	34325521	-0.042317	-0.014474	-0.009457	-0.052131
scaffold_335_segment0	33556274	34656640	-0.040695	-0.014730	-0.009457	-0.049761
scaffold_335_segment0	33988872	34851234	0.068377	0.033111	0.020428	0.025183
scaffold_335_segment0	34326044	34936746	0.186695	0.113142	0.070816	0.098451
scaffold_335_segment0	34656648	35099638	0.170217	0.121751	0.079012	0.085216
scaffold_335_segment0	34851243	35357477	0.141848	0.093640	0.058144	0.068853
scaffold_335_segment0	34936772	35768912	0.161240	0.087179	0.051926	0.073934
scaffold_335_segment0	35099677	36008546	0.174523	0.097313	0.053625	0.082302
scaffold_335_segment0	35357480	36474653	0.127974	0.065667	0.036372	0.052231
scaffold_335_segment0	35768913	36777400	0.165259	0.093514	0.050796	0.076839
scaffold_335_segment0	36008817	37057355	0.200734	0.100208	0.056750	0.099183
scaffold_335_segment0	36475545	37261477	0.168809	0.099346	0.053901	0.084548
scaffold_335_segment0	36778055	37407013	0.126865	0.074905	0.041140	0.058068
scaffold_335_segment0	37057388	37534402	-0.068095	-0.048237	-0.026863	-0.051767
scaffold_335_segment0	37261534	37704461	-0.040601	-0.031240	-0.018312	-0.018722
scaffold_335_segment0	37407020	37906426	0.008692	0.006554	0.004006	0.006214
scaffold_335_segment0	37534665	38169662	0.149324	0.101571	0.056789	0.067544
scaffold_335_segment0	37704462	38487761	0.215394	0.129507	0.069186	0.093029
scaffold_335_segment0	37906467	38755119	0.365096	0.225377	0.122261	0.180168
scaffold_335_segment0	38169988	38922980	0.510933	0.362937	0.210067	0.285676
scaffold_335_segment0	38487955	39172122	0.494454	0.345789	0.197961	0.311040
scaffold_335_segment0	38755236	39373992	0.282074	0.192590	0.102497	0.153551
scaffold_335_segment0	38923251	39570987	0.140451	0.091411	0.046234	0.058747
scaffold_335_segment0	39172309	39871332	0.057948	0.035233	0.018565	0.014039
scaffold_335_segment0	39374010	40186953	0.115470	0.055598	0.033550	0.050566
scaffold_335_segment0	39571001	40351213	0.008527	0.003850	0.002464	-0.006149
scaffold_335_segment0	39871470	40482067	-0.083450	-0.040015	-0.026853	-0.048219
scaffold_335_segment0	40187080	40608903	-0.090745	-0.064707	-0.039146	-0.051068
scaffold_335_segment0	40351439	40765717	0.013884	0.009931	0.005860	0.001921
scaffold_335_segment0	40482070	40907700	0.144477	0.103442	0.062956	0.065535
scaffold_335_segment0	40609117	41048891	0.153217	0.108196	0.065561	0.065000
scaffold_335_segment0	40765800	41239062	0.091229	0.064791	0.037993	0.042000
scaffold_335_segment0	40907709	41470622	0.075497	0.050256	0.029076	0.034572
scaffold_335_segment0	41048900	41677517	0.135271	0.080178	0.046008	0.068143
scaffold_335_segment0	41239077	41841233	0.205280	0.129751	0.074504	0.099728
scaffold_335_segment0	41471706	42000264	0.107104	0.069282	0.037760	0.045039
scaffold_335_segment0	41678208	42190710	0.077441	0.055187	0.027525	0.025632
scaffold_335_segment0	41841626	42556499	0.029858	0.016560	0.008291	0.001017
scaffold_335_segment0	42000614	42881558	0.030948	0.015480	0.008481	0.001863
scaffold_335_segment0	42190718	43181893	0.075075	0.033952	0.019190	0.025801
scaffold_335_segment0	42556632	43531893	0.196957	0.089176	0.052351	0.103342
scaffold_335_segment0	42881562	43795193	0.333194	0.164868	0.093949	0.196528
scaffold_335_segment0	43181901	44361731	0.250935	0.105253	0.064224	0.140358
scaffold_335_segment0	43531922	44772883	0.278874	0.123396	0.075002	0.163755
scaffold_335_segment0	43795209	45119280	0.207731	0.085669	0.050464	0.101495
scaffold_335_segment0	44364822	45362286	0.272709	0.150574	0.082943	0.139517
scaffold_335_segment0	44772931	45644648	0.174311	0.091456	0.050565	0.075565
scaffold_335_segment0	45119460	45995370	0.029308	0.015606	0.008921	0.003998
scaffold_335_segment0	45362307	46331419	0.002530	0.001213	0.000696	-0.012337
scaffold_335_segment0	45644669	46610664	0.043562	0.020507	0.012090	0.011167
scaffold_335_segment0	45995628	46837119	0.106745	0.048652	0.028993	0.045655
scaffold_335_segment0	46331420	47053497	0.090034	0.042835	0.025999	0.042622
scaffold_335_segment0	46610670	47237502	0.094325	0.051916	0.030116	0.046666
scaffold_335_segment0	46837127	47442419	0.165846	0.100701	0.057077	0.087450
scaffold_335_segment0	47053503	47653251	0.176499	0.109152	0.062167	0.088027
scaffold_335_segment0	47237504	47780582	0.145429	0.085799	0.050698	0.067371
scaffold_335_segment0	47442428	47998872	0.162856	0.090171	0.054577	0.084425
scaffold_335_segment0	47653297	48150382	0.145726	0.083503	0.048452	0.070954
scaffold_335_segment0	47780751	48376561	0.095643	0.051065	0.029365	0.040347
scaffold_335_segment0	47999883	48543601	-0.018827	-0.010493	-0.005854	-0.027115
scaffold_335_segment0	48150512	48723641	-0.024848	-0.013097	-0.007682	-0.028677
scaffold_335_segment0	48376597	48877410	-0.010503	-0.006398	-0.003510	-0.023563
scaffold_335_segment0	48544343	49059269	0.034244	0.020458	0.011634	0.004941
scaffold_335_segment0	48723664	49314735	0.033565	0.018448	0.010815	0.003003
scaffold_335_segment0	48877416	49512620	0.014139	0.006980	0.004391	-0.004614
scaffold_335_segment0	49059273	49719483	-0.000165	-0.000080	-0.000049	-0.012695
scaffold_335_segment0	49314739	49860555	0.016388	0.008914	0.005418	0.000351
scaffold_335_segment0	49512808	50028095	-0.009555	-0.005799	-0.003270	-0.017007
scaffold_335_segment0	49719486	50190372	0.004378	0.002643	0.001509	-0.010410
scaffold_335_segment0	49860560	50303723	0.019239	0.012301	0.006737	-0.007606
scaffold_335_segment0	50028159	50496573	0.020142	0.012307	0.007058	-0.004726
scaffold_335_segment0	50190373	50671504	-0.031464	-0.020202	-0.011375	-0.031356
scaffold_335_segment0	50303760	50865939	-0.075612	-0.043366	-0.024847	-0.051286
scaffold_335_segment0	50496628	51067270	-0.056619	-0.032810	-0.018492	-0.043161
scaffold_335_segment0	50671580	51369912	0.015359	0.008274	0.004642	-0.009227
scaffold_335_segment0	50865974	51594662	0.020180	0.011002	0.006222	-0.004948
scaffold_335_segment0	51067572	51774523	0.038646	0.020489	0.011752	0.004118
scaffold_335_segment0	51370060	51971831	-0.049009	-0.028724	-0.016621	-0.044015
scaffold_335_segment0	51594667	52215460	-0.028633	-0.016449	-0.009634	-0.033458
scaffold_335_segment0	51775056	52429949	-0.000208	-0.000122	-0.000071	-0.014784
scaffold_335_segment0	51971870	52627288	0.063044	0.033622	0.019972	0.026333
scaffold_335_segment0	52215545	52764445	0.072389	0.039821	0.023558	0.034338
scaffold_335_segment1	51778	491691	0.013225	0.008289	0.004653	-0.006519
scaffold_335_segment1	171358	653227	0.010033	0.005868	0.003436	-0.009054
scaffold_335_segment1	333642	838467	-0.040145	-0.022976	-0.013413	-0.041926
scaffold_335_segment1	491717	943119	-0.051057	-0.031371	-0.018054	-0.053283
scaffold_335_segment1	653404	1050392	-0.016280	-0.010406	-0.006040	-0.035224
scaffold_335_segment1	838501	1170454	0.068070	0.044808	0.026616	0.013244
scaffold_335_segment1	943164	1276621	0.072067	0.046415	0.028306	0.019206
scaffold_335_segment1	1050402	1384717	0.039222	0.025419	0.015110	-0.000803
scaffold_335_segment1	1170529	1498255	0.021454	0.014699	0.008605	-0.002277
scaffold_335_segment1	1276897	1637821	0.087315	0.060239	0.034242	0.037666
scaffold_335_segment1	1384796	1804436	0.069808	0.047237	0.027273	0.027702
scaffold_335_segment1	1498289	1934109	0.039649	0.025382	0.014721	0.008112
scaffold_335_segment1	1638264	2015747	-0.027328	-0.018003	-0.010607	-0.031066
scaffold_335_segment1	1804632	2092885	0.006110	0.004138	0.002449	-0.008947
scaffold_335_segment1	1934243	2150042	0.004740	0.003640	0.002114	-0.006021
scaffold_335_segment1	2015768	2218832	0.030132	0.024406	0.014294	0.006835
scaffold_335_segment1	2092888	2301847	0.024421	0.021297	0.011906	0.004246
scaffold_335_segment1	2150043	2398212	0.022941	0.018328	0.010200	-0.003060
scaffold_335_segment1	2218873	2502287	0.001872	0.001354	0.000746	-0.018065
scaffold_335_segment1	2301849	2581981	-0.003656	-0.002616	-0.001481	-0.025679
scaffold_335_segment1	2398214	2647609	-0.005315	-0.004060	-0.002334	-0.022379
scaffold_335_segment1	2502636	2724013	-0.006156	-0.005032	-0.002874	-0.019783
scaffold_335_segment1	2582006	2808560	0.016497	0.012949	0.007410	-0.005883
scaffold_335_segment1	2647637	2895616	0.020504	0.014594	0.008492	-0.006334
scaffold_335_segment1	2724015	2974666	0.036052	0.025611	0.015055	0.004863
scaffold_335_segment1	2808669	3038371	0.008986	0.006599	0.003858	-0.010804
scaffold_335_segment1	2895672	3094578	0.008422	0.006921	0.003910	-0.008684
scaffold_335_segment1	2974892	3131136	-0.011916	-0.010663	-0.005984	-0.020316
scaffold_335_segment1	3038439	3172560	0.013580	0.012852	0.007101	-0.007245
scaffold_335_segment1	3094595	3205088	0.003626	0.003437	0.001886	-0.025127
scaffold_335_segment1	3131196	3249830	0.033084	0.030117	0.016365	-0.015695
scaffold_335_segment1	3172565	3291425	0.040256	0.033525	0.018888	-0.016497
scaffold_335_segment1	3205103	3330493	0.060128	0.049071	0.027869	0.001821
scaffold_335_segment1	3249843	3367996	0.038468	0.030998	0.017968	-0.006689
scaffold_335_segment1	3292040	3400277	0.003875	0.003371	0.001939	-0.020192
scaffold_335_segment1	3330494	3445842	-0.027874	-0.023814	-0.013947	-0.030667
scaffold_335_segment1	3368025	3498337	-0.021559	-0.018616	-0.010752	-0.025365
scaffold_335_segment1	3400296	3554743	-0.025120	-0.020870	-0.012007	-0.031476
scaffold_335_segment1	3445851	3616513	-0.007672	-0.006576	-0.003737	-0.026234
scaffold_335_segment1	3498360	3700293	-0.012144	-0.009993	-0.005637	-0.031672
scaffold_335_segment1	3554889	3782621	0.045500	0.036462	0.020986	0.003190
scaffold_335_segment1	3616517	3851746	0.046449	0.035862	0.020856	0.005358
scaffold_335_segment1	3700597	3914968	0.011851	0.009886	0.005766	-0.006943
scaffold_335_segment1	3782873	3953459	-0.059768	-0.054220	-0.030752	-0.044353
scaffold_335_segment1	3851754	4001106	-0.055838	-0.050960	-0.029212	-0.046785
scaffold_335_segment1	3914969	4053137	0.033008	0.029168	0.016912	-0.007063
scaffold_335_segment1	3953470	4098493	0.086406	0.070096	0.041100	0.014593
scaffold_335_segment1	4001187	4146136	0.091811	0.076948	0.042512	0.017586
scaffold_335_segment1	4053188	4201449	0.002855	0.002346	0.001284	-0.029975
scaffold_335_segment1	4098552	4274900	0.007565	0.006386	0.003495	-0.022095
scaffold_335_segment1	4146147	4357755	-0.043105	-0.036329	-0.020734	-0.049864
scaffold_335_segment1	4201456	4471686	0.010418	0.007850	0.004838	-0.015698
scaffold_335_segment1	4274909	4713542	0.036382	0.026364	0.016679	0.002260
scaffold_335_segment1	4357766	4809455	0.088070	0.073468	0.048341	0.035030
scaffold_335_segment1	4471699	4824916	0.072846	0.100384	0.063602	0.028462
scaffold_430_segment0	7511	302162	0.067845	0.074866	0.039699	0.024989
scaffold_430_segment0	27971	584300	0.162279	0.106472	0.063467	0.067384
scaffold_430_segment0	44919	813825	0.163274	0.084643	0.051010	0.068621
scaffold_430_segment0	302176	948305	0.263972	0.141999	0.085720	0.125283
scaffold_430_segment0	584301	1296268	0.178159	0.084893	0.051759	0.078820
scaffold_430_segment0	813827	1651039	0.165832	0.061695	0.039324	0.074262
scaffold_430_segment0	948308	1878229	0.092042	0.027598	0.018305	0.029256
scaffold_430_segment0	1296979	2143185	0.160790	0.046361	0.031398	0.067928
scaffold_430_segment0	1651044	2393147	0.192535	0.065641	0.041744	0.081614
scaffold_430_segment0	1878234	2578401	0.212513	0.088463	0.053767	0.097646
scaffold_430_segment0	2143212	2706484	0.113483	0.062194	0.035455	0.040882
scaffold_430_segment0	2393168	2853014	0.199017	0.134714	0.075598	0.092676
scaffold_430_segment0	2578415	3137984	0.112939	0.058102	0.033988	0.046604
scaffold_430_segment0	2706496	3311813	0.113951	0.054799	0.031947	0.043953
scaffold_430_segment0	2853460	3545354	0.087607	0.038746	0.022643	0.031051
scaffold_430_segment0	3137991	3915174	0.106943	0.041361	0.025708	0.034292
scaffold_430_segment0	3311853	4083663	0.247372	0.100144	0.062581	0.108643
scaffold_430_segment0	3545362	4266616	0.166233	0.061173	0.040530	0.058919
scaffold_430_segment0	3915175	4425931	0.177385	0.078424	0.052330	0.063645
scaffold_430_segment0	4083686	4648581	0.132267	0.045288	0.031642	0.045403
scaffold_430_segment0	4266866	4925901	0.128964	0.042233	0.029654	0.049416
scaffold_430_segment0	4425943	5149205	0.174115	0.060043	0.040215	0.075845
scaffold_430_segment0	4648586	5490140	0.140191	0.049141	0.031951	0.061676
scaffold_430_segment0	4925946	5744797	0.157935	0.055677	0.036388	0.071524
scaffold_430_segment0	5149208	5957420	0.205350	0.072770	0.048487	0.102566
scaffold_430_segment0	5491062	6140951	0.156960	0.063793	0.041384	0.073865
scaffold_430_segment0	5746853	6355599	0.329176	0.163774	0.099947	0.188324
scaffold_430_segment0	5957482	6571489	0.348640	0.186264	0.110837	0.198499
scaffold_430_segment0	6141175	6856459	0.382733	0.189874	0.117733	0.215840
scaffold_430_segment0	6355606	7088885	0.268593	0.128718	0.078700	0.132810
scaffold_430_segment0	6571500	7308978	0.232743	0.115598	0.069419	0.113074
scaffold_430_segment0	6856461	7603506	0.217011	0.106403	0.064305	0.102520
scaffold_430_segment0	7088894	7690873	0.113544	0.064787	0.040758	0.046862
scaffold_430_segment0	7308988	7937978	0.070841	0.040387	0.025978	0.026674
scaffold_430_segment0	7603510	8197917	0.065268	0.037039	0.023785	0.022224
scaffold_430_segment0	7691250	8594695	0.044052	0.016563	0.010730	0.008492
scaffold_430_segment0	7938078	8824950	0.050823	0.018093	0.011742	0.009929
scaffold_430_segment0	8197919	9166065	0.073234	0.023001	0.015329	0.023915
scaffold_430_segment0	8594700	9518066	0.063390	0.019100	0.013113	0.017635
scaffold_430_segment0	8824952	9798437	-0.004904	-0.001202	-0.000838	-0.017765
scaffold_430_segment0	9166068	9967356	-0.018950	-0.005163	-0.003464	-0.027452
scaffold_430_segment0	9518072	10348031	0.083002	0.026286	0.016441	0.022647
scaffold_430_segment0	9798698	10598529	0.186436	0.081283	0.047481	0.083159
scaffold_430_segment0	9967367	10935589	0.154289	0.058283	0.035883	0.067130
scaffold_430_segment0	10348034	11241503	0.260787	0.099496	0.063087	0.137473
scaffold_430_segment0	10598537	11285610	0.216493	0.088460	0.057775	0.095947
scaffold_430_segment0	10936293	11297085	0.254529	0.173300	0.108451	0.099863
scaffold_430_segment0	11242255	11448332	0.057151	0.068572	0.042552	0.013855
scaffold_430_segment0	11285616	11708007	0.061325	0.040736	0.024193	0.012161
scaffold_430_segment0	11297105	11862642	0.180952	0.086902	0.051974	0.073051
scaffold_430_segment0	11448452	12035251	0.223397	0.104319	0.060718	0.104326
scaffold_430_segment0	11708008	12208122	0.267723	0.133173	0.078736	0.123353
scaffold_430_segment0	11862643	12382987	0.121225	0.058571	0.034991	0.041167
scaffold_430_segment0	12035256	12637059	0.082099	0.036469	0.023070	0.024467
scaffold_430_segment0	12208268	12780072	0.029999	0.014425	0.008963	-0.000152
scaffold_430_segment0	12383009	12874841	0.057803	0.033973	0.020434	0.017007
scaffold_430_segment0	12637094	13013993	0.030503	0.023886	0.013754	0.001742
scaffold_430_segment0	12780151	13241328	0.069225	0.037315	0.023294	0.018177
scaffold_430_segment0	12874844	13699062	0.128132	0.044749	0.028742	0.046828
scaffold_430_segment0	13013995	13963704	0.064165	0.020502	0.013111	0.015733
scaffold_430_segment0	13241387	14249922	-0.052297	-0.015593	-0.010157	-0.047481
scaffold_430_segment0	13699094	14487907	0.198806	0.082670	0.052596	0.101265
scaffold_430_segment0	13963710	14788571	0.301438	0.121282	0.076693	0.176379
scaffold_430_segment0	14250594	15052689	0.362627	0.166738	0.102190	0.213839
scaffold_430_segment0	14487930	15480887	0.134646	0.042367	0.027037	0.050962
scaffold_430_segment0	14788588	15650481	0.055475	0.018073	0.011517	0.009386
scaffold_430_segment0	15052690	15867276	0.154691	0.053134	0.033461	0.063401
scaffold_430_segment0	15480907	16033019	0.141999	0.072067	0.042939	0.062234
scaffold_430_segment0	15650482	16211953	0.108799	0.055325	0.032696	0.043153
scaffold_430_segment0	15867285	16525106	0.020950	0.008620	0.005232	-0.007202
scaffold_430_segment0	16033030	16676545	0.075116	0.028594	0.017509	0.017943
scaffold_430_segment0	16211975	16845284	0.003464	0.001397	0.000854	-0.012398
scaffold_430_segment0	16525112	17100796	-0.038608	-0.016492	-0.010371	-0.033957
scaffold_430_segment0	16676556	17366018	-0.080180	-0.029498	-0.019222	-0.060314
scaffold_430_segment0	16845292	17810886	0.004033	0.001096	0.000732	-0.017712
scaffold_430_segment0	17100807	18077458	0.143588	0.044143	0.028432	0.059042
scaffold_430_segment0	17366024	18401157	0.150054	0.051726	0.031885	0.067555
scaffold_430_segment0	17810898	18740749	0.171675	0.069281	0.040901	0.079145
scaffold_430_segment0	18078319	18969158	0.101881	0.040508	0.023951	0.037914
scaffold_430_segment0	18401229	19127852	0.137583	0.058779	0.035701	0.057878
scaffold_430_segment0	18740763	19429273	0.097920	0.037734	0.024512	0.034170
scaffold_430_segment0	18969183	19765162	0.069833	0.023962	0.016247	0.018315
scaffold_430_segment0	19127863	20440638	0.015866	0.003817	0.002583	-0.012630
scaffold_430_segment0	19429276	20589918	0.003636	0.001027	0.000686	-0.014346
scaffold_430_segment0	19765191	20768549	0.036834	0.010992	0.007244	0.004532
scaffold_430_segment0	20440640	21346598	-0.009780	-0.002966	-0.001948	-0.018742
scaffold_430_segment0	20589934	21695543	-0.008747	-0.002198	-0.001471	-0.021942
scaffold_430_segment0	20768625	21942136	-0.036435	-0.008432	-0.005698	-0.036390
scaffold_430_segment0	21346604	22208465	0.026654	0.007022	0.004759	-0.001941
scaffold_430_segment0	21697694	22279300	0.060688	0.021567	0.014183	0.014441
scaffold_430_segment0	21942147	22423184	0.115766	0.055478	0.034464	0.039749
scaffold_430_segment0	22208514	22672040	0.155413	0.091048	0.054092	0.063314
scaffold_430_segment0	22279302	22919439	0.193926	0.097625	0.058338	0.087149
scaffold_430_segment0	22423190	23206939	0.095772	0.049469	0.028753	0.039459
scaffold_430_segment0	22672703	23566632	0.048483	0.021849	0.012902	0.004464
scaffold_430_segment0	22920423	23757367	0.043910	0.020828	0.012107	0.003106
scaffold_430_segment0	23207801	24083057	0.055509	0.019915	0.012241	0.011568
scaffold_430_segment0	23566650	24402201	0.084968	0.029911	0.019123	0.029633
scaffold_430_segment0	23757371	24787098	-0.002400	-0.000639	-0.000436	-0.013038
scaffold_430_segment0	24083091	24995344	0.074272	0.023231	0.015588	0.023613
scaffold_430_segment0	24403037	25362533	-0.006037	-0.001920	-0.001264	-0.015273
scaffold_430_segment0	24790467	25620170	-0.029565	-0.010682	-0.006779	-0.026479
scaffold_430_segment0	24995347	25929619	-0.108110	-0.032219	-0.021431	-0.058409
scaffold_430_segment0	25362534	26450969	-0.050596	-0.012053	-0.008135	-0.037908
scaffold_430_segment0	25620186	26744359	-0.034519	-0.008218	-0.005543	-0.029994
scaffold_430_segment0	25929626	27056545	0.010712	0.002477	0.001693	-0.010633
scaffold_430_segment0	26451273	27408569	0.066034	0.016520	0.011503	0.015346
scaffold_430_segment0	26744367	27786107	0.100964	0.023867	0.016575	0.033326
scaffold_430_segment0	27056551	27923189	0.062969	0.017367	0.011836	0.015503
scaffold_430_segment0	27412288	28252717	0.047487	0.014815	0.009897	0.011211
scaffold_430_segment0	27786118	28435479	0.082103	0.039562	0.024411	0.027271
scaffold_430_segment0	27923307	28802435	0.096131	0.038387	0.023190	0.031526
scaffold_430_segment0	28252814	29186362	0.041533	0.019194	0.010954	-0.000956
scaffold_430_segment0	28435740	29574661	-0.033422	-0.012526	-0.007330	-0.046806
scaffold_430_segment0	28802447	30048568	0.017839	0.005958	0.003648	-0.013955
scaffold_430_segment0	29186376	30199148	0.035388	0.011787	0.007353	0.000022
scaffold_430_segment0	29576010	30566012	0.072754	0.026262	0.016619	0.021998
scaffold_430_segment0	30048824	30890753	0.080530	0.035787	0.021577	0.024436
scaffold_430_segment0	30199232	31119425	0.107046	0.042522	0.026056	0.042740
scaffold_430_segment0	30566013	31531444	0.129565	0.044699	0.027786	0.054972
scaffold_430_segment0	30890825	31821514	0.039248	0.012640	0.008064	0.004939
scaffold_430_segment0	31120104	32058288	-0.037035	-0.012425	-0.007842	-0.037715
scaffold_430_segment0	31531452	32226940	-0.081872	-0.031768	-0.020011	-0.056584
scaffold_430_segment0	31821515	32400127	-0.074887	-0.031121	-0.019783	-0.049736
scaffold_430_segment0	32058301	32607055	-0.026977	-0.011427	-0.007627	-0.027746
scaffold_430_segment0	32226953	32933217	-0.018975	-0.007849	-0.005040	-0.029004
scaffold_430_segment0	32400136	33273116	0.030751	0.010751	0.007050	-0.005663
scaffold_430_segment0	32607056	33541226	0.050001	0.016355	0.010681	0.007015
scaffold_430_segment0	32933219	33746519	0.154045	0.053840	0.035977	0.056937
scaffold_430_segment0	33273120	34091305	0.105741	0.035986	0.023978	0.032670
scaffold_430_segment0	33541239	34378117	0.148922	0.049073	0.031662	0.054580
scaffold_430_segment0	33746523	34744116	0.072959	0.020601	0.013467	0.015341
scaffold_430_segment0	34091578	35121931	0.066029	0.018747	0.012399	0.017630
scaffold_430_segment0	34378124	35442583	-0.002156	-0.000582	-0.000396	-0.019367
scaffold_430_segment0	34744141	35888981	-0.059403	-0.015821	-0.010780	-0.047404
scaffold_430_segment0	35123014	36099416	-0.103320	-0.031643	-0.020329	-0.069151
scaffold_430_segment0	35442599	36500320	-0.034479	-0.009595	-0.006238	-0.033879
scaffold_430_segment0	35889342	36991792	0.054489	0.014862	0.009456	0.005596
scaffold_430_segment0	36099427	37271542	0.067977	0.017952	0.011722	0.011699
scaffold_430_segment0	36500407	37807491	-0.068001	-0.016571	-0.011097	-0.067804
scaffold_430_segment0	36992108	38171320	-0.147280	-0.033793	-0.023757	-0.098439
scaffold_430_segment0	37277381	38446405	-0.119903	-0.028183	-0.019130	-0.081862
scaffold_430_segment0	37807533	38478044	-0.007205	-0.002690	-0.001728	-0.016180
scaffold_430_segment0	38171325	38635118	0.056878	0.036933	0.020744	0.015301
scaffold_430_segment0	38446433	39096578	0.018491	0.008114	0.005195	-0.002164
scaffold_430_segment0	38478049	39716957	-0.009209	-0.002192	-0.001442	-0.021554
scaffold_430_segment0	38635126	40117557	-0.013410	-0.002616	-0.001734	-0.032932
scaffold_430_segment0	39096764	40473558	0.110275	0.023275	0.015414	0.035522
scaffold_430_segment0	39718956	40798632	0.086475	0.022561	0.014869	0.023512
scaffold_430_segment0	40120296	41012230	0.043518	0.012789	0.008507	0.004723
scaffold_430_segment0	40473642	41414619	-0.073144	-0.021798	-0.014204	-0.051243
scaffold_430_segment0	40798784	41731385	-0.016891	-0.005134	-0.003236	-0.028514
scaffold_430_segment0	41015360	41825207	0.009183	0.003244	0.002033	-0.014138
scaffold_430_segment0	41414624	42300329	0.008391	0.002882	0.001839	-0.015740
scaffold_430_segment0	41731393	42595084	-0.038059	-0.013468	-0.008939	-0.034397
scaffold_430_segment0	41826258	42613955	0.009145	0.003470	0.002301	-0.008409
scaffold_430_segment0	42300337	42942674	-0.001661	-0.000756	-0.000488	-0.010358
scaffold_430_segment0	42595095	43425861	0.007814	0.002864	0.001836	-0.004597
scaffold_430_segment0	42613961	43883535	0.061350	0.017206	0.011033	0.017030
scaffold_430_segment0	42942686	44392854	0.091127	0.024812	0.015378	0.038215
scaffold_430_segment0	43426474	44884169	0.137344	0.036482	0.022696	0.061743
scaffold_430_segment0	43884766	45760485	0.065307	0.012025	0.008046	0.014925
scaffold_430_segment0	44393109	46351753	0.035834	0.005344	0.003833	-0.004519
scaffold_430_segment0	44884172	46841728	0.013934	0.002062	0.001482	-0.020392
scaffold_430_segment0	45760493	47178869	0.020242	0.004144	0.002878	-0.015360
scaffold_430_segment0	46351774	47734564	0.016631	0.003292	0.002305	-0.014392
scaffold_430_segment0	46841734	47945650	0.023360	0.005487	0.003846	-0.011888
scaffold_430_segment0	47178874	48408425	-0.010469	-0.002178	-0.001525	-0.028732
scaffold_430_segment0	47735256	48912747	-0.003044	-0.000639	-0.000453	-0.025862
scaffold_430_segment0	47948443	49389610	0.059437	0.011541	0.008035	0.007802
scaffold_430_segment0	48408426	49698688	0.082887	0.016712	0.011854	0.020369
scaffold_430_segment0	48916544	49971523	0.089278	0.025130	0.016634	0.025166
scaffold_430_segment0	49389615	50363815	0.033694	0.010274	0.006643	0.001019
scaffold_430_segment0	49698698	50771164	0.027002	0.008483	0.005202	-0.001623
scaffold_430_segment0	49971836	51115724	0.065599	0.022284	0.013275	0.015277
scaffold_430_segment0	50366881	51423341	0.121538	0.047248	0.028340	0.042878
scaffold_430_segment0	50771168	51579179	0.119465	0.059273	0.035437	0.037187
contig_14_segment0	10467	278531	0.020301	0.017673	0.009587	-0.002589
contig_14_segment0	90370	369083	0.033910	0.027032	0.014576	0.003331
contig_14_segment0	184473	470859	0.030067	0.024391	0.012968	0.002646
contig_14_segment0	278663	587600	0.042546	0.031574	0.017495	0.011355
contig_14_segment0	369212	707585	0.018899	0.014086	0.007813	-0.005059
contig_14_segment0	471039	822364	0.008833	0.006135	0.003545	-0.008783
contig_14_segment0	587603	904173	-0.001069	-0.000830	-0.000449	-0.019934
contig_14_segment0	707625	1063366	0.015673	0.011755	0.006358	-0.013512
contig_14_segment0	822436	1227565	0.034575	0.024786	0.013293	-0.003594
contig_14_segment0	904328	1367072	0.068763	0.042933	0.024520	0.020067
contig_14_segment0	1063368	1523545	0.045743	0.028420	0.016341	0.012941
contig_14_segment0	1227640	1580119	0.035301	0.026300	0.015069	0.008654
contig_14_segment0	1367301	1589718	0.002204	0.002363	0.001315	0.001654
contig_14_segment0	1523550	1611061	0.027344	0.036699	0.022711	0.015737
contig_14_segment0	1580165	1628028	0.004250	0.005952	0.003824	0.005504
contig_14_segment0	1589736	1674339	0.019196	0.021447	0.012929	0.002984
contig_14_segment0	1611090	1737584	0.030356	0.032781	0.017792	-0.000140
contig_14_segment0	1628057	1807454	0.061438	0.052656	0.029064	0.014658
contig_14_segment0	1674454	1858355	0.024862	0.020165	0.011230	-0.008492
contig_14_segment0	1737609	1911151	0.001757	0.001460	0.000835	-0.019423
contig_14_segment0	1807514	1964988	-0.049145	-0.044751	-0.024217	-0.048662
contig_14_segment0	1858587	2017950	-0.034047	-0.031009	-0.016829	-0.035997
contig_14_segment0	1911188	2084988	-0.038186	-0.034069	-0.018277	-0.038027
contig_14_segment0	1965076	2147521	-0.011072	-0.009565	-0.005249	-0.024131
contig_14_segment0	2017958	2223901	-0.016670	-0.013931	-0.007541	-0.029853
contig_14_segment0	2085022	2286859	0.018972	0.016162	0.008809	-0.007850
contig_14_segment0	2147539	2361763	-0.002178	-0.001841	-0.001004	-0.017753
contig_14_segment0	2224073	2432520	0.016505	0.014143	0.007810	-0.009350
contig_14_segment0	2286920	2516019	-0.027627	-0.023533	-0.012446	-0.038363
contig_14_segment0	2361797	2590572	0.000232	0.000196	0.000105	-0.021262
contig_14_segment0	2432597	2664115	-0.003023	-0.002530	-0.001364	-0.023153
contig_14_segment0	2516122	2745882	0.004881	0.003967	0.002203	-0.015873
contig_14_segment0	2590588	2851169	-0.002868	-0.002078	-0.001215	-0.018740
contig_14_segment0	2664132	2943217	-0.002179	-0.001521	-0.000893	-0.019241
contig_14_segment0	2745908	3012031	-0.004150	-0.002852	-0.001699	-0.019695
contig_14_segment0	2851531	3110997	0.013823	0.009861	0.005773	-0.010122
contig_14_segment0	2943228	3196367	0.011052	0.007986	0.004679	-0.005566
contig_14_segment0	3012034	3289644	0.018146	0.013183	0.007674	0.000737
contig_14_segment0	3110999	3396355	0.004783	0.003326	0.001944	-0.008430
contig_14_segment0	3196638	3481138	0.026281	0.018455	0.010834	0.000033
contig_14_segment0	3289645	3584467	0.011599	0.007819	0.004672	-0.008428
contig_14_segment0	3396404	3683724	0.031015	0.021991	0.013036	0.001426
contig_14_segment0	3481148	3783242	0.016820	0.011451	0.006884	-0.004657
contig_14_segment0	3584489	3927854	0.022084	0.014748	0.008801	-0.000765
contig_14_segment0	3683820	4067241	0.006386	0.004156	0.002492	-0.009056
contig_14_segment0	3783265	4190271	-0.023741	-0.015599	-0.009138	-0.028475
contig_14_segment0	3927885	4286931	-0.032473	-0.021822	-0.012603	-0.033456
contig_14_segment0	4067254	4378242	-0.025116	-0.017093	-0.009841	-0.028219
contig_14_segment0	4190315	4460218	-0.016394	-0.011510	-0.006538	-0.025645
contig_14_segment0	4286957	4549249	-0.010529	-0.007489	-0.004299	-0.024022
contig_14_segment0	4378336	4641729	-0.011023	-0.008007	-0.004484	-0.026133
contig_14_segment0	4460327	4717580	0.018336	0.013392	0.007634	-0.005123
contig_14_segment0	4549257	4838535	-0.023492	-0.018326	-0.009868	-0.027908
contig_14_segment0	4641753	5190468	0.017746	0.013196	0.007297	-0.004941
contig_14_segment0	4717593	5521547	0.096175	0.071511	0.040544	0.033880
contig_14_segment0	4838541	5530676	0.161073	0.150478	0.091216	0.065738
contig_4_segment0	17762	438658	0.129417	0.093891	0.052741	0.055514
contig_4_segment0	213052	514039	0.119144	0.087365	0.048284	0.048473
contig_4_segment0	356907	584805	0.080636	0.062991	0.035988	0.020220
contig_4_segment0	438666	654921	-0.007658	-0.006479	-0.003528	-0.020754
contig_4_segment0	514132	716915	-0.018385	-0.015867	-0.008646	-0.023531
contig_4_segment0	584818	797236	-0.005102	-0.004538	-0.002498	-0.017982
contig_4_segment0	655100	885514	0.025656	0.024994	0.013405	0.001034
contig_4_segment0	716920	958628	0.017296	0.016040	0.008907	-0.004644
contig_4_segment0	797316	1018667	0.018082	0.017312	0.009452	-0.002977
contig_4_segment0	885559	1083461	0.022786	0.019974	0.011348	0.001056
contig_4_segment0	958676	1143063	0.055046	0.045661	0.026702	0.013155
contig_4_segment0	1018702	1200364	0.065463	0.050703	0.030740	0.021225
contig_4_segment0	1083559	1249775	0.073868	0.057691	0.034890	0.019699
contig_4_segment0	1143070	1313504	0.058174	0.046549	0.027723	0.012248
contig_4_segment0	1200372	1374712	0.051135	0.040012	0.023663	0.007301
contig_4_segment0	1249805	1431339	0.028475	0.021831	0.012926	-0.004521
contig_4_segment0	1313540	1490242	-0.007714	-0.006044	-0.003457	-0.024347
contig_4_segment0	1374780	1556035	-0.046355	-0.037336	-0.021027	-0.046034
contig_4_segment0	1431442	1638362	-0.044326	-0.036799	-0.020148	-0.042052
contig_4_segment0	1490249	1735954	-0.033427	-0.028547	-0.015689	-0.035307
contig_4_segment0	1556037	1823162	-0.023637	-0.020335	-0.010832	-0.031380
contig_4_segment0	1638372	1916503	-0.008687	-0.007570	-0.004042	-0.025367
contig_4_segment0	1735993	1991155	0.043010	0.035727	0.019526	0.003271
contig_4_segment0	1823409	2061782	0.059268	0.052822	0.028769	0.013860
contig_4_segment0	1916506	2129079	0.066548	0.056430	0.031638	0.019015
contig_4_segment0	1991189	2209834	0.020959	0.017725	0.009852	-0.006420
contig_4_segment0	2061806	2311565	0.019373	0.015301	0.008843	-0.008625
contig_4_segment0	2129199	2401660	0.030905	0.023655	0.013850	-0.002599
contig_4_segment0	2209841	2482583	0.030029	0.022587	0.013353	-0.002226
contig_4_segment0	2311619	2547803	0.002797	0.002213	0.001295	-0.017804
contig_4_segment0	2401664	2678510	-0.015412	-0.012390	-0.007230	-0.026187
contig_4_segment0	2482605	2851129	-0.011920	-0.009239	-0.005427	-0.022658
contig_4_segment0	2547965	2968133	0.018896	0.013748	0.008155	-0.001333
contig_4_segment0	2678566	3078438	0.017888	0.012990	0.007617	-0.002645
contig_4_segment0	2851132	3181154	-0.010406	-0.008172	-0.004628	-0.023294
contig_4_segment0	2968161	3306784	-0.035386	-0.027275	-0.015173	-0.041273
contig_4_segment0	3078457	3406654	-0.056315	-0.042567	-0.023930	-0.052567
contig_4_segment0	3181343	3511420	-0.026620	-0.018945	-0.010736	-0.031633
contig_4_segment0	3306788	3625929	-0.033787	-0.023811	-0.013536	-0.032157
contig_4_segment0	3406680	3735272	-0.017972	-0.012648	-0.007176	-0.025400
contig_4_segment0	3511421	3835489	-0.034740	-0.024991	-0.014075	-0.035680
contig_4_segment0	3626315	3941385	-0.015069	-0.011164	-0.006180	-0.028126
contig_4_segment0	3736553	4041698	-0.037529	-0.029231	-0.015690	-0.040023
contig_4_segment0	3835494	4141581	0.016261	0.012679	0.007058	-0.010354
contig_4_segment0	3941451	4233257	0.036443	0.029076	0.016571	-0.001005
contig_4_segment0	4041872	4371379	0.057936	0.042428	0.024070	0.011208
contig_4_segment0	4141679	4510072	0.027115	0.019419	0.010759	-0.005457
contig_4_segment0	4233269	4595775	0.019704	0.014554	0.008057	-0.004110
contig_4_segment0	4371400	4624553	0.005979	0.005885	0.003341	-0.006398
contig_4_segment0	4510093	4749878	-0.029583	-0.029886	-0.016658	-0.021657
contig_4_segment0	4595810	4856967	-0.016800	-0.015135	-0.008202	-0.018813
contig_4_segment0	4625018	4960110	-0.032466	-0.024059	-0.013044	-0.034210
contig_4_segment0	4749932	5066740	0.019719	0.015021	0.008367	-0.003411
contig_4_segment0	4857024	5171847	-0.029819	-0.023174	-0.012642	-0.031149
contig_4_segment0	4960323	5312395	0.009567	0.007164	0.003914	-0.007833
contig_4_segment0	5066742	5446451	0.050581	0.036352	0.019555	0.013367
contig_4_segment0	5171850	5573192	0.084994	0.059874	0.033110	0.034669
contig_4_segment0	5312982	5701786	0.044970	0.033534	0.018435	0.014550
contig_4_segment0	5446664	5822023	-0.054873	-0.042785	-0.022890	-0.040022
contig_4_segment0	5573203	5922394	-0.047051	-0.036136	-0.019834	-0.035786
contig_4_segment0	5701947	6037697	0.004028	0.002850	0.001650	-0.008732
contig_4_segment0	5822176	6169129	0.036632	0.024394	0.014438	0.006518
contig_4_segment0	5922425	6281741	0.015865	0.011331	0.006409	-0.006537
contig_4_segment0	6037702	6435005	0.023759	0.017210	0.009186	-0.006148
contig_4_segment0	6169292	6590950	0.061493	0.044521	0.023506	0.017684
contig_4_segment0	6282620	6768965	0.080308	0.052164	0.027895	0.030229
contig_4_segment0	6435147	6949234	0.058057	0.037792	0.020632	0.017152
contig_4_segment0	6590985	7102772	0.006007	0.003773	0.002133	-0.014803
contig_4_segment0	6769590	7261215	-0.027615	-0.017451	-0.010201	-0.035144
contig_4_segment0	6949470	7385628	-0.001820	-0.001214	-0.000699	-0.017093
contig_4_segment0	7102789	7583592	-0.000047	-0.000031	-0.000017	-0.016171
contig_4_segment0	7261273	7752119	0.036946	0.024922	0.013645	0.005385
contig_4_segment0	7385638	7949407	-0.002883	-0.001755	-0.000987	-0.021251
contig_4_segment0	7584336	8198266	0.026626	0.014822	0.008668	-0.003323
contig_4_segment0	7752121	8375564	0.031296	0.016604	0.009747	-0.002125
contig_4_segment0	7950352	8531174	0.026888	0.014246	0.008286	-0.003357
contig_4_segment0	8198273	8665819	0.000094	0.000054	0.000031	-0.026858
contig_4_segment0	8375572	8829409	-0.007794	-0.004531	-0.002566	-0.027955
contig_4_segment0	8531420	8975346	0.011353	0.006495	0.003831	-0.014001
contig_4_segment0	8665834	9294619	0.056623	0.026798	0.016688	0.018587
contig_4_segment0	8829492	9598947	0.069048	0.030013	0.018158	0.020951
contig_4_segment0	8975347	9920652	0.044300	0.017962	0.010741	0.005595
contig_4_segment0	9295664	10273698	0.069802	0.027538	0.016405	0.022091
contig_4_segment0	9599054	10546973	0.092778	0.037728	0.022858	0.040880
contig_4_segment0	9920664	10881895	0.132650	0.052814	0.032136	0.064641
contig_4_segment0	10273747	11102741	0.118774	0.053126	0.031054	0.050591
contig_4_segment0	10546983	11326664	0.033773	0.015906	0.009013	0.001624
contig_4_segment0	10881942	11569257	0.028661	0.014281	0.007987	-0.001487
contig_4_segment0	11102913	11768237	-0.019446	-0.009639	-0.005551	-0.021619
contig_4_segment0	11326673	11985305	0.058886	0.029708	0.017108	0.019654
contig_4_segment0	11569282	12334432	0.111503	0.057174	0.032875	0.046974
contig_4_segment0	11768337	12586532	0.081046	0.041532	0.023594	0.028946
contig_4_segment0	11986724	12881831	0.066032	0.028724	0.017535	0.022300
contig_4_segment0	12334484	13226491	0.063325	0.027674	0.016815	0.019733
contig_4_segment0	12586646	13479796	0.098309	0.042453	0.025873	0.040262
contig_4_segment0	12881844	13660683	0.085179	0.046195	0.026440	0.026894
contig_4_segment0	13226659	13866291	0.028697	0.016470	0.009374	-0.002523
contig_4_segment0	13479941	14011800	0.038080	0.024462	0.013829	0.002125
contig_4_segment0	13660685	14303868	0.000312	0.000167	0.000097	-0.017687
contig_4_segment0	13866292	14548518	0.048919	0.026049	0.014598	0.011150
contig_4_segment0	14011803	14775573	0.082433	0.040876	0.022253	0.029265
contig_4_segment0	14304043	15079326	0.183073	0.090378	0.048280	0.086327
contig_4_segment0	14548598	15353386	0.170153	0.087014	0.046642	0.082431
contig_4_segment0	14775916	15610114	0.175421	0.090485	0.050135	0.089103
contig_4_segment0	15079763	15968423	0.185071	0.093825	0.054221	0.095265
contig_4_segment0	15353407	16234552	0.225854	0.108868	0.065330	0.120037
contig_4_segment0	15610346	16564660	0.186696	0.073902	0.047161	0.092114
contig_4_segment0	15968839	16915418	0.161097	0.062358	0.039208	0.081972
contig_4_segment0	16234556	17325946	0.081195	0.027098	0.018188	0.036214
contig_4_segment0	16568546	17632173	0.236426	0.094094	0.059454	0.132729
contig_4_segment0	16917040	17855467	0.226399	0.094611	0.059023	0.119769
contig_4_segment0	17326226	18113353	0.248279	0.117908	0.066873	0.133300
contig_4_segment0	17632300	18493170	0.081482	0.034412	0.020196	0.025418
contig_4_segment0	17855477	18752433	0.069651	0.029428	0.017305	0.021238
contig_4_segment0	18113596	19089148	0.009400	0.003547	0.002112	-0.015637
contig_4_segment0	18493173	19339696	0.064895	0.026023	0.015225	0.016440
contig_4_segment0	18752500	19651970	0.123545	0.048728	0.028832	0.049377
contig_4_segment0	19089212	19730966	0.171229	0.087874	0.051511	0.075282
contig_4_segment0	19339819	20098588	0.284590	0.134666	0.083263	0.144491
contig_4_segment0	19651979	20537125	0.180272	0.075395	0.047901	0.082174
contig_4_segment0	19731435	20919110	0.207892	0.077163	0.047470	0.107045
contig_4_segment0	20098597	21132086	0.130571	0.052601	0.031381	0.056810
contig_4_segment0	20537149	21322970	0.183252	0.082986	0.049598	0.083067
contig_4_segment0	20920031	21610305	0.113579	0.049823	0.032603	0.046533
contig_4_segment0	21132512	22056052	0.041635	0.014376	0.009332	0.011353
contig_4_segment0	21322971	22678194	0.059235	0.017211	0.011029	0.020372
contig_4_segment0	21612416	23148958	0.017671	0.004927	0.003163	-0.010527
contig_4_segment0	22056192	23533305	0.007187	0.002059	0.001330	-0.012284
contig_4_segment0	22678610	24044704	-0.052208	-0.014837	-0.009902	-0.042722
contig_4_segment0	23150835	24784457	-0.079901	-0.017599	-0.011774	-0.056432
contig_4_segment0	23533308	25101983	-0.075169	-0.014669	-0.010164	-0.053266
contig_4_segment0	24044853	25581107	-0.097932	-0.018643	-0.012854	-0.068494
contig_4_segment0	24789937	26232994	0.031783	0.006329	0.004480	0.002550
contig_4_segment0	25102010	26727800	0.135795	0.031905	0.021686	0.062068
contig_4_segment0	25581114	26811575	0.176203	0.053993	0.036262	0.081330
contig_4_segment0	26234759	27192047	0.184791	0.073382	0.047519	0.085833
contig_4_segment0	26728198	27589456	0.269541	0.131101	0.081840	0.134174
contig_4_segment0	26811645	28037858	0.324313	0.102921	0.066503	0.169009
contig_4_segment0	27192078	28160915	0.293307	0.105729	0.067239	0.143024
contig_4_segment0	27589457	28581576	0.020826	0.005561	0.003695	-0.005457
contig_4_segment0	28039222	28834445	-0.065908	-0.021498	-0.014186	-0.043820
contig_4_segment0	28161104	29095647	-0.133330	-0.035534	-0.023750	-0.083835
contig_4_segment0	28581585	29603539	-0.182347	-0.050066	-0.033157	-0.099505
contig_4_segment0	28834455	30399837	-0.159594	-0.028909	-0.019850	-0.095821
contig_4_segment0	29095654	31045822	-0.109799	-0.016376	-0.011378	-0.072568
contig_4_segment0	29609123	31511604	-0.046760	-0.006699	-0.004711	-0.044250
contig_4_segment0	30399854	31990398	-0.015548	-0.002858	-0.001952	-0.029620
contig_4_segment0	31046615	31997575	-0.017227	-0.005329	-0.003569	-0.020608
contig_4_segment0	31511610	32111225	0.018395	0.008785	0.005777	0.004060
contig_4_segment0	31990401	32653987	0.010703	0.004818	0.003163	-0.000270
contig_4_segment0	31997577	33177502	-0.010256	-0.002860	-0.001917	-0.017806
contig_4_segment0	32111737	33845932	-0.007575	-0.001520	-0.001058	-0.025021
contig_4_segment0	32656354	34408429	0.002092	0.000398	0.000283	-0.018026
contig_4_segment0	33180755	34964061	0.122566	0.026980	0.018462	0.053138
contig_4_segment0	33845945	35539910	0.051440	0.012186	0.008133	0.007894
contig_4_segment0	34408430	36009325	0.189710	0.050809	0.032745	0.100764
contig_4_segment0	34964071	36458608	0.187705	0.056881	0.036093	0.099496
contig_4_segment0	35539916	36790365	0.370830	0.142766	0.085390	0.236321
contig_4_segment0	36009359	37135138	0.471855	0.217076	0.126184	0.331467
contig_4_segment0	36458728	37460052	0.599505	0.314077	0.178059	0.425551
contig_4_segment0	36791104	38074745	0.540897	0.217792	0.134204	0.350563
contig_4_segment0	37135147	38589580	0.314432	0.087010	0.057286	0.161078
contig_4_segment0	37460056	39212828	0.182415	0.040003	0.026621	0.083288
contig_4_segment0	38074754	39824240	0.133752	0.029619	0.019777	0.058116
contig_4_segment0	38590241	40431748	0.053668	0.011844	0.007870	0.007624
contig_4_segment0	39213978	40946036	-0.075978	-0.015231	-0.010572	-0.066499
contig_4_segment0	39824248	41328843	-0.047543	-0.010372	-0.007159	-0.038397
contig_4_segment0	40431823	41560647	0.073717	0.020224	0.013802	0.026766
contig_4_segment0	40946050	42055032	0.009683	0.002725	0.001770	-0.008574
contig_4_segment0	41328844	42361138	-0.024546	-0.007663	-0.004858	-0.032934
contig_4_segment0	41560953	42720788	-0.078942	-0.021435	-0.013581	-0.068618
contig_4_segment0	42055039	43162160	0.038000	0.011293	0.007037	-0.004258
contig_4_segment0	42362967	43565397	0.207075	0.063193	0.038179	0.094817
contig_4_segment0	42720800	43961474	0.236199	0.076067	0.045688	0.119272
contig_4_segment0	43162224	44432278	0.292129	0.097106	0.058253	0.163222
contig_4_segment0	43565402	44847195	0.461129	0.198981	0.114207	0.308953
contig_4_segment0	43961844	45125764	0.597116	0.324209	0.182757	0.425854
contig_4_segment0	44432280	45472773	0.588028	0.360113	0.200467	0.416020
contig_4_segment0	44847199	45966120	0.514836	0.258543	0.151424	0.341594
contig_4_segment0	45125765	46669405	0.348954	0.115918	0.071528	0.215863
contig_4_segment0	45472777	47427195	0.276366	0.066502	0.042839	0.161116
contig_4_segment0	45967386	47996803	0.103469	0.019511	0.013002	0.039326
contig_4_segment0	46670890	48570845	0.075799	0.014016	0.009420	0.022059
contig_4_segment0	47427451	49258310	0.101439	0.019131	0.013124	0.035939
contig_4_segment0	47996849	49607505	0.042546	0.008853	0.006084	-0.000042
contig_4_segment0	48570848	50042559	0.148526	0.036805	0.024654	0.068992
contig_4_segment0	49258319	50585300	0.180237	0.056098	0.034799	0.091045
contig_4_segment0	49609249	51277844	0.177256	0.052894	0.032833	0.097010
contig_4_segment0	50042565	51653611	0.122075	0.035244	0.022035	0.054260
contig_4_segment0	50585429	52234362	0.010699	0.002760	0.001763	-0.023948
contig_4_segment0	51277968	53117111	0.000763	0.000175	0.000115	-0.031340
contig_4_segment0	51653790	53735611	-0.070619	-0.014593	-0.009600	-0.073040
contig_4_segment0	52235079	54459672	-0.153299	-0.029675	-0.020034	-0.120214
contig_4_segment0	53117346	54544086	-0.163801	-0.043017	-0.027867	-0.111634
scaffold_13_segment0	2000	158164	0.007248	0.011104	0.006265	-0.002342
scaffold_13_segment0	12436	295413	-0.020101	-0.019475	-0.010879	-0.019556
scaffold_13_segment0	75230	487194	-0.001258	-0.001030	-0.000564	-0.014781
scaffold_13_segment0	158220	667094	0.012919	0.009763	0.005245	-0.007772
scaffold_13_segment0	295618	907875	0.008421	0.005838	0.003164	-0.012206
scaffold_13_segment0	487462	1157038	-0.018596	-0.010250	-0.006034	-0.030315
scaffold_13_segment0	667380	1265439	-0.067923	-0.037284	-0.023022	-0.052012
scaffold_13_segment0	908278	1596189	-0.049674	-0.023740	-0.016279	-0.036415
