chr	windowStart	windowEnd	D	f_d	f_dM	d_f
contig_1888_segment0	13201	156778	-0.024656	-0.030681	-0.017341	-0.012738
contig_1888_segment0	156780	276301	0.004508	0.005850	0.003415	0.005132
contig_1888_segment0	276302	348181	-0.014599	-0.030338	-0.016050	-0.018611
contig_1888_segment0	348203	413659	0.002854	0.006865	0.003893	0.004049
contig_1888_segment0	413661	548324	-0.030808	-0.055600	-0.029075	-0.015526
contig_1888_segment0	548341	703036	-0.022414	-0.027853	-0.018185	-0.011794
contig_1888_segment0	703911	844277	-0.025159	-0.028081	-0.016342	-0.006744
contig_1888_segment0	844284	908451	0.018087	0.024690	0.013740	0.001034
contig_1888_segment0	908464	924154	-0.006610	-0.023517	-0.011741	-0.003409
contig_1888_segment0	924156	1006328	0.100421	0.167505	0.076519	0.024690
contig_1888_segment0	1006334	1057970	0.048588	0.092694	0.051851	0.025050
contig_1888_segment0	1057976	1195711	-0.003768	-0.002373	-0.001656	-0.008502
contig_1888_segment0	1195726	1275089	0.249442	0.433473	0.224144	0.130970
contig_1888_segment0	1275099	1432671	0.109157	0.085551	0.047681	0.055553
contig_1888_segment0	1432740	1617886	0.127893	0.112380	0.057760	0.078749
contig_1888_segment0	1617973	1878795	0.217596	0.200248	0.114357	0.138918
contig_1888_segment0	1878799	2027880	0.006780	0.008115	0.003906	0.007255
contig_1888_segment0	2027962	2129054	-0.002867	-0.003667	-0.001690	-0.002510
contig_1888_segment0	2132153	2325418	-0.249082	-0.229515	-0.130441	-0.156470
contig_1888_segment0	2326111	2430953	-0.046223	-0.062141	-0.029294	-0.029210
contig_1888_segment0	2430984	2590314	-0.048898	-0.061669	-0.029351	-0.029844
contig_1888_segment0	2590558	2687189	0.062165	0.072062	0.036394	0.042799
contig_1888_segment0	2687203	2789023	0.152691	0.165779	0.087567	0.090464
contig_1888_segment0	2789151	2854905	0.112900	0.129054	0.067805	0.077250
contig_1888_segment0	2855454	2917172	0.088199	0.098364	0.050349	0.050967
contig_1888_segment0	2917181	2979836	-0.067142	-0.081430	-0.037696	-0.030028
contig_1888_segment0	2980128	3054866	0.087014	0.105913	0.055140	0.057122
contig_1888_segment0	3054883	3115475	-0.002249	-0.002650	-0.001357	0.001711
contig_1888_segment0	3115481	3168053	-0.036936	-0.053348	-0.026392	-0.020193
contig_1888_segment0	3168143	3211902	0.038729	0.048300	0.026310	0.032993
contig_1888_segment0	3211923	3297235	0.115935	0.135284	0.063254	0.073629
contig_1888_segment0	3297330	3397652	0.170318	0.161157	0.082960	0.089964
contig_1888_segment0	3397762	3506899	0.017713	0.020451	0.010437	0.021308
contig_1888_segment0	3506988	3606932	0.073909	0.075390	0.042127	0.045922
contig_1888_segment0	3607409	3766366	0.125001	0.098790	0.057542	0.095899
contig_1888_segment0	3766865	3851071	0.158980	0.186156	0.090269	0.088259
contig_1888_segment0	3851191	3942531	0.308373	0.333528	0.194363	0.212676
contig_1888_segment0	3942544	4005620	0.204202	0.268612	0.141588	0.118702
contig_1888_segment0	4005637	4112968	0.020525	0.023984	0.009859	0.013145
contig_1888_segment0	4113091	4163466	0.036266	0.048423	0.023875	0.027131
contig_1888_segment0	4163490	4218336	-0.083238	-0.142753	-0.060287	-0.048434
contig_1888_segment0	4218337	4275986	0.063429	0.079926	0.037805	0.039470
contig_1888_segment0	4276107	4353956	-0.019219	-0.020442	-0.010418	-0.006312
contig_1888_segment0	4353978	4416020	0.152408	0.152287	0.083872	0.093783
contig_1888_segment0	4416058	4495183	-0.122913	-0.163208	-0.077936	-0.084793
contig_1888_segment0	4495385	4604611	0.143019	0.111783	0.060463	0.085493
contig_1888_segment0	4604658	4700187	-0.038049	-0.037717	-0.019877	-0.021542
contig_1888_segment0	4700213	4780150	0.057522	0.065188	0.031775	0.032799
contig_1888_segment0	4780949	4833060	0.018886	0.018576	0.009943	0.015253
contig_1888_segment0	4833061	4889667	-0.011169	-0.014634	-0.006446	-0.006818
contig_1888_segment0	4889698	4950681	0.160403	0.172739	0.090087	0.099091
contig_1888_segment0	4950707	5020787	0.126870	0.120608	0.069718	0.074428
contig_1888_segment0	5020989	5085153	-0.043238	-0.055858	-0.025646	-0.026714
contig_1888_segment0	5085155	5160043	0.037466	0.042229	0.020314	0.020276
contig_1888_segment0	5160090	5232378	0.102040	0.107141	0.050524	0.062360
contig_1888_segment0	5232401	5301563	0.074620	0.076811	0.043336	0.055526
contig_1888_segment0	5301633	5369170	0.049746	0.051332	0.027098	0.036447
contig_1888_segment0	5369212	5438923	-0.063665	-0.085557	-0.043915	-0.050305
contig_1888_segment0	5438949	5492412	-0.180976	-0.234072	-0.118138	-0.121221
contig_1888_segment0	5492459	5541339	0.038298	0.048596	0.021855	0.022341
contig_1888_segment0	5541509	5595666	0.175466	0.207568	0.111680	0.113020
contig_1888_segment0	5595674	5654775	0.131497	0.122785	0.068513	0.094328
contig_1888_segment0	5654776	5725772	-0.029362	-0.034941	-0.017197	-0.025863
contig_1888_segment0	5725806	5798799	0.008493	0.009006	0.004785	0.005104
contig_1888_segment0	5798902	5899917	0.011662	0.011769	0.005809	-0.004752
contig_1888_segment0	5900052	6014318	-0.143214	-0.159393	-0.075711	-0.100940
contig_1888_segment0	6014376	6094787	0.051247	0.055187	0.027546	0.022200
contig_1888_segment0	6094897	6165298	0.125564	0.128684	0.061550	0.078675
contig_1888_segment0	6165812	6222901	-0.003177	-0.003530	-0.001895	-0.005321
contig_1888_segment0	6223453	6274255	-0.033525	-0.053831	-0.023180	-0.027318
contig_1888_segment0	6274359	6360407	0.043904	0.045225	0.024198	0.032244
contig_1888_segment0	6360409	6437152	0.015228	0.018764	0.009228	-0.001308
contig_1888_segment0	6437160	6518377	-0.010048	-0.011356	-0.005434	0.002047
contig_1888_segment0	6519511	6617117	0.195638	0.183787	0.087544	0.094613
contig_1888_segment0	6617258	6706402	0.003917	0.004638	0.002298	-0.005229
contig_1888_segment0	6706409	6801815	0.082764	0.097361	0.050340	0.048173
contig_1888_segment0	6801854	6877158	0.036943	0.043345	0.021558	0.023652
contig_1888_segment0	6877165	6944331	0.170306	0.178450	0.094796	0.101918
contig_1888_segment0	6944334	7014069	-0.085432	-0.114431	-0.046517	-0.050066
contig_1888_segment0	7014096	7085495	0.060447	0.078157	0.031137	0.038598
contig_1888_segment0	7085544	7138853	0.060922	0.076299	0.031853	0.033195
contig_1888_segment0	7138872	7189015	0.151228	0.188357	0.095944	0.096089
contig_1888_segment0	7189077	7235839	0.194189	0.230496	0.128077	0.117623
contig_1888_segment0	7235840	7288878	-0.003356	-0.004638	-0.002118	-0.004225
contig_1888_segment0	7288889	7333758	-0.068657	-0.087721	-0.036513	-0.038975
contig_1888_segment0	7333932	7381328	0.055871	0.073472	0.036931	0.034551
contig_1888_segment0	7381337	7428734	0.159197	0.177675	0.093763	0.103932
contig_1888_segment0	7428740	7475477	-0.005616	-0.007645	-0.003332	-0.004016
contig_1888_segment0	7475513	7521466	0.194733	0.228018	0.115917	0.129227
contig_1888_segment0	7521811	7560009	-0.071723	-0.136294	-0.042767	-0.039809
contig_1888_segment0	7560087	7601751	0.047471	0.066598	0.026685	0.020411
contig_1888_segment0	7601912	7644555	0.113784	0.153278	0.069270	0.077222
contig_1888_segment0	7644620	7691261	0.052309	0.062822	0.032170	0.035545
contig_1888_segment0	7691262	7729086	-0.059855	-0.104144	-0.036473	-0.031740
contig_1888_segment0	7729267	7767438	0.107411	0.136098	0.063326	0.070382
contig_1888_segment0	7767450	7809054	0.207898	0.236273	0.128446	0.137511
contig_1888_segment0	7809081	7859355	0.019405	0.024267	0.011114	0.007125
contig_1888_segment0	7859457	7905257	0.038464	0.051956	0.021124	0.011603
contig_1888_segment0	7905270	7953501	0.037380	0.045962	0.019884	0.019688
contig_1888_segment0	7953506	8005010	0.030338	0.037252	0.017358	0.020879
contig_1888_segment0	8005039	8059504	0.037681	0.047413	0.022738	0.014692
contig_1888_segment0	8059506	8108310	-0.027145	-0.034508	-0.016414	-0.022982
contig_1888_segment0	8108314	8155452	0.010935	0.014734	0.006472	0.008986
contig_1888_segment0	8155489	8207851	0.012243	0.015484	0.007089	0.009347
contig_1888_segment0	8207963	8250930	0.110300	0.141410	0.066002	0.070825
contig_1888_segment0	8250967	8292569	-0.043366	-0.053713	-0.024659	-0.022093
contig_1888_segment0	8292656	8335847	0.090909	0.122998	0.055204	0.038416
contig_1888_segment0	8335941	8395782	0.094501	0.108656	0.053791	0.061095
contig_1888_segment0	8395783	8453408	0.116191	0.135381	0.067447	0.068218
contig_1888_segment0	8453449	8518983	-0.006768	-0.008514	-0.003888	-0.000435
contig_1888_segment0	8519224	8576572	0.051804	0.061679	0.031670	0.029089
contig_1888_segment0	8576594	8628180	0.083607	0.105152	0.051965	0.049873
contig_1888_segment0	8628194	8681678	0.120088	0.158689	0.077530	0.076138
contig_1888_segment0	8681684	8733840	0.189642	0.206742	0.106323	0.115280
contig_1888_segment0	8733849	8804936	0.154951	0.209847	0.095700	0.098090
contig_1888_segment0	8805075	8883315	0.232064	0.291133	0.134406	0.152676
contig_1888_segment0	8883454	8971857	0.131276	0.143613	0.073666	0.078254
contig_1888_segment0	8971895	9041887	0.046366	0.066724	0.029102	0.030698
contig_1888_segment0	9041911	9115827	0.127808	0.143112	0.073264	0.079602
contig_1888_segment0	9115831	9231640	0.041414	0.041450	0.021126	0.032785
contig_1888_segment0	9231718	9313758	0.047341	0.047882	0.024358	0.037519
contig_1888_segment0	9314098	9456970	0.109174	0.110199	0.051596	0.068742
contig_1888_segment0	9457732	9579856	0.115390	0.103493	0.051693	0.071032
contig_1888_segment0	9579916	9692532	0.001395	0.001858	0.000891	0.002634
contig_1888_segment0	9692604	9775671	0.242560	0.278813	0.145665	0.154995
contig_1888_segment0	9775969	9843886	0.115629	0.159210	0.060184	0.057686
contig_1888_segment0	9843988	9913190	0.083301	0.083222	0.042010	0.059357
contig_1888_segment0	9913334	9978977	-0.017736	-0.018381	-0.009870	-0.009038
contig_1888_segment0	9979072	10045897	0.150270	0.174197	0.085721	0.089988
contig_1888_segment0	10046108	10133070	0.129695	0.140664	0.074596	0.084895
contig_1888_segment0	10133122	10243933	0.115417	0.123052	0.063828	0.077001
contig_1888_segment0	10244164	10344546	0.067939	0.079849	0.037159	0.040996
contig_1888_segment0	10344563	10444199	0.060429	0.074936	0.033192	0.039238
contig_1888_segment0	10444337	10537501	-0.012027	-0.013243	-0.006098	-0.008247
contig_1888_segment0	10537615	10600204	-0.016163	-0.021736	-0.009542	-0.001760
contig_1888_segment0	10600245	10658506	0.019521	0.025026	0.011542	0.007613
contig_1888_segment0	10658508	10716043	-0.015886	-0.015923	-0.008748	-0.011309
contig_1888_segment0	10716084	10776890	0.076457	0.093863	0.045289	0.036826
contig_1888_segment0	10777047	10832107	-0.052529	-0.063992	-0.027514	-0.036282
contig_1888_segment0	10832427	10887099	0.082085	0.085964	0.044236	0.043783
contig_1888_segment0	10887219	10957189	-0.022273	-0.027778	-0.013209	-0.010310
contig_1888_segment0	10957201	11049308	-0.068926	-0.071887	-0.037315	-0.042569
contig_1888_segment0	11049402	11324275	-0.050598	-0.039976	-0.020808	-0.032001
contig_1888_segment0	11325738	11609798	0.086111	0.060355	0.035546	0.029061
contig_1888_segment0	11609800	11616310	-0.026194	-0.346746	-0.108498	-0.010638
contig_235_segment0	4597	10069	-0.026486	-0.163502	-0.055770	-0.013068
contig_235_segment0	10073	26149	0.003886	0.017915	0.007253	-0.000865
contig_235_segment0	26157	41525	0.005524	0.029093	0.012623	0.000543
contig_235_segment0	41542	54317	-0.006436	-0.023239	-0.011966	-0.006507
contig_235_segment0	54328	59824	0.038048	0.166975	0.086714	0.021798
contig_235_segment0	59830	66884	-0.001371	-0.007149	-0.003322	0.001033
contig_235_segment0	66891	73996	0.075453	0.243441	0.138650	0.025827
contig_235_segment0	74007	88474	0.002341	0.009389	0.004555	-0.000196
contig_235_segment0	88511	95792	-0.052435	-0.290717	-0.116566	-0.021818
contig_235_segment0	95793	112645	-0.030947	-0.121082	-0.047639	-0.020173
contig_235_segment0	112690	127390	0.023210	0.086920	0.050257	0.011914
contig_235_segment0	127400	134442	-0.040292	-0.282851	-0.090672	-0.015139
contig_235_segment0	134446	144575	-0.020747	-0.126760	-0.048327	-0.004779
contig_235_segment0	144576	168837	-0.025227	-0.117664	-0.043930	-0.012264
scaffold_335_segment0	38594	172666	-0.005858	-0.006577	-0.004418	-0.000878
scaffold_335_segment0	173297	279462	-0.014020	-0.021373	-0.014714	-0.006560
scaffold_335_segment0	279484	322889	-0.020967	-0.050501	-0.026512	-0.007478
scaffold_335_segment0	322890	684403	-0.002044	-0.000748	-0.000512	0.001216
scaffold_335_segment0	684671	924880	-0.000121	-0.000069	-0.000039	-0.008627
scaffold_335_segment0	926327	1103996	0.011035	0.006938	0.004236	-0.003380
scaffold_335_segment0	1104121	1248518	0.013416	0.009874	0.005213	0.010442
scaffold_335_segment0	1249000	1280222	-0.006217	-0.010166	-0.005994	-0.005521
scaffold_335_segment0	1280223	1285671	0.011012	0.061602	0.029694	0.008766
scaffold_335_segment0	1285674	1291401	0.009727	0.054605	0.025249	0.006459
scaffold_335_segment0	1291431	1372399	-0.026588	-0.029041	-0.016777	-0.010903
scaffold_335_segment0	1372486	1494384	0.022736	0.018409	0.010710	0.007845
scaffold_335_segment0	1494454	1683581	0.039479	0.032737	0.017140	0.013368
scaffold_335_segment0	1683643	1806714	0.045755	0.040890	0.022613	0.023393
scaffold_335_segment0	1806809	1944459	0.037012	0.035160	0.015895	0.020558
scaffold_335_segment0	1944499	2092672	0.062747	0.049285	0.028808	0.039420
scaffold_335_segment0	2093032	2213209	-0.053566	-0.057584	-0.028037	-0.033394
scaffold_335_segment0	2213545	2316754	0.080811	0.093000	0.041402	0.041818
scaffold_335_segment0	2316994	2412511	0.078602	0.086950	0.041335	0.059244
scaffold_335_segment0	2412619	2486263	0.055043	0.051066	0.024224	0.032821
scaffold_335_segment0	2486280	2557004	-0.037948	-0.044821	-0.020587	-0.026746
scaffold_335_segment0	2557008	2639323	-0.129334	-0.216334	-0.079479	-0.069748
scaffold_335_segment0	2639329	2693893	0.060208	0.076147	0.036591	0.030834
scaffold_335_segment0	2693945	2794003	0.191842	0.164954	0.091493	0.130348
scaffold_335_segment0	2794006	2816058	0.016457	0.039583	0.021093	0.011820
scaffold_335_segment0	2816100	2892689	0.076731	0.088927	0.049449	0.045740
scaffold_335_segment0	2892711	2972842	0.063033	0.066938	0.033749	0.035403
scaffold_335_segment0	2972862	3090308	0.156173	0.159554	0.089439	0.083625
scaffold_335_segment0	3090910	3196118	0.075290	0.067317	0.037701	0.049625
scaffold_335_segment0	3196213	3315258	0.110528	0.099040	0.058381	0.070222
scaffold_335_segment0	3315314	3416017	0.042723	0.036858	0.019436	0.028719
scaffold_335_segment0	3416023	3492470	-0.027237	-0.028080	-0.012818	-0.013577
scaffold_335_segment0	3492645	3555344	-0.133844	-0.190053	-0.080686	-0.076450
scaffold_335_segment0	3555363	3621485	-0.065278	-0.066506	-0.036346	-0.045287
scaffold_335_segment0	3621641	3693597	-0.082690	-0.116063	-0.050830	-0.054325
scaffold_335_segment0	3693685	3763687	-0.207422	-0.253007	-0.116125	-0.125649
scaffold_335_segment0	3763704	3873864	-0.076267	-0.058872	-0.037395	-0.057891
scaffold_335_segment0	3873866	3941093	-0.122348	-0.171758	-0.076233	-0.068036
scaffold_335_segment0	3941202	4015916	0.105559	0.101807	0.057550	0.061123
scaffold_335_segment0	4016769	4099530	-0.143416	-0.213402	-0.088123	-0.088670
scaffold_335_segment0	4099544	4168525	0.187051	0.169745	0.104333	0.097993
scaffold_335_segment0	4168527	4212835	0.083139	0.093314	0.050375	0.035871
scaffold_335_segment0	4212939	4324505	-0.049102	-0.060395	-0.030850	-0.035936
scaffold_335_segment0	4324851	4499806	-0.214595	-0.173728	-0.092985	-0.156644
scaffold_335_segment0	4499831	4602655	-0.117661	-0.136986	-0.060802	-0.061025
scaffold_335_segment0	4602735	4709760	0.112944	0.095431	0.050970	0.076006
scaffold_335_segment0	4709784	4778440	0.045511	0.047207	0.023634	0.035228
scaffold_335_segment0	4778465	4856371	0.192083	0.208705	0.102633	0.119315
scaffold_335_segment0	4856444	4921014	0.072959	0.076651	0.039367	0.044324
scaffold_335_segment0	4921075	4999879	-0.007803	-0.008081	-0.004594	-0.011584
scaffold_335_segment0	4999880	5062750	0.157664	0.171175	0.088591	0.110799
scaffold_335_segment0	5062821	5127338	0.054404	0.052677	0.027400	0.037717
scaffold_335_segment0	5127383	5184869	0.011908	0.013985	0.007452	0.004086
scaffold_335_segment0	5184876	5205652	-0.033624	-0.059047	-0.033079	-0.023302
scaffold_335_segment0	5205716	5223822	0.024205	0.041260	0.020246	0.014628
scaffold_335_segment0	5223824	5321516	0.046340	0.042810	0.023611	0.026631
scaffold_335_segment0	5321806	5432155	0.079220	0.067927	0.037318	0.051673
scaffold_335_segment0	5432162	5521916	0.152319	0.145649	0.080188	0.085786
scaffold_335_segment0	5521920	5592432	-0.045963	-0.033848	-0.021498	-0.020053
scaffold_335_segment0	5592438	5680385	0.061236	0.036376	0.023047	0.031874
scaffold_335_segment0	5680422	5747673	0.139794	0.124873	0.073582	0.096089
scaffold_335_segment0	5747731	5849229	-0.140104	-0.135468	-0.072338	-0.083684
scaffold_335_segment0	5849298	5925779	-0.072315	-0.065166	-0.036532	-0.034869
scaffold_335_segment0	5925835	5994460	0.042491	0.034883	0.018805	0.018567
scaffold_335_segment0	5994472	6063205	0.168441	0.175888	0.069733	0.091767
scaffold_335_segment0	6063209	6117302	0.071332	0.089001	0.042024	0.027679
scaffold_335_segment0	6117340	6166234	-0.038012	-0.039163	-0.020010	-0.030010
scaffold_335_segment0	6166275	6232271	-0.038087	-0.047594	-0.020605	-0.029093
scaffold_335_segment0	6232639	6289690	0.042275	0.044146	0.024409	0.020957
scaffold_335_segment0	6289691	6348284	0.016897	0.017899	0.009468	0.010478
scaffold_335_segment0	6348295	6406610	0.044031	0.055723	0.024256	0.024298
scaffold_335_segment0	6406618	6457379	0.093641	0.119823	0.061847	0.057870
scaffold_335_segment0	6457410	6525002	-0.020016	-0.020677	-0.009840	-0.015191
scaffold_335_segment0	6525007	6567702	0.026527	0.029556	0.015214	0.014838
scaffold_335_segment0	6567793	6620810	0.113224	0.116432	0.057094	0.063660
scaffold_335_segment0	6620821	6647161	-0.044644	-0.092688	-0.040822	-0.008930
scaffold_335_segment0	6647183	6666558	-0.054049	-0.103144	-0.045327	-0.025970
scaffold_335_segment0	6666573	6691540	-0.006003	-0.007626	-0.003906	-0.001187
scaffold_335_segment0	6691544	6704433	0.025287	0.061915	0.028417	0.000537
scaffold_335_segment0	6704436	6763738	0.126729	0.146932	0.081228	0.080284
scaffold_335_segment0	6763742	6847818	0.178993	0.164744	0.078442	0.112241
scaffold_335_segment0	6847898	6929588	0.062063	0.078753	0.030384	0.028903
scaffold_335_segment0	6929600	6998149	0.049642	0.051388	0.026588	0.025900
scaffold_335_segment0	6998171	7081819	-0.018336	-0.027166	-0.011390	-0.003897
scaffold_335_segment0	7081871	7146973	-0.065646	-0.084419	-0.037402	-0.060136
scaffold_335_segment0	7147056	7217354	0.185909	0.192672	0.099560	0.106301
scaffold_335_segment0	7217360	7275169	-0.133385	-0.186645	-0.090451	-0.090240
scaffold_335_segment0	7275176	7345349	0.059114	0.055097	0.028453	0.033291
scaffold_335_segment0	7345376	7415118	0.039126	0.047755	0.023117	0.022804
scaffold_335_segment0	7415119	7560247	0.000246	0.000192	0.000118	-0.000390
scaffold_335_segment0	7560352	7690572	-0.032243	-0.030448	-0.015102	-0.029895
scaffold_335_segment0	7690794	7793406	-0.060467	-0.048241	-0.029651	-0.052325
scaffold_335_segment0	7793414	7898453	0.015059	0.012576	0.007725	0.024640
scaffold_335_segment0	7898493	8033714	0.023372	0.022591	0.010926	0.011482
scaffold_335_segment0	8033842	8143487	-0.030589	-0.028096	-0.015109	-0.028496
scaffold_335_segment0	8143604	8288449	-0.068407	-0.063291	-0.031592	-0.045376
scaffold_335_segment0	8289361	8410821	0.017566	0.015426	0.008797	0.003227
scaffold_335_segment0	8410915	8529604	0.084089	0.109567	0.048213	0.044176
scaffold_335_segment0	8529666	8618597	0.054467	0.059908	0.026900	0.041384
scaffold_335_segment0	8618630	8727444	0.057167	0.055714	0.023312	0.031202
scaffold_335_segment0	8727555	8834273	0.012086	0.008508	0.005044	0.009328
scaffold_335_segment0	8834274	8963839	-0.030887	-0.033159	-0.015628	-0.022726
scaffold_335_segment0	8963916	9074678	-0.014165	-0.011380	-0.005963	-0.013827
scaffold_335_segment0	9074873	9184526	0.055009	0.053654	0.026157	0.019694
scaffold_335_segment0	9184649	9262197	-0.135163	-0.167401	-0.064248	-0.069937
scaffold_335_segment0	9263018	9421354	-0.075339	-0.057142	-0.035163	-0.053181
scaffold_335_segment0	9421363	9552713	0.252660	0.221840	0.118996	0.135256
scaffold_335_segment0	9553056	9692535	0.133366	0.121687	0.062910	0.073431
scaffold_335_segment0	9692639	9809896	-0.062500	-0.070334	-0.035625	-0.032980
scaffold_335_segment0	9810063	9944424	0.014911	0.014323	0.007319	0.010596
scaffold_335_segment0	9944426	10104197	-0.030679	-0.038147	-0.018321	-0.015181
scaffold_335_segment0	10104215	10205946	0.050135	0.058424	0.027986	0.034812
scaffold_335_segment0	10206077	10365566	-0.036476	-0.022308	-0.014655	-0.027314
scaffold_335_segment0	10366316	10467837	0.022860	0.029488	0.013106	0.016200
scaffold_335_segment0	10467858	10653925	0.103177	0.061186	0.035829	0.051741
scaffold_335_segment0	10653952	10806420	0.120289	0.086150	0.045979	0.058669
scaffold_335_segment0	10807082	10920227	-0.051454	-0.064293	-0.020668	-0.039451
scaffold_335_segment0	10920230	11024854	0.047842	0.041863	0.024789	0.021062
scaffold_335_segment0	11024989	11082415	0.101282	0.142968	0.079607	0.049827
scaffold_335_segment0	11082416	11300387	0.089597	0.065902	0.040623	0.058000
scaffold_335_segment0	11302012	11435530	0.038216	0.026808	0.014355	0.013046
scaffold_335_segment0	11435960	11562264	0.071833	0.050899	0.029909	0.055319
scaffold_335_segment0	11562270	11645597	-0.202108	-0.156270	-0.089646	-0.128857
scaffold_335_segment0	11646635	11763015	0.013327	0.013814	0.007242	0.006427
scaffold_335_segment0	11763518	11898644	-0.015019	-0.011819	-0.006695	-0.013790
scaffold_335_segment0	11898645	12039733	0.263438	0.172025	0.089871	0.154293
scaffold_335_segment0	12039743	12185493	0.103504	0.061806	0.035858	0.072783
scaffold_335_segment0	12185522	12299776	-0.011708	-0.011823	-0.006561	-0.008774
scaffold_335_segment0	12299788	12386150	-0.188062	-0.186653	-0.100384	-0.124336
scaffold_335_segment0	12386221	12449842	0.195265	0.245906	0.120672	0.130083
scaffold_335_segment0	12450107	12541253	-0.347695	-0.427498	-0.241303	-0.238599
scaffold_335_segment0	12541315	12660008	0.198889	0.161242	0.095777	0.135905
scaffold_335_segment0	12660813	12854630	0.012802	0.010772	0.005962	0.001591
scaffold_335_segment0	12854811	12985380	0.296511	0.231333	0.119303	0.199878
scaffold_335_segment0	12985387	13168388	0.062276	0.036231	0.021874	0.034338
scaffold_335_segment0	13168404	13300605	0.208137	0.166209	0.099868	0.127905
scaffold_335_segment0	13300612	13462266	-0.152644	-0.126671	-0.070176	-0.110821
scaffold_335_segment0	13462371	13653135	-0.057196	-0.043900	-0.026788	-0.042372
scaffold_335_segment0	13653479	13883254	-0.138361	-0.089654	-0.054192	-0.107962
scaffold_335_segment0	13883672	14039359	0.179239	0.109110	0.061626	0.097837
scaffold_335_segment0	14039391	14211892	-0.120837	-0.100535	-0.060444	-0.103386
scaffold_335_segment0	14212224	14394693	0.033853	0.024550	0.016845	0.025896
scaffold_335_segment0	14396038	14639392	0.297195	0.218375	0.129300	0.196182
scaffold_335_segment0	14639469	14869975	0.047369	0.027238	0.016862	0.034523
scaffold_335_segment0	14869987	15143138	-0.188879	-0.163026	-0.084376	-0.137073
scaffold_335_segment0	15143863	15395878	-0.094932	-0.049752	-0.028853	-0.072964
scaffold_335_segment0	15396780	15611304	-0.057733	-0.039577	-0.020537	-0.031032
scaffold_335_segment0	15611476	15828948	0.147601	0.121301	0.061109	0.093293
scaffold_335_segment0	15830222	15987107	0.173809	0.123375	0.067717	0.082196
scaffold_335_segment0	15987273	16233347	0.125165	0.117462	0.060587	0.068939
scaffold_335_segment0	16234133	16438824	0.007210	0.005454	0.003047	0.003647
scaffold_335_segment0	16438828	16624021	-0.189782	-0.078820	-0.051171	-0.101782
scaffold_335_segment0	16624035	16751887	-0.108529	-0.101785	-0.058517	-0.058607
scaffold_335_segment0	16752604	16867511	-0.038233	-0.046701	-0.019783	-0.012709
scaffold_335_segment0	16867563	16941528	-0.105070	-0.132731	-0.061263	-0.053001
scaffold_335_segment0	16941531	17020563	0.067243	0.092144	0.046197	0.035880
scaffold_335_segment0	17020789	17139408	-0.235526	-0.226926	-0.118821	-0.171960
scaffold_335_segment0	17139914	17234210	0.011975	0.015060	0.006586	0.001329
scaffold_335_segment0	17234425	17359508	-0.016745	-0.011631	-0.006483	-0.009145
scaffold_335_segment0	17359530	17521781	0.094692	0.049895	0.028960	0.051837
scaffold_335_segment0	17521802	17665513	0.025704	0.014290	0.008418	0.012852
scaffold_335_segment0	17666164	17776973	0.050757	0.056578	0.022747	0.034454
scaffold_335_segment0	17776976	17876627	0.105332	0.079060	0.040932	0.047607
scaffold_335_segment0	17876676	17994459	0.091073	0.074560	0.041141	0.071629
scaffold_335_segment0	17994781	18071861	0.038084	0.042371	0.020781	0.012772
scaffold_335_segment0	18071882	18164984	-0.004275	-0.004311	-0.001929	0.002128
scaffold_335_segment0	18165024	18259424	0.067811	0.065128	0.028571	0.039975
scaffold_335_segment0	18259664	18385765	-0.264570	-0.245981	-0.132937	-0.173841
scaffold_335_segment0	18385849	18511505	0.087111	0.090102	0.042517	0.042118
scaffold_335_segment0	18511741	18635554	0.000471	0.000544	0.000291	-0.001610
scaffold_335_segment0	18635867	18776803	-0.084432	-0.059685	-0.041118	-0.054504
scaffold_335_segment0	18776806	18895005	-0.036484	-0.033175	-0.015841	-0.033283
scaffold_335_segment0	18895162	18995787	0.128503	0.123454	0.052236	0.076869
scaffold_335_segment0	18997330	19182997	0.195369	0.146016	0.077232	0.125345
scaffold_335_segment0	19183047	19394006	0.081201	0.046398	0.027669	0.054591
scaffold_335_segment0	19394018	19691103	-0.199430	-0.098130	-0.064708	-0.162942
scaffold_335_segment0	19691604	19970035	-0.034066	-0.013466	-0.009334	-0.030307
scaffold_335_segment0	19970207	20183464	-0.000737	-0.000364	-0.000243	-0.003948
scaffold_335_segment0	20183466	20328698	-0.047180	-0.041312	-0.018806	-0.030382
scaffold_335_segment0	20328898	20558743	0.162162	0.083491	0.050016	0.090773
scaffold_335_segment0	20558895	20748914	0.060092	0.053244	0.028505	0.039984
scaffold_335_segment0	20748958	20897325	0.139620	0.085951	0.052909	0.095653
scaffold_335_segment0	20897385	21050024	-0.201736	-0.199759	-0.090421	-0.115061
scaffold_335_segment0	21050127	21268762	-0.327958	-0.303743	-0.136004	-0.208473
scaffold_335_segment0	21269030	21420107	0.014515	0.008929	0.005861	0.005790
scaffold_335_segment0	21420118	21622594	0.103989	0.044383	0.031408	0.061885
scaffold_335_segment0	21623130	21790591	-0.080028	-0.033090	-0.020273	-0.046962
scaffold_335_segment0	21790604	21975295	-0.022050	-0.008041	-0.005242	-0.015615
scaffold_335_segment0	21975296	22164510	0.212832	0.101925	0.055693	0.137685
scaffold_335_segment0	22165305	22297632	0.025856	0.016250	0.010603	0.014738
scaffold_335_segment0	22297641	22429710	0.344503	0.353297	0.183901	0.200932
scaffold_335_segment0	22429894	22702027	-0.060498	-0.048569	-0.026967	-0.030509
scaffold_335_segment0	22702034	22852422	-0.133791	-0.163757	-0.088910	-0.064284
scaffold_335_segment0	22852496	22953081	-0.159481	-0.242708	-0.094824	-0.074766
scaffold_335_segment0	22953091	23116880	0.122201	0.094766	0.051382	0.060178
scaffold_335_segment0	23116890	23540424	0.066108	0.016840	0.013139	0.031773
scaffold_335_segment0	23541100	23861097	0.206267	0.118755	0.060204	0.055217
scaffold_335_segment0	23861102	24220229	0.077490	0.040672	0.026969	0.019172
scaffold_335_segment0	24220241	24597768	0.043308	0.021082	0.014534	0.016421
scaffold_335_segment0	24597773	25090707	-0.146520	-0.028656	-0.023552	-0.074546
scaffold_335_segment0	25090708	25527395	0.106492	0.042271	0.029358	0.056511
scaffold_335_segment0	25529561	25916249	-0.099380	-0.025359	-0.018328	-0.071321
scaffold_335_segment0	25916265	26298001	0.007245	0.002078	0.001320	0.003139
scaffold_335_segment0	26298012	26515744	-0.307463	-0.107556	-0.075937	-0.150021
scaffold_335_segment0	26515750	26691881	0.180188	0.072025	0.050113	0.080333
scaffold_335_segment0	26691882	26804012	0.014143	0.007801	0.005332	0.005385
scaffold_335_segment0	26804014	26924668	0.007763	0.004848	0.003149	0.003192
scaffold_335_segment0	26925979	27049600	-0.159561	-0.124830	-0.065104	-0.075739
scaffold_335_segment0	27049606	27240881	-0.008053	-0.005317	-0.003348	-0.006056
scaffold_335_segment0	27240940	27411317	-0.043299	-0.029822	-0.015821	-0.024739
scaffold_335_segment0	27411379	27540510	-0.187986	-0.150990	-0.067893	-0.092446
scaffold_335_segment0	27540513	27692396	0.112242	0.090048	0.036048	0.059943
scaffold_335_segment0	27692399	27812727	0.252329	0.160913	0.095481	0.134816
scaffold_335_segment0	27812739	28003596	0.357934	0.248899	0.134883	0.153846
scaffold_335_segment0	28003751	28288223	0.234783	0.198446	0.098372	0.132560
scaffold_335_segment0	28290208	28375559	-0.032542	-0.085957	-0.048551	-0.012620
scaffold_335_segment0	28375566	28689019	-0.225832	-0.130755	-0.080669	-0.139361
scaffold_335_segment0	28689085	28905388	-0.146009	-0.096281	-0.059848	-0.067101
scaffold_335_segment0	28905392	29040933	-0.303982	-0.493776	-0.235536	-0.151021
scaffold_335_segment0	29040969	29058808	0.006607	0.059922	0.033753	0.003770
scaffold_335_segment0	29058810	29332682	-0.113785	-0.058822	-0.032606	-0.051447
scaffold_335_segment0	29332974	29568423	-0.082734	-0.044064	-0.024955	-0.034318
scaffold_335_segment0	29568531	29760674	-0.075889	-0.038677	-0.023501	-0.037904
scaffold_335_segment0	29760682	29977189	-0.098558	-0.044498	-0.029562	-0.061595
scaffold_335_segment0	29977199	30190990	0.174958	0.072807	0.049264	0.118277
scaffold_335_segment0	30191260	30437237	-0.434600	-0.594937	-0.235929	-0.266408
scaffold_335_segment0	30437748	30604185	-0.264556	-0.133605	-0.077955	-0.159745
scaffold_335_segment0	30604187	30725863	0.087250	0.082569	0.047063	0.042401
scaffold_335_segment0	30725987	30822781	0.450415	0.568789	0.257674	0.262172
scaffold_335_segment0	30822824	30921847	-0.098530	-0.076482	-0.036966	-0.063584
scaffold_335_segment0	30921857	30982361	-0.135849	-0.150116	-0.085595	-0.055562
scaffold_335_segment0	30982362	31086012	0.247405	0.153942	0.102462	0.146548
scaffold_335_segment0	31086023	31186637	0.061443	0.035471	0.024266	0.034821
scaffold_335_segment0	31186638	31347684	-0.239326	-0.144951	-0.090591	-0.183068
scaffold_335_segment0	31347709	31476258	-0.147709	-0.079079	-0.052031	-0.070548
scaffold_335_segment0	31476315	31614741	0.304047	0.156322	0.107225	0.150209
scaffold_335_segment0	31615130	31804572	0.165288	0.081747	0.052052	0.098655
scaffold_335_segment0	31804578	31889205	-0.044187	-0.067013	-0.033685	-0.020399
scaffold_335_segment0	31889222	32190753	-0.049310	-0.023720	-0.014908	-0.030747
scaffold_335_segment0	32192922	32346567	-0.054039	-0.032492	-0.020196	-0.035172
scaffold_335_segment0	32346758	32606010	-0.118853	-0.064465	-0.042151	-0.072174
scaffold_335_segment0	32606248	33029843	-0.270962	-0.155000	-0.091544	-0.166424
scaffold_335_segment0	33029849	33238649	0.043835	0.016924	0.013015	0.013136
scaffold_335_segment0	33238694	33494122	-0.063476	-0.030554	-0.017277	-0.029411
scaffold_335_segment0	33494164	33787587	0.094556	0.030901	0.021412	0.047270
scaffold_335_segment0	33787743	33992373	0.080283	0.081972	0.037103	0.039414
scaffold_335_segment0	33992771	34187265	0.124632	0.059562	0.037754	0.088137
scaffold_335_segment0	34187509	34397842	0.308208	0.149777	0.089008	0.182089
scaffold_335_segment0	34401200	34607062	-0.267515	-0.128886	-0.079371	-0.113330
scaffold_335_segment0	34607091	34699242	0.207468	0.295760	0.092064	0.103265
scaffold_335_segment0	34699415	34820386	0.071782	0.067717	0.034055	0.045808
scaffold_335_segment0	34820528	34902070	0.136158	0.123376	0.062319	0.079304
scaffold_335_segment0	34902213	34940209	-0.105345	-0.229723	-0.100501	-0.052228
scaffold_335_segment0	34940214	35046709	-0.071454	-0.056788	-0.037088	-0.031067
scaffold_335_segment0	35046716	35150242	-0.064544	-0.082738	-0.034205	-0.029763
scaffold_335_segment0	35150277	35278169	0.057253	0.055131	0.023553	0.029806
scaffold_335_segment0	35278176	35455116	-0.147247	-0.076053	-0.049973	-0.080043
scaffold_335_segment0	35455123	35705537	-0.101791	-0.087688	-0.048815	-0.071396
scaffold_335_segment0	35705545	35878289	0.095381	0.091556	0.046190	0.051950
scaffold_335_segment0	35878344	36116423	0.213371	0.104596	0.070950	0.149516
scaffold_335_segment0	36118749	36409135	0.114449	0.100107	0.050001	0.043645
scaffold_335_segment0	36409438	36576347	-0.120144	-0.113563	-0.066740	-0.068228
scaffold_335_segment0	36576589	36854997	0.201875	0.098532	0.062249	0.110553
scaffold_335_segment0	36855027	37018188	0.258380	0.135789	0.084283	0.159399
scaffold_335_segment0	37018267	37151281	0.335905	0.276092	0.183506	0.221632
scaffold_335_segment0	37151967	37296490	0.088914	0.049939	0.029848	0.054016
scaffold_335_segment0	37296497	37412132	-0.053644	-0.037101	-0.021875	-0.025276
scaffold_335_segment0	37412444	37480355	0.044210	0.072634	0.028649	0.008612
scaffold_335_segment0	37480357	37570469	0.040336	0.055764	0.030282	0.010477
scaffold_335_segment0	37570481	37681525	0.081054	0.103227	0.054907	0.033115
scaffold_335_segment0	37681823	37828116	0.160748	0.123784	0.076168	0.082996
scaffold_335_segment0	37828753	37957740	0.037324	0.031590	0.021095	0.018690
scaffold_335_segment0	37957969	38110841	-0.197693	-0.159872	-0.084729	-0.132090
scaffold_335_segment0	38110853	38337115	0.073466	0.057244	0.038602	0.062134
scaffold_335_segment0	38337321	38500315	0.176305	0.208539	0.128309	0.115448
scaffold_335_segment0	38500796	38701381	0.054961	0.059029	0.028353	0.034055
scaffold_335_segment0	38701389	38832282	-0.124641	-0.217400	-0.070038	-0.052972
scaffold_335_segment0	38832416	38931106	0.166787	0.258401	0.098639	0.076945
scaffold_335_segment0	38931300	39107399	0.219258	0.100239	0.060963	0.134462
scaffold_335_segment0	39107413	39241164	0.112292	0.079311	0.048786	0.065622
scaffold_335_segment0	39241169	39443389	0.168410	0.077239	0.050770	0.122995
scaffold_335_segment0	39443390	39599108	0.054119	0.033756	0.022636	0.045648
scaffold_335_segment0	39600697	39879856	0.058387	0.017694	0.011766	0.027364
scaffold_335_segment0	39879861	40120281	-0.023840	-0.030977	-0.012054	-0.014179
scaffold_335_segment0	40120355	40229759	0.023387	0.038399	0.013508	0.014160
scaffold_335_segment0	40229778	40292144	0.127175	0.223053	0.081651	0.066714
scaffold_335_segment0	40292160	40388757	0.169372	0.227372	0.107465	0.103276
scaffold_335_segment0	40388776	40467964	0.048198	0.055224	0.030126	0.021267
scaffold_335_segment0	40467987	40500282	-0.001819	-0.004185	-0.002066	-0.002635
scaffold_335_segment0	40500371	40622759	0.114575	0.100480	0.052158	0.054424
scaffold_335_segment0	40623055	40732624	-0.325144	-0.477001	-0.230033	-0.204862
scaffold_335_segment0	40732739	40804571	0.052413	0.081168	0.039696	0.032603
scaffold_335_segment0	40805694	40873053	-0.096239	-0.131760	-0.073420	-0.051822
scaffold_335_segment0	40873157	40943423	-0.145480	-0.220029	-0.103153	-0.068761
scaffold_335_segment0	40943479	41026849	-0.115779	-0.135774	-0.079877	-0.048274
scaffold_335_segment0	41027157	41120775	-0.024247	-0.031671	-0.016780	-0.019755
scaffold_335_segment0	41120814	41215413	0.077673	0.071111	0.039521	0.042871
scaffold_335_segment0	41216507	41395854	-0.171700	-0.099458	-0.057838	-0.106771
scaffold_335_segment0	41396141	41530259	-0.111277	-0.093798	-0.054705	-0.079517
scaffold_335_segment0	41530260	41638092	-0.268007	-0.213484	-0.111255	-0.149366
scaffold_335_segment0	41638400	41754268	0.183637	0.166213	0.095924	0.109373
scaffold_335_segment0	41754280	41847359	0.322694	0.427065	0.208046	0.173647
scaffold_335_segment0	41847364	41947652	0.342900	0.423175	0.208003	0.198744
scaffold_335_segment0	41947700	42037308	0.063627	0.057903	0.036597	0.040478
scaffold_335_segment0	42037931	42168923	-0.056258	-0.051292	-0.030684	-0.039991
scaffold_335_segment0	42168934	42307851	-0.487308	-0.473047	-0.248790	-0.332482
scaffold_335_segment0	42307867	42520757	0.106641	0.071001	0.042803	0.083369
scaffold_335_segment0	42521342	42682193	-0.123862	-0.135898	-0.056370	-0.072953
scaffold_335_segment0	42683215	42861635	-0.079162	-0.066354	-0.030652	-0.051937
scaffold_335_segment0	42861704	43056165	0.291751	0.151010	0.089656	0.190698
scaffold_335_segment0	43056177	43247120	0.094631	0.034578	0.021034	0.052427
scaffold_335_segment0	43248633	43479532	-0.104155	-0.072506	-0.036706	-0.089204
scaffold_335_segment0	43479806	43620712	-0.228965	-0.239530	-0.088662	-0.143209
scaffold_335_segment0	43621793	43795362	0.148216	0.099757	0.052062	0.102408
scaffold_335_segment0	43795368	44071538	-0.456643	-0.332241	-0.171485	-0.333698
scaffold_335_segment0	44072164	44384591	-0.034882	-0.013589	-0.008910	-0.017226
scaffold_335_segment0	44384607	44616776	0.012053	0.009673	0.005022	0.007252
scaffold_335_segment0	44617327	44921050	0.484990	0.433464	0.240808	0.395641
scaffold_335_segment0	44921908	45114785	0.222083	0.202653	0.118942	0.167240
scaffold_335_segment0	45114804	45232112	0.316219	0.263339	0.148818	0.182532
scaffold_335_segment0	45232115	45392952	0.062258	0.070548	0.034431	0.028602
scaffold_335_segment0	45392959	45550690	-0.297174	-0.324825	-0.152450	-0.200470
scaffold_335_segment0	45550722	45735218	0.068912	0.043731	0.028319	0.044226
scaffold_335_segment0	45735391	45888556	-0.377134	-0.403562	-0.196151	-0.231709
scaffold_335_segment0	45888584	46089914	-0.107355	-0.086753	-0.049447	-0.079068
scaffold_335_segment0	46090115	46298693	-0.090968	-0.093071	-0.048147	-0.056474
scaffold_335_segment0	46298806	46459931	-0.297543	-0.349428	-0.154343	-0.220852
scaffold_335_segment0	46460196	46610166	0.069433	0.049863	0.024438	0.036363
scaffold_335_segment0	46610171	46745127	0.049013	0.034829	0.017387	0.029407
scaffold_335_segment0	46746189	46856930	-0.135425	-0.156131	-0.074363	-0.070816
scaffold_335_segment0	46857228	46962304	-0.132901	-0.169026	-0.078032	-0.081064
scaffold_335_segment0	46962406	47069231	-0.055809	-0.039441	-0.021928	-0.038300
scaffold_335_segment0	47069232	47177882	0.044187	0.030700	0.017129	0.027677
scaffold_335_segment0	47178407	47322171	-0.266147	-0.215797	-0.121279	-0.187964
scaffold_335_segment0	47322415	47453811	-0.023997	-0.022442	-0.011340	-0.014145
scaffold_335_segment0	47453820	47580591	0.038819	0.040070	0.019315	0.021693
scaffold_335_segment0	47581085	47667518	0.037870	0.043274	0.018762	0.021916
scaffold_335_segment0	47667676	47738037	0.127839	0.144948	0.060583	0.074325
scaffold_335_segment0	47738044	47860719	0.254426	0.175349	0.090473	0.149231
scaffold_335_segment0	47860864	47975847	0.086536	0.085087	0.038130	0.042150
scaffold_335_segment0	47975869	48069438	-0.020477	-0.020240	-0.008986	-0.014295
scaffold_335_segment0	48069565	48167413	-0.009388	-0.009252	-0.004911	-0.019274
scaffold_335_segment0	48167420	48281483	-0.016995	-0.017588	-0.008862	-0.013648
scaffold_335_segment0	48281614	48405646	0.072679	0.076397	0.038042	0.040459
scaffold_335_segment0	48405889	48485640	0.127415	0.146154	0.080669	0.090566
scaffold_335_segment0	48485710	48585998	-0.039729	-0.043204	-0.019963	-0.043971
scaffold_335_segment0	48586166	48689611	0.091699	0.131909	0.053078	0.051537
scaffold_335_segment0	48689616	48794564	-0.085304	-0.092983	-0.048326	-0.054615
scaffold_335_segment0	48794719	48877435	0.164908	0.122465	0.071454	0.098448
scaffold_335_segment0	48877436	48971166	-0.204818	-0.181263	-0.088608	-0.118166
scaffold_335_segment0	48971257	49082086	0.118836	0.104495	0.056453	0.082109
scaffold_335_segment0	49082148	49189780	-0.100121	-0.123508	-0.055029	-0.052459
scaffold_335_segment0	49189865	49312334	0.051776	0.065674	0.028144	0.029463
scaffold_335_segment0	49312729	49418137	-0.111891	-0.137413	-0.063085	-0.063477
scaffold_335_segment0	49418164	49510207	-0.024063	-0.026472	-0.013037	-0.013641
scaffold_335_segment0	49510259	49647292	0.007767	0.005996	0.003330	0.010544
scaffold_335_segment0	49647394	49719973	-0.043091	-0.065766	-0.029527	-0.031917
scaffold_335_segment0	49719978	49822149	0.072198	0.076885	0.038069	0.046071
scaffold_335_segment0	49822151	49878974	-0.081729	-0.132959	-0.059234	-0.043788
scaffold_335_segment0	49879043	49982119	0.088146	0.084322	0.042604	0.053635
scaffold_335_segment0	49982125	50069619	0.018881	0.014557	0.008849	0.018484
scaffold_335_segment0	50069766	50151493	-0.018246	-0.023535	-0.011122	-0.013582
scaffold_335_segment0	50151512	50227155	0.156569	0.148985	0.079738	0.098824
scaffold_335_segment0	50227164	50298420	0.016800	0.018326	0.008402	0.011074
scaffold_335_segment0	50298648	50392551	0.045535	0.056544	0.027542	0.019447
scaffold_335_segment0	50392614	50492179	-0.065654	-0.076774	-0.038107	-0.041375
scaffold_335_segment0	50492212	50606257	0.051292	0.056233	0.032623	0.028062
scaffold_335_segment0	50606260	50705431	0.372711	0.297375	0.169079	0.210747
scaffold_335_segment0	50705439	50817757	-0.197344	-0.270706	-0.112569	-0.120150
scaffold_335_segment0	50817768	50932864	0.043121	0.044860	0.024404	0.030478
scaffold_335_segment0	50932895	51040646	-0.032377	-0.034573	-0.015648	-0.020976
scaffold_335_segment0	51041082	51231804	0.228554	0.149466	0.083570	0.161905
scaffold_335_segment0	51232584	51388428	0.215260	0.154956	0.084150	0.134417
scaffold_335_segment0	51388892	51506378	0.014881	0.013457	0.006941	0.005441
scaffold_335_segment0	51507315	51612584	-0.028419	-0.031948	-0.016084	-0.017827
scaffold_335_segment0	51612967	51718848	0.114279	0.105181	0.056151	0.061120
scaffold_335_segment0	51718849	51853147	-0.019689	-0.015385	-0.009481	-0.009947
scaffold_335_segment0	51853240	51947873	0.187091	0.228832	0.102697	0.104494
scaffold_335_segment0	51947958	52050174	0.198380	0.224822	0.103492	0.089627
scaffold_335_segment0	52050189	52176797	0.000568	0.000645	0.000337	0.009055
scaffold_335_segment0	52177179	52295900	0.059435	0.057079	0.032371	0.030261
scaffold_335_segment0	52295908	52405977	0.023819	0.019711	0.011086	0.008278
scaffold_335_segment0	52406497	52513751	0.127115	0.123305	0.063391	0.072909
scaffold_335_segment0	52513758	52615313	0.086481	0.085907	0.042228	0.055723
scaffold_335_segment0	52615619	52691256	0.016335	0.016286	0.008289	0.003247
scaffold_335_segment0	52691287	52774257	-0.014517	-0.015714	-0.007210	-0.006511
scaffold_335_segment0	52774374	52852167	-0.056452	-0.068476	-0.028692	-0.034711
scaffold_335_segment1	69746	136926	0.125732	0.121251	0.060877	0.063592
scaffold_335_segment1	137122	231851	0.061984	0.064401	0.033070	0.039717
scaffold_335_segment1	231868	319563	0.011111	0.011407	0.005682	0.000907
scaffold_335_segment1	319601	403273	0.011805	0.012619	0.006380	0.004729
scaffold_335_segment1	403281	492202	0.149164	0.166328	0.080493	0.079314
scaffold_335_segment1	492274	577327	-0.019684	-0.020211	-0.009813	-0.012646
scaffold_335_segment1	577334	691039	0.158610	0.152429	0.075423	0.080457
scaffold_335_segment1	691047	790053	0.217433	0.202105	0.114188	0.134392
scaffold_335_segment1	790095	863935	0.131095	0.186273	0.081009	0.079075
scaffold_335_segment1	863967	913913	0.170785	0.178671	0.092299	0.108346
scaffold_335_segment1	913976	975909	-0.032361	-0.038743	-0.019798	-0.010977
scaffold_335_segment1	975957	1034391	0.054173	0.064984	0.030408	0.022942
scaffold_335_segment1	1034430	1102740	-0.024300	-0.027672	-0.013876	-0.017820
scaffold_335_segment1	1102754	1161919	0.023707	0.027527	0.013775	0.023731
scaffold_335_segment1	1161962	1221683	0.042698	0.052242	0.023876	0.025177
scaffold_335_segment1	1221689	1281939	0.003104	0.004087	0.001806	0.009158
scaffold_335_segment1	1281971	1342248	0.107969	0.123945	0.060298	0.066504
scaffold_335_segment1	1342285	1404418	-0.098512	-0.143277	-0.058127	-0.058775
scaffold_335_segment1	1404470	1480755	-0.049466	-0.057866	-0.025634	-0.030797
scaffold_335_segment1	1480761	1536946	-0.016779	-0.024096	-0.008800	0.051096
scaffold_335_segment1	1537014	1640129	-0.013221	-0.012084	-0.006818	-0.014216
scaffold_335_segment1	1640136	1725764	0.016635	0.016741	0.008853	0.007070
scaffold_335_segment1	1725838	1830255	0.062603	0.078180	0.036488	0.036112
scaffold_335_segment1	1830261	1909530	0.106530	0.120490	0.056213	0.065010
scaffold_335_segment1	1909606	1958014	0.039395	0.050876	0.024315	0.023078
scaffold_335_segment1	1958025	2006870	-0.049728	-0.070519	-0.031240	-0.015669
scaffold_335_segment1	2006941	2051274	0.058076	0.076025	0.031977	0.041153
scaffold_335_segment1	2051317	2095225	0.014741	0.018037	0.009094	0.006948
scaffold_335_segment1	2095234	2127746	0.010402	0.016435	0.007511	0.005913
scaffold_335_segment1	2127796	2174341	0.013400	0.017633	0.008287	0.005773
scaffold_335_segment1	2174360	2216183	-0.013914	-0.022921	-0.009785	-0.009247
scaffold_335_segment1	2216195	2259999	0.064130	0.079472	0.039207	0.030222
scaffold_335_segment1	2260000	2314870	0.094023	0.109767	0.057046	0.058660
scaffold_335_segment1	2314881	2370434	0.044316	0.049173	0.026417	0.035181
scaffold_335_segment1	2370716	2439102	0.134811	0.137305	0.068817	0.083377
scaffold_335_segment1	2439173	2493703	0.027207	0.029072	0.016097	0.016524
scaffold_335_segment1	2493741	2530445	-0.054786	-0.081553	-0.036462	-0.031654
scaffold_335_segment1	2530449	2582173	-0.028648	-0.038578	-0.018819	-0.020063
scaffold_335_segment1	2582192	2628345	0.026060	0.037265	0.017745	0.007807
scaffold_335_segment1	2628353	2662645	0.121241	0.165635	0.073791	0.065343
scaffold_335_segment1	2662646	2708312	0.092374	0.110846	0.054139	0.052721
scaffold_335_segment1	2708314	2758073	-0.005468	-0.006641	-0.003138	-0.014415
scaffold_335_segment1	2758251	2808933	0.098670	0.115678	0.056743	0.055958
scaffold_335_segment1	2808970	2853948	-0.079043	-0.108883	-0.049903	-0.041932
scaffold_335_segment1	2854041	2918443	0.072923	0.076624	0.037543	0.041987
scaffold_335_segment1	2918451	2960443	0.075346	0.101953	0.048981	0.040180
scaffold_335_segment1	2961131	3004405	0.031287	0.040526	0.019604	0.011954
scaffold_335_segment1	3004443	3041476	-0.008724	-0.011785	-0.005237	-0.003708
scaffold_335_segment1	3041477	3077115	0.017846	0.021692	0.011640	0.007028
scaffold_335_segment1	3077116	3102590	0.041674	0.059119	0.030500	0.018461
scaffold_335_segment1	3102606	3128000	-0.036583	-0.058889	-0.024542	-0.016496
scaffold_335_segment1	3128073	3155054	0.197507	0.252744	0.126306	0.115904
scaffold_335_segment1	3155241	3178253	0.039039	0.057901	0.026324	0.018940
scaffold_335_segment1	3178254	3203838	-0.015885	-0.021693	-0.010013	0.010606
scaffold_335_segment1	3204016	3234090	0.060321	0.081807	0.037309	0.050527
scaffold_335_segment1	3234259	3265346	0.086720	0.097230	0.048770	0.049080
scaffold_335_segment1	3265352	3292555	-0.053688	-0.066427	-0.030276	-0.016298
scaffold_335_segment1	3292562	3318583	0.099217	0.112072	0.054382	0.070263
scaffold_335_segment1	3318594	3344892	-0.030099	-0.047694	-0.019107	-0.020576
scaffold_335_segment1	3344904	3370138	-0.033448	-0.046473	-0.020611	-0.006065
scaffold_335_segment1	3370146	3390033	-0.034383	-0.061143	-0.029497	-0.017985
scaffold_335_segment1	3390034	3413455	-0.040252	-0.056072	-0.027446	-0.023587
scaffold_335_segment1	3413457	3445864	0.098688	0.134027	0.064381	0.052418
scaffold_335_segment1	3445870	3487123	0.084834	0.106987	0.052849	0.058640
scaffold_335_segment1	3487134	3518958	0.011195	0.018825	0.007648	0.001602
scaffold_335_segment1	3519010	3554660	0.076867	0.106921	0.047077	0.047948
scaffold_335_segment1	3554676	3596364	0.067269	0.086659	0.042516	0.044055
scaffold_335_segment1	3596373	3647162	0.158495	0.205616	0.101483	0.102791
scaffold_335_segment1	3647183	3696220	0.022310	0.027568	0.013289	0.018401
scaffold_335_segment1	3696237	3742271	-0.007876	-0.010937	-0.004894	-0.002296
scaffold_335_segment1	3742272	3803188	0.054191	0.069586	0.030713	0.030748
scaffold_335_segment1	3803425	3844682	-0.054848	-0.076338	-0.034354	-0.024497
scaffold_335_segment1	3844702	3883033	0.046664	0.067706	0.032268	0.031152
scaffold_335_segment1	3883159	3920908	0.100338	0.149024	0.073282	0.050348
scaffold_335_segment1	3920957	3946227	0.081816	0.135103	0.056735	0.045647
scaffold_335_segment1	3946238	3970687	0.132612	0.178900	0.082000	0.081857
scaffold_335_segment1	3970707	4010604	0.101475	0.132464	0.063534	0.056891
scaffold_335_segment1	4010639	4044869	0.099118	0.131940	0.061879	0.051945
scaffold_335_segment1	4044893	4076365	-0.092946	-0.138911	-0.054608	-0.040390
scaffold_335_segment1	4076381	4106915	0.150282	0.170996	0.089811	0.093503
scaffold_335_segment1	4106920	4140824	0.159222	0.162168	0.087702	0.095514
scaffold_335_segment1	4140878	4177470	0.125962	0.148198	0.076223	0.095826
scaffold_335_segment1	4177617	4219897	0.018161	0.025421	0.011562	0.001598
scaffold_335_segment1	4219903	4267747	0.041157	0.050657	0.024715	0.028080
scaffold_335_segment1	4267772	4327249	0.124013	0.162441	0.080911	0.077324
scaffold_335_segment1	4327386	4366851	0.008028	0.012949	0.004951	0.007209
scaffold_335_segment1	4366858	4449797	0.134405	0.209888	0.099654	0.072689
scaffold_335_segment1	4449813	4551900	-0.160041	-0.179616	-0.093530	-0.088177
scaffold_335_segment1	4551901	4804064	-0.031354	-0.040339	-0.019431	-0.014004
scaffold_335_segment1	4804068	4808411	-0.019545	-0.121004	-0.056755	-0.008279
scaffold_335_segment1	4808414	4815903	-0.021672	-0.257370	-0.094423	-0.007784
scaffold_335_segment1	4815934	4827848	0.042580	0.313076	0.213235	0.018032
scaffold_430_segment0	4063	22664	0.047569	0.076276	0.052755	0.018034
scaffold_430_segment0	22727	32311	0.019035	0.100251	0.055473	0.006627
scaffold_430_segment0	32312	44778	-0.006371	-0.022545	-0.012060	-0.003974
scaffold_430_segment0	44783	236731	0.246435	0.177925	0.128084	0.132071
scaffold_430_segment0	236768	444773	0.218584	0.153878	0.095374	0.141129
scaffold_430_segment0	444776	607689	0.054088	0.040371	0.025963	0.020622
scaffold_430_segment0	608418	756918	0.017526	0.011924	0.007898	0.016852
scaffold_430_segment0	757436	865559	0.012105	0.007166	0.005275	0.005880
scaffold_430_segment0	865570	1011529	0.077394	0.038984	0.026095	0.039421
scaffold_430_segment0	1011531	1232316	0.105037	0.073810	0.047003	0.066771
scaffold_430_segment0	1232322	1472307	-0.003418	-0.001149	-0.000843	0.004751
scaffold_430_segment0	1472311	1752851	0.060700	0.022571	0.016093	0.035390
scaffold_430_segment0	1752856	1878238	0.085348	0.054608	0.032215	0.041456
scaffold_430_segment0	1878262	2047692	0.008693	0.004839	0.003018	-0.007176
scaffold_430_segment0	2047910	2250439	0.184164	0.085573	0.057032	0.095895
scaffold_430_segment0	2250515	2395376	0.002471	0.001228	0.000846	0.005046
scaffold_430_segment0	2395377	2576832	0.004905	0.002570	0.001672	0.015795
scaffold_430_segment0	2576847	2600336	0.059509	0.201609	0.112392	0.029953
scaffold_430_segment0	2600418	2719800	-0.103004	-0.087330	-0.049106	-0.061294
scaffold_430_segment0	2719845	2820804	0.029737	0.017740	0.011694	0.014838
scaffold_430_segment0	2821831	3056996	-0.041026	-0.012750	-0.009480	-0.028460
scaffold_430_segment0	3057010	3142133	-0.070566	-0.072673	-0.044154	-0.031122
scaffold_430_segment0	3142136	3311116	-0.105476	-0.057039	-0.044000	-0.053243
scaffold_430_segment0	3311120	3422815	-0.065955	-0.046084	-0.030500	-0.024096
scaffold_430_segment0	3422862	3615591	0.011026	0.006409	0.003472	0.005487
scaffold_430_segment0	3615636	3841127	0.030009	0.017320	0.009359	0.020972
scaffold_430_segment0	3841130	3985631	-0.228155	-0.172179	-0.092655	-0.125219
scaffold_430_segment0	3985716	4119801	0.026316	0.018730	0.009666	0.021326
scaffold_430_segment0	4119806	4187505	-0.035753	-0.036033	-0.020951	-0.017036
scaffold_430_segment0	4187703	4309362	-0.028840	-0.025363	-0.014356	-0.014614
scaffold_430_segment0	4309366	4440621	0.051353	0.051667	0.027591	0.026290
scaffold_430_segment0	4440647	4613060	-0.006292	-0.003610	-0.002504	0.001985
scaffold_430_segment0	4613064	4834528	-0.245990	-0.124454	-0.069805	-0.157989
scaffold_430_segment0	4834529	4927901	-0.103145	-0.120484	-0.058779	-0.042738
scaffold_430_segment0	4927926	5063410	-0.115487	-0.089417	-0.052037	-0.089510
scaffold_430_segment0	5063424	5300400	-0.108577	-0.048200	-0.030728	-0.075812
scaffold_430_segment0	5301037	5493014	-0.115453	-0.066230	-0.039086	-0.070422
scaffold_430_segment0	5493038	5673083	-0.153397	-0.125197	-0.066582	-0.088924
scaffold_430_segment0	5673097	5787156	0.015549	0.011663	0.006325	0.015356
scaffold_430_segment0	5787748	5945984	-0.194024	-0.157412	-0.080364	-0.122522
scaffold_430_segment0	5945987	5990381	0.081167	0.099375	0.060114	0.033962
scaffold_430_segment0	5991911	6229342	0.216909	0.076948	0.048261	0.123989
scaffold_430_segment0	6229698	6355922	0.026076	0.012737	0.008728	0.011939
scaffold_430_segment0	6355945	6437653	-0.443413	-0.452142	-0.254671	-0.240820
scaffold_430_segment0	6437992	6699043	-0.401881	-0.279109	-0.162441	-0.319075
scaffold_430_segment0	6701678	6825668	-0.282775	-0.312571	-0.120490	-0.165856
scaffold_430_segment0	6825758	7000284	0.188303	0.093952	0.058436	0.118719
scaffold_430_segment0	7000799	7093540	0.158843	0.102738	0.061534	0.092931
scaffold_430_segment0	7093544	7267792	0.276954	0.135823	0.086362	0.139980
scaffold_430_segment0	7267793	7415067	-0.029074	-0.018859	-0.012049	-0.016687
scaffold_430_segment0	7415330	7603899	-0.384769	-0.375296	-0.189234	-0.237959
scaffold_430_segment0	7603905	7609414	-0.010945	-0.102939	-0.047136	-0.005659
scaffold_430_segment0	7609423	7783697	-0.250779	-0.252247	-0.127299	-0.142339
scaffold_430_segment0	7783707	7872356	0.151457	0.149523	0.102357	0.069863
scaffold_430_segment0	7873021	8096649	0.138568	0.079185	0.048759	0.067726
scaffold_430_segment0	8096658	8321381	-0.064074	-0.037769	-0.018858	-0.032228
scaffold_430_segment0	8321458	8535122	0.028535	0.017022	0.011174	0.007221
scaffold_430_segment0	8535143	8703804	-0.000867	-0.000369	-0.000241	-0.001404
scaffold_430_segment0	8704720	8826991	0.147816	0.217175	0.117777	0.077464
scaffold_430_segment0	8826993	9108549	-0.410754	-0.273447	-0.144140	-0.253127
scaffold_430_segment0	9109273	9262166	0.065951	0.050075	0.024993	0.032660
scaffold_430_segment0	9266010	9517585	-0.000525	-0.000298	-0.000173	-0.003584
scaffold_430_segment0	9517587	9669401	-0.092264	-0.066623	-0.038443	-0.052120
scaffold_430_segment0	9669417	9907034	-0.267303	-0.087184	-0.064490	-0.149611
scaffold_430_segment0	9907058	9968444	0.008645	0.009089	0.005597	0.009538
scaffold_430_segment0	9968484	10283161	0.032672	0.011941	0.008711	0.018820
scaffold_430_segment0	10283354	10428995	0.176916	0.100337	0.057853	0.107854
scaffold_430_segment0	10429099	10664577	0.213100	0.085013	0.059261	0.112218
scaffold_430_segment0	10667545	10875688	-0.270565	-0.116098	-0.070670	-0.149104
scaffold_430_segment0	10875699	11035277	0.227522	0.143452	0.081266	0.137003
scaffold_430_segment0	11035628	11274813	0.002535	0.001195	0.000726	0.005187
scaffold_430_segment0	11274834	11283473	0.001704	0.017162	0.009147	0.002722
scaffold_430_segment0	11283497	11290857	-0.008418	-0.181995	-0.074070	-0.002091
scaffold_430_segment0	11290862	11299583	0.004677	0.065642	0.041690	0.001687
scaffold_430_segment0	11299587	11419557	0.103029	0.082185	0.057487	0.042548
scaffold_430_segment0	11420833	11667467	-0.134734	-0.057765	-0.038236	-0.075377
scaffold_430_segment0	11667766	11745610	-0.044727	-0.022459	-0.014757	-0.020029
scaffold_430_segment0	11745836	11868578	-0.046986	-0.024553	-0.016116	-0.024963
scaffold_430_segment0	11868655	12002744	-0.126379	-0.056926	-0.037730	-0.069160
scaffold_430_segment0	12002833	12120322	0.041113	0.028800	0.018865	0.018676
scaffold_430_segment0	12120348	12233741	-0.006740	-0.004310	-0.003017	0.010341
scaffold_430_segment0	12234294	12378446	0.079040	0.050705	0.028296	0.039585
scaffold_430_segment0	12378451	12573347	0.069833	0.028891	0.020132	0.029772
scaffold_430_segment0	12573352	12698378	0.032161	0.024432	0.014105	0.005102
scaffold_430_segment0	12698417	12788258	0.130689	0.090724	0.053113	0.061443
scaffold_430_segment0	12788262	12870953	-0.369503	-0.375967	-0.218150	-0.191575
scaffold_430_segment0	12870982	12941196	-0.298145	-0.462278	-0.246181	-0.144460
scaffold_430_segment0	12941197	13099201	-0.018853	-0.013476	-0.007973	-0.003863
scaffold_430_segment0	13100531	13222725	0.219222	0.176023	0.102563	0.121401
scaffold_430_segment0	13222776	13554447	0.040229	0.015613	0.010651	0.013264
scaffold_430_segment0	13554462	13783266	0.123686	0.054444	0.035067	0.069025
scaffold_430_segment0	13783333	13931058	0.017427	0.011084	0.007630	0.011002
scaffold_430_segment0	13931091	14113719	0.114433	0.054528	0.041968	0.050151
scaffold_430_segment0	14113757	14394897	0.056224	0.012339	0.009771	0.029326
scaffold_430_segment0	14394900	14609654	-0.004066	-0.000952	-0.000756	-0.005098
scaffold_430_segment0	14609655	14796117	-0.028423	-0.012408	-0.008239	-0.017875
scaffold_430_segment0	14796133	15028737	0.032329	0.013270	0.009602	0.018750
scaffold_430_segment0	15028747	15364930	0.019454	0.005535	0.004327	0.015709
scaffold_430_segment0	15364951	15526157	0.030163	0.019600	0.013394	0.015782
scaffold_430_segment0	15526162	15622795	-0.136707	-0.124721	-0.078535	-0.062288
scaffold_430_segment0	15622801	15764366	0.054359	0.020850	0.014607	0.024778
scaffold_430_segment0	15764368	15915421	0.007961	0.002901	0.002016	0.002550
scaffold_430_segment0	15915422	16034392	-0.056332	-0.037625	-0.026054	-0.032446
scaffold_430_segment0	16034394	16168671	-0.008310	-0.003324	-0.002383	-0.001946
scaffold_430_segment0	16168684	16347006	-0.013006	-0.005484	-0.003752	-0.007806
scaffold_430_segment0	16350712	16531041	0.087298	0.048603	0.032647	0.046522
scaffold_430_segment0	16531045	16643889	-0.339654	-0.200331	-0.130300	-0.179832
scaffold_430_segment0	16644752	16773640	-0.039904	-0.013990	-0.010528	-0.020413
scaffold_430_segment0	16773647	16892730	0.003258	0.002345	0.001675	0.003602
scaffold_430_segment0	16893298	17131405	0.023375	0.007803	0.005962	0.003711
scaffold_430_segment0	17131406	17306290	0.080683	0.033621	0.022520	0.044121
scaffold_430_segment0	17306295	17564620	-0.044743	-0.014312	-0.010323	-0.013531
scaffold_430_segment0	17564646	17872902	-0.024065	-0.008189	-0.005546	-0.021926
scaffold_430_segment0	17872905	18044572	0.030264	0.014704	0.010188	0.017427
scaffold_430_segment0	18045005	18214901	-0.111844	-0.042604	-0.030048	-0.055477
scaffold_430_segment0	18216883	18507423	-0.241485	-0.102655	-0.065943	-0.147441
scaffold_430_segment0	18507430	18767160	-0.073111	-0.029337	-0.018100	-0.051029
scaffold_430_segment0	18767173	18935026	0.172662	0.094058	0.064471	0.083450
scaffold_430_segment0	18935031	19070615	-0.004917	-0.002145	-0.001501	-0.005028
scaffold_430_segment0	19070621	19155537	0.022566	0.027081	0.013232	0.001401
scaffold_430_segment0	19155549	19363186	-0.389966	-0.209697	-0.128525	-0.226030
scaffold_430_segment0	19363198	19570387	0.098840	0.050042	0.030472	0.049184
scaffold_430_segment0	19570392	19814751	-0.025938	-0.010731	-0.006402	-0.019873
scaffold_430_segment0	19814795	20239602	0.099338	0.027211	0.020119	0.052069
scaffold_430_segment0	20239731	20494907	0.015748	0.006806	0.005391	-0.001932
scaffold_430_segment0	20495562	20599040	0.026229	0.026040	0.018038	0.006735
scaffold_430_segment0	20600778	20743380	0.032946	0.017301	0.013072	0.023645
scaffold_430_segment0	20743402	21115914	-0.053421	-0.011945	-0.009675	-0.015246
scaffold_430_segment0	21115916	21387228	-0.326533	-0.119758	-0.078560	-0.179516
scaffold_430_segment0	21387229	21666285	0.088065	0.032187	0.021228	0.034220
scaffold_430_segment0	21666287	21816051	0.104022	0.063139	0.042171	0.048696
scaffold_430_segment0	21816095	21997525	0.190748	0.128197	0.078775	0.100464
scaffold_430_segment0	21997533	22184355	0.006150	0.002628	0.001858	-0.005844
scaffold_430_segment0	22184364	22260353	0.004670	0.003145	0.002356	-0.003148
scaffold_430_segment0	22260354	22296778	0.062781	0.099889	0.061026	0.038786
scaffold_430_segment0	22296785	22423233	0.080551	0.046374	0.029033	0.044400
scaffold_430_segment0	22423263	22629172	0.263023	0.106525	0.062986	0.144475
scaffold_430_segment0	22629175	22789606	-0.095791	-0.043934	-0.027618	-0.042796
scaffold_430_segment0	22789607	22990948	-0.092378	-0.031437	-0.024508	-0.049584
scaffold_430_segment0	22990960	23231306	-0.008142	-0.001908	-0.001652	-0.000030
scaffold_430_segment0	23233811	23483947	0.032132	0.008769	0.007181	0.025172
scaffold_430_segment0	23483955	23676399	0.092521	0.037534	0.028835	0.039625
scaffold_430_segment0	23676604	23859766	0.012068	0.006730	0.004524	-0.000363
scaffold_430_segment0	23859780	24079251	-0.061173	-0.022881	-0.016091	-0.039942
scaffold_430_segment0	24079266	24385294	0.040073	0.014165	0.010167	0.024153
scaffold_430_segment0	24385302	24541206	0.053456	0.049478	0.027682	0.034365
scaffold_430_segment0	24541210	24818363	0.026528	0.011301	0.006329	0.005475
scaffold_430_segment0	24818369	24984356	0.002359	0.001507	0.000930	-0.002275
scaffold_430_segment0	24984407	25150055	-0.247233	-0.202579	-0.121245	-0.119312
scaffold_430_segment0	25150064	25363300	-0.206882	-0.135626	-0.080053	-0.126045
scaffold_430_segment0	25363301	25466121	0.050248	0.039400	0.024207	0.015535
scaffold_430_segment0	25466123	25768077	0.111468	0.068526	0.042178	0.040062
scaffold_430_segment0	25768080	25977457	0.029031	0.010335	0.008425	0.010541
scaffold_430_segment0	25978736	26378969	0.062206	0.018827	0.013847	0.045470
scaffold_430_segment0	26379011	26533270	0.010913	0.008770	0.004946	0.012017
scaffold_430_segment0	26534423	26744512	-0.137012	-0.082772	-0.055697	-0.063724
scaffold_430_segment0	26744516	26882494	0.171612	0.145320	0.085428	0.074520
scaffold_430_segment0	26882972	27108945	0.248305	0.174089	0.099826	0.116776
scaffold_430_segment0	27109340	27356744	-0.033235	-0.019022	-0.013751	-0.009896
scaffold_430_segment0	27358721	27649382	0.024422	0.006997	0.004970	0.002302
scaffold_430_segment0	27650896	27871155	0.271759	0.141112	0.090868	0.109157
scaffold_430_segment0	27871184	27923169	0.038680	0.051648	0.031867	0.023568
scaffold_430_segment0	27923189	28196672	-0.189642	-0.114416	-0.069288	-0.108028
scaffold_430_segment0	28196673	28299591	0.121292	0.122533	0.071813	0.082816
scaffold_430_segment0	28299608	28438889	-0.109350	-0.058314	-0.036873	-0.061816
scaffold_430_segment0	28439351	28667934	-0.176260	-0.095709	-0.063958	-0.121757
scaffold_430_segment0	28668126	29001959	0.007851	0.002214	0.001556	-0.001069
scaffold_430_segment0	29001971	29245275	-0.080113	-0.025684	-0.020301	-0.039530
scaffold_430_segment0	29245277	29549229	0.134117	0.038238	0.029149	0.085123
scaffold_430_segment0	29549365	29916284	-0.044171	-0.011377	-0.008547	-0.018863
scaffold_430_segment0	29916305	30095122	0.056763	0.023461	0.016344	0.034051
scaffold_430_segment0	30095132	30244294	0.086602	0.043531	0.027324	0.059318
scaffold_430_segment0	30244308	30538460	-0.031948	-0.009943	-0.006832	-0.011417
scaffold_430_segment0	30538464	30786991	-0.037220	-0.012220	-0.008432	-0.018498
scaffold_430_segment0	30788497	30994055	0.166143	0.044584	0.034592	0.089489
scaffold_430_segment0	30994066	31220336	0.154183	0.069793	0.045783	0.100318
scaffold_430_segment0	31220552	31445328	-0.174738	-0.080054	-0.054860	-0.091468
scaffold_430_segment0	31445338	31633158	0.002116	0.000990	0.000713	-0.001209
scaffold_430_segment0	31633164	31865100	-0.067705	-0.023524	-0.017492	-0.038721
scaffold_430_segment0	31865107	32018396	-0.084683	-0.045011	-0.031481	-0.042609
scaffold_430_segment0	32018681	32149276	-0.019269	-0.009082	-0.006486	0.000170
scaffold_430_segment0	32149320	32288993	-0.202798	-0.144989	-0.087970	-0.101780
scaffold_430_segment0	32289802	32393043	-0.198218	-0.181706	-0.098359	-0.099475
scaffold_430_segment0	32393046	32492268	0.160433	0.227958	0.119819	0.092312
scaffold_430_segment0	32492289	32671414	0.028350	0.020027	0.012615	0.010550
scaffold_430_segment0	32671460	32869843	0.106632	0.052390	0.034718	0.062302
scaffold_430_segment0	32873487	33067051	0.058685	0.026089	0.017128	0.026583
scaffold_430_segment0	33067052	33327816	0.085049	0.040929	0.023507	0.042074
scaffold_430_segment0	33328113	33540550	0.004947	0.002479	0.001854	0.006159
scaffold_430_segment0	33540565	33585532	0.012438	0.035919	0.022459	0.009342
scaffold_430_segment0	33585538	33893444	0.064018	0.018828	0.014016	0.022624
scaffold_430_segment0	33893458	34127213	-0.139840	-0.081006	-0.044751	-0.085132
scaffold_430_segment0	34127240	34306380	-0.146187	-0.078301	-0.052684	-0.092625
scaffold_430_segment0	34306406	34439479	0.107258	0.041853	0.031367	0.041303
scaffold_430_segment0	34439500	34732342	-0.046760	-0.021181	-0.014257	-0.025258
scaffold_430_segment0	34732896	34928548	-0.162786	-0.099664	-0.058261	-0.129366
scaffold_430_segment0	34931571	35187509	0.086833	0.031646	0.021594	0.056094
scaffold_430_segment0	35187515	35442083	-0.020142	-0.009093	-0.005801	-0.007635
scaffold_430_segment0	35442148	35778852	0.169817	0.072094	0.047770	0.082023
scaffold_430_segment0	35778903	35963098	0.046785	0.019316	0.015241	0.027761
scaffold_430_segment0	35963108	36142717	0.009661	0.004269	0.003148	0.022878
scaffold_430_segment0	36143228	36398047	0.095011	0.043331	0.029946	0.055362
scaffold_430_segment0	36398069	36720173	0.025275	0.005975	0.004863	0.010777
scaffold_430_segment0	36720378	37068205	-0.068132	-0.020342	-0.013106	-0.039902
scaffold_430_segment0	37068248	37252281	-0.025528	-0.011863	-0.008670	-0.016306
scaffold_430_segment0	37252335	37603133	0.069816	0.020468	0.015501	0.051052
scaffold_430_segment0	37605654	37967518	0.112610	0.038502	0.026004	0.056390
scaffold_430_segment0	37967526	38179992	0.100230	0.064572	0.040122	0.046644
scaffold_430_segment0	38180093	38393603	-0.105692	-0.047762	-0.036486	-0.056317
scaffold_430_segment0	38393620	38465341	-0.011687	-0.011019	-0.007923	-0.003998
scaffold_430_segment0	38465348	38479155	0.044995	0.106162	0.064370	0.026212
scaffold_430_segment0	38479161	38546578	0.175139	0.146746	0.106069	0.069433
scaffold_430_segment0	38546597	38858855	-0.233742	-0.102457	-0.067705	-0.117300
scaffold_430_segment0	38858860	39234913	0.210735	0.068906	0.043816	0.115970
scaffold_430_segment0	39234919	39694717	-0.002290	-0.000401	-0.000334	-0.000718
scaffold_430_segment0	39694882	39979333	0.028285	0.008112	0.006751	0.007485
scaffold_430_segment0	39981103	40367130	-0.009774	-0.001830	-0.001525	-0.004096
scaffold_430_segment0	40367192	40625702	-0.088762	-0.025478	-0.020881	-0.045303
scaffold_430_segment0	40625782	40798632	-0.139064	-0.073075	-0.049301	-0.065469
scaffold_430_segment0	40801345	40943331	-0.137830	-0.101252	-0.064077	-0.067768
scaffold_430_segment0	40943485	41131035	0.172324	0.106014	0.071354	0.096478
scaffold_430_segment0	41131050	41435258	-0.194699	-0.059312	-0.045867	-0.095308
scaffold_430_segment0	41435263	41721514	0.024723	0.006288	0.004827	0.008442
scaffold_430_segment0	41721519	41746727	-0.029252	-0.062622	-0.035105	-0.004926
scaffold_430_segment0	41746740	41875042	0.096718	0.054929	0.040560	0.050681
scaffold_430_segment0	41875048	42246302	-0.571965	-0.290877	-0.180351	-0.392986
scaffold_430_segment0	42246305	42578158	0.304337	0.102835	0.073929	0.177661
scaffold_430_segment0	42578214	42604599	-0.111180	-0.401530	-0.118167	-0.036900
scaffold_430_segment0	42604603	42610640	0.066962	0.200950	0.124786	0.032087
scaffold_430_segment0	42610651	42801707	-0.384533	-0.278578	-0.172005	-0.225153
scaffold_430_segment0	42801712	42978410	-0.004296	-0.002175	-0.001494	-0.018336
scaffold_430_segment0	42978489	43399279	0.181100	0.052051	0.035413	0.107993
scaffold_430_segment0	43401181	43785855	0.054980	0.012997	0.010221	0.024172
scaffold_430_segment0	43785866	44082739	-0.069583	-0.016084	-0.012971	-0.038105
scaffold_430_segment0	44082774	44462545	-0.350135	-0.158201	-0.106251	-0.281554
scaffold_430_segment0	44462550	44648756	0.157830	0.127160	0.076401	0.077982
scaffold_430_segment0	44648783	45022205	-0.045259	-0.013595	-0.009559	-0.026384
scaffold_430_segment0	45022225	45785765	0.054879	0.012634	0.009017	0.017586
scaffold_430_segment0	45785806	46170624	0.012621	0.003867	0.002930	-0.005625
scaffold_430_segment0	46170625	46557199	-0.053824	-0.015812	-0.011877	-0.025244
scaffold_430_segment0	46557208	46879626	-0.059169	-0.020723	-0.016183	-0.029113
scaffold_430_segment0	46879652	47133522	0.064407	0.025836	0.018390	0.038383
scaffold_430_segment0	47135320	47446832	-0.196477	-0.073509	-0.044180	-0.092858
scaffold_430_segment0	47446833	47784007	0.021512	0.008734	0.005462	0.010856
scaffold_430_segment0	47784034	47893559	0.115768	0.091209	0.057760	0.074634
scaffold_430_segment0	47896758	48111766	-0.103294	-0.050400	-0.033071	-0.049886
scaffold_430_segment0	48111773	48505876	0.066675	0.019075	0.014339	0.028807
scaffold_430_segment0	48505918	48885766	0.049308	0.020888	0.014678	0.024313
scaffold_430_segment0	48886929	49316581	-0.011308	-0.002502	-0.001904	-0.004018
scaffold_430_segment0	49316630	49500245	-0.025092	-0.013007	-0.009686	-0.006934
scaffold_430_segment0	49500247	49728553	-0.037561	-0.020266	-0.013714	-0.014926
scaffold_430_segment0	49729242	49960280	0.047206	0.015851	0.011858	0.022333
scaffold_430_segment0	49960283	50183923	0.009065	0.003129	0.002311	0.000626
scaffold_430_segment0	50184472	50492719	-0.008234	-0.002363	-0.001844	-0.009842
scaffold_430_segment0	50492743	50785755	-0.048914	-0.013554	-0.010782	-0.024775
scaffold_430_segment0	50785772	51056298	0.012861	0.004471	0.003282	0.002718
scaffold_430_segment0	51056317	51324842	-0.125164	-0.043439	-0.029079	-0.059280
scaffold_430_segment0	51326356	51515592	-0.006762	-0.003570	-0.002227	-0.001722
scaffold_430_segment0	51515641	51579349	0.103347	0.118549	0.058063	0.058340
contig_14_segment0	3178	25296	-0.011779	-0.033115	-0.013102	-0.010323
contig_14_segment0	25377	89866	-0.017970	-0.022053	-0.009962	-0.002991
contig_14_segment0	89900	148093	0.140032	0.152453	0.084560	0.090106
contig_14_segment0	148094	212755	-0.032718	-0.042673	-0.019564	-0.023958
contig_14_segment0	212773	273278	0.057796	0.073633	0.033831	0.037169
contig_14_segment0	273338	324073	0.115861	0.125530	0.068053	0.072362
contig_14_segment0	324075	392073	0.085137	0.098144	0.046584	0.054078
contig_14_segment0	392119	455646	0.029526	0.035576	0.018153	0.016322
contig_14_segment0	455663	517839	0.074663	0.101474	0.045034	0.036060
contig_14_segment0	517865	587681	0.041130	0.044996	0.021835	0.015608
contig_14_segment0	587698	662636	0.093187	0.099186	0.049760	0.054473
contig_14_segment0	662650	739670	0.017264	0.021203	0.009945	0.012099
contig_14_segment0	740265	807388	-0.086433	-0.112920	-0.048574	-0.051538
contig_14_segment0	807450	859516	0.117470	0.133607	0.064861	0.065783
contig_14_segment0	859540	917568	0.056170	0.056043	0.031245	0.036511
contig_14_segment0	917752	1013726	0.055010	0.056194	0.030364	0.039232
contig_14_segment0	1014060	1127927	0.154066	0.158282	0.081542	0.091616
contig_14_segment0	1128006	1209961	0.023940	0.026955	0.013351	0.006194
contig_14_segment0	1210010	1282042	0.088584	0.108347	0.047702	0.043649
contig_14_segment0	1282050	1371176	0.049301	0.051066	0.023222	0.021611
contig_14_segment0	1371247	1457239	0.072537	0.073022	0.038241	0.035078
contig_14_segment0	1457245	1552506	0.033484	0.041484	0.020098	0.019488
contig_14_segment0	1553114	1576579	-0.019063	-0.040962	-0.022361	-0.012894
contig_14_segment0	1576596	1583703	0.033467	0.134242	0.066351	0.012833
contig_14_segment0	1583704	1592778	0.044871	0.150158	0.072305	0.022962
contig_14_segment0	1592782	1605017	-0.000974	-0.003961	-0.001432	-0.006416
contig_14_segment0	1605116	1621002	-0.011706	-0.023914	-0.012552	-0.004066
contig_14_segment0	1621013	1629431	0.062494	0.199308	0.097195	0.037521
contig_14_segment0	1629434	1657372	-0.040534	-0.063786	-0.029951	-0.015022
contig_14_segment0	1657394	1697594	0.154415	0.173672	0.093832	0.093063
contig_14_segment0	1697623	1743082	0.133173	0.149804	0.076453	0.086566
contig_14_segment0	1743084	1782016	-0.018962	-0.027825	-0.011839	-0.011464
contig_14_segment0	1782177	1818963	0.023419	0.029416	0.013905	0.018758
contig_14_segment0	1818971	1854497	0.109521	0.133535	0.065822	0.056377
contig_14_segment0	1854522	1888597	0.043254	0.061992	0.028679	0.035614
contig_14_segment0	1888600	1926493	0.154669	0.190813	0.091990	0.087151
contig_14_segment0	1926558	1960636	0.113140	0.122940	0.066535	0.065504
contig_14_segment0	1960639	1991389	0.114316	0.136325	0.071932	0.068353
contig_14_segment0	1991426	2026082	0.060859	0.078121	0.036522	0.030819
contig_14_segment0	2026225	2070845	-0.056710	-0.073193	-0.035039	-0.044124
contig_14_segment0	2070858	2113407	0.078746	0.073276	0.038899	0.042463
contig_14_segment0	2113534	2152300	-0.000747	-0.000945	-0.000474	0.009016
contig_14_segment0	2152304	2199818	0.015114	0.016701	0.008455	0.007663
contig_14_segment0	2200028	2239482	-0.031465	-0.041031	-0.020254	-0.021446
contig_14_segment0	2239535	2284649	0.095989	0.120414	0.056553	0.056216
contig_14_segment0	2284716	2330279	0.036753	0.046699	0.023277	0.014469
contig_14_segment0	2330319	2378471	0.002732	0.002992	0.001502	-0.009592
contig_14_segment0	2378573	2422678	-0.029648	-0.039457	-0.018716	-0.012795
contig_14_segment0	2422680	2474404	0.123608	0.136566	0.072599	0.085075
contig_14_segment0	2474427	2527087	-0.003593	-0.003933	-0.002020	-0.016652
contig_14_segment0	2527097	2567502	0.026338	0.035597	0.016408	0.014166
contig_14_segment0	2567512	2624612	0.138440	0.131557	0.073620	0.082778
contig_14_segment0	2624949	2664078	0.094326	0.135101	0.066835	0.054861
contig_14_segment0	2664081	2711702	0.001881	0.002102	0.001081	0.001429
contig_14_segment0	2711817	2761742	-0.052009	-0.079980	-0.033629	-0.036383
contig_14_segment0	2761816	2815246	-0.031264	-0.045575	-0.018481	-0.020280
contig_14_segment0	2815618	2879202	-0.089456	-0.121505	-0.052482	-0.051192
contig_14_segment0	2879210	2935978	0.047249	0.050303	0.024711	0.032362
contig_14_segment0	2935981	2979630	0.105193	0.131838	0.062205	0.065769
contig_14_segment0	2979731	3023482	0.087927	0.122091	0.057412	0.050135
contig_14_segment0	3023542	3082977	-0.036603	-0.048361	-0.021370	-0.021052
contig_14_segment0	3082996	3126655	0.042149	0.066348	0.025967	0.016915
contig_14_segment0	3126696	3178879	-0.026672	-0.033134	-0.016496	-0.018756
contig_14_segment0	3179055	3236886	0.008391	0.010179	0.004627	0.003624
contig_14_segment0	3237064	3289264	0.049036	0.065808	0.032481	0.022778
contig_14_segment0	3289302	3342005	0.060713	0.069946	0.033971	0.029141
contig_14_segment0	3342077	3414277	0.057623	0.056328	0.029453	0.031370
contig_14_segment0	3414333	3459494	-0.029735	-0.045925	-0.019406	-0.011333
contig_14_segment0	3459511	3515129	0.111554	0.132215	0.067724	0.070407
contig_14_segment0	3515182	3574413	-0.000223	-0.000284	-0.000125	-0.005792
contig_14_segment0	3574488	3633506	0.024892	0.030468	0.014313	0.016774
contig_14_segment0	3633518	3697094	0.098318	0.119759	0.060728	0.051981
contig_14_segment0	3697102	3754181	0.072803	0.099105	0.040239	0.039335
contig_14_segment0	3754228	3812353	0.032636	0.038834	0.019603	0.024416
contig_14_segment0	3812398	3873409	0.161000	0.180397	0.093660	0.104807
contig_14_segment0	3873515	3978355	0.104385	0.105850	0.052359	0.061529
contig_14_segment0	3978578	4060593	0.039538	0.044260	0.022595	0.027142
contig_14_segment0	4060601	4121285	0.051233	0.068041	0.031082	0.020480
contig_14_segment0	4121373	4195492	0.018463	0.021520	0.010903	0.017278
contig_14_segment0	4195717	4259223	0.196155	0.207749	0.100096	0.127943
contig_14_segment0	4259228	4310140	0.112361	0.137068	0.057439	0.063598
contig_14_segment0	4310173	4361115	0.036827	0.046989	0.022133	0.023332
contig_14_segment0	4361150	4408802	0.037019	0.046212	0.023103	0.022701
contig_14_segment0	4408943	4460407	0.173326	0.203310	0.099343	0.106748
contig_14_segment0	4460415	4511595	0.054975	0.064222	0.029933	0.028849
contig_14_segment0	4511640	4570697	0.056130	0.072958	0.031576	0.030371
contig_14_segment0	4570707	4627980	0.147150	0.147893	0.075848	0.106350
contig_14_segment0	4627981	4677521	0.034978	0.041556	0.018566	0.008766
contig_14_segment0	4677591	4720017	-0.049292	-0.066898	-0.033470	-0.032510
contig_14_segment0	4720022	4790646	0.148883	0.183135	0.092243	0.094533
contig_14_segment0	4790693	4918230	0.199602	0.255079	0.139286	0.118512
contig_14_segment0	4918282	5096249	0.263754	0.282878	0.140916	0.166149
contig_14_segment0	5096563	5385518	-0.127256	-0.094161	-0.049249	-0.056112
contig_14_segment0	5385527	5521547	-0.001810	-0.002475	-0.001575	0.005165
contig_14_segment0	5521548	5527348	0.005500	0.037188	0.020173	-0.000213
contig_14_segment0	5527360	5535532	-0.015004	-0.152521	-0.075147	-0.005619
contig_4_segment0	19801	111089	-0.073783	-0.173425	-0.087348	-0.045254
contig_4_segment0	111673	265489	0.125878	0.091210	0.053997	0.080027
contig_4_segment0	265496	349111	0.033178	0.025334	0.014593	0.000447
contig_4_segment0	349297	407601	-0.068220	-0.101758	-0.035407	-0.029520
contig_4_segment0	407640	459719	0.011600	0.014703	0.006791	0.000569
contig_4_segment0	459727	508716	-0.114470	-0.159180	-0.077780	-0.074489
contig_4_segment0	508722	559162	-0.027896	-0.037445	-0.019372	-0.027221
contig_4_segment0	559187	597895	-0.028639	-0.037850	-0.019684	-0.011667
contig_4_segment0	597921	644542	0.088376	0.106472	0.055696	0.059300
contig_4_segment0	644543	684896	0.060505	0.072096	0.038528	0.021168
contig_4_segment0	684908	724193	0.030221	0.050337	0.020666	0.008676
contig_4_segment0	724195	770941	0.140091	0.205409	0.093685	0.093851
contig_4_segment0	771005	838879	0.085223	0.092934	0.050313	0.043184
contig_4_segment0	838987	890727	0.099665	0.160118	0.075096	0.055126
contig_4_segment0	890736	942236	0.030712	0.039550	0.019707	0.008969
contig_4_segment0	942260	977338	-0.048865	-0.084185	-0.033804	-0.024882
contig_4_segment0	977361	1016776	-0.003767	-0.005059	-0.002390	-0.004010
contig_4_segment0	1016937	1057524	0.099249	0.122444	0.056346	0.052532
contig_4_segment0	1057548	1103898	-0.055806	-0.080386	-0.035078	-0.021576
contig_4_segment0	1103907	1140451	0.035762	0.055231	0.022187	0.026649
contig_4_segment0	1140453	1174704	-0.076850	-0.120820	-0.045988	-0.042915
contig_4_segment0	1174734	1211687	-0.002359	-0.003822	-0.001533	-0.008756
contig_4_segment0	1211745	1246523	0.069784	0.084017	0.040413	0.044129
contig_4_segment0	1246542	1285554	0.107819	0.148264	0.063663	0.053372
contig_4_segment0	1285560	1318135	0.046074	0.069869	0.032162	0.023715
contig_4_segment0	1318139	1352968	0.048842	0.066865	0.030944	0.028532
contig_4_segment0	1353008	1387527	0.079411	0.118725	0.049925	0.050238
contig_4_segment0	1387755	1424379	0.054435	0.066592	0.033657	0.040187
contig_4_segment0	1424429	1459511	0.028261	0.038130	0.016697	0.020090
contig_4_segment0	1459512	1499260	0.058137	0.072941	0.036770	0.038001
contig_4_segment0	1499267	1532656	0.002963	0.004850	0.002011	0.013847
contig_4_segment0	1532657	1569842	0.033664	0.045098	0.021068	0.015162
contig_4_segment0	1570142	1618288	0.137284	0.172663	0.090520	0.076181
contig_4_segment0	1618298	1673510	-0.126167	-0.214099	-0.096217	-0.066470
contig_4_segment0	1673570	1738477	0.132959	0.173200	0.091452	0.082884
contig_4_segment0	1738493	1786936	0.071817	0.079877	0.043650	0.035326
contig_4_segment0	1786964	1857748	0.026195	0.032649	0.014646	0.022895
contig_4_segment0	1857749	1912092	0.054808	0.086481	0.038112	0.033750
contig_4_segment0	1912094	1965746	-0.017361	-0.021379	-0.009646	-0.019244
contig_4_segment0	1965785	2011314	-0.114154	-0.164148	-0.073903	-0.063859
contig_4_segment0	2011318	2054056	0.062911	0.088999	0.042650	0.042567
contig_4_segment0	2054082	2092919	-0.000941	-0.001306	-0.000604	0.001101
contig_4_segment0	2092934	2134658	0.065153	0.086269	0.035103	0.038185
contig_4_segment0	2134666	2185849	0.118261	0.135519	0.067078	0.072359
contig_4_segment0	2185860	2241501	0.023898	0.031048	0.012892	0.008846
contig_4_segment0	2241548	2291932	0.129414	0.218765	0.100902	0.067536
contig_4_segment0	2291951	2340877	0.140369	0.204955	0.088675	0.083729
contig_4_segment0	2341134	2404236	-0.046345	-0.061210	-0.028337	-0.034393
contig_4_segment0	2404259	2455891	0.126528	0.156985	0.079378	0.070934
contig_4_segment0	2455912	2498739	0.023928	0.029656	0.013269	0.007758
contig_4_segment0	2498751	2530579	0.158610	0.298864	0.141499	0.099124
contig_4_segment0	2530580	2609000	0.049908	0.061792	0.030939	0.038678
contig_4_segment0	2609037	2686092	-0.064161	-0.078705	-0.037356	-0.051803
contig_4_segment0	2686436	2769410	-0.068525	-0.082319	-0.040970	-0.035685
contig_4_segment0	2769583	2886962	0.049434	0.057906	0.023638	0.022046
contig_4_segment0	2886965	2933773	-0.108619	-0.218111	-0.093671	-0.050554
contig_4_segment0	2933878	3002406	0.014486	0.025333	0.009871	0.009726
contig_4_segment0	3002508	3071175	0.169275	0.189027	0.094611	0.099974
contig_4_segment0	3071388	3126556	0.098022	0.133670	0.061234	0.064195
contig_4_segment0	3126910	3183775	0.073387	0.083929	0.045023	0.059361
contig_4_segment0	3183797	3254068	0.090836	0.134773	0.063687	0.059877
contig_4_segment0	3254252	3322562	0.123765	0.157226	0.075761	0.076737
contig_4_segment0	3322957	3383696	0.070362	0.093921	0.044332	0.034929
contig_4_segment0	3383699	3430827	0.119529	0.181079	0.073453	0.063712
contig_4_segment0	3430876	3496279	0.201281	0.227015	0.117703	0.137647
contig_4_segment0	3496371	3544714	0.087858	0.129009	0.067037	0.043735
contig_4_segment0	3544781	3614583	0.004949	0.006301	0.003110	0.011499
contig_4_segment0	3614591	3688717	0.057715	0.062829	0.030585	0.035565
contig_4_segment0	3689470	3758977	-0.039509	-0.051813	-0.022904	-0.017542
contig_4_segment0	3759050	3821673	0.105010	0.117901	0.056148	0.068794
contig_4_segment0	3821823	3870510	0.028747	0.041305	0.018900	0.015151
contig_4_segment0	3870650	3945446	0.144970	0.160338	0.081435	0.096755
contig_4_segment0	3945452	4014936	0.042434	0.044110	0.023027	0.023063
contig_4_segment0	4014979	4069566	0.035881	0.051830	0.023718	0.015768
contig_4_segment0	4069573	4131243	-0.038986	-0.062995	-0.029338	-0.020896
contig_4_segment0	4131282	4178392	0.046490	0.078330	0.032682	0.031548
contig_4_segment0	4178729	4242540	0.222934	0.261650	0.127634	0.134592
contig_4_segment0	4242826	4322749	0.128507	0.144069	0.074031	0.087114
contig_4_segment0	4322760	4387001	0.196335	0.210145	0.114962	0.123869
contig_4_segment0	4387015	4472057	0.021448	0.025678	0.012116	0.006779
contig_4_segment0	4472065	4542050	-0.114243	-0.180240	-0.077179	-0.057113
contig_4_segment0	4542085	4592862	-0.119604	-0.208573	-0.094401	-0.060745
contig_4_segment0	4592886	4601055	0.004695	0.023574	0.009787	0.002290
contig_4_segment0	4601084	4650757	-0.037766	-0.062781	-0.033705	-0.011818
contig_4_segment0	4650768	4723613	-0.047081	-0.045976	-0.026624	-0.032361
contig_4_segment0	4723643	4773450	-0.053048	-0.066166	-0.033510	-0.023155
contig_4_segment0	4773537	4841165	0.164407	0.178488	0.086627	0.099674
contig_4_segment0	4841172	4902362	0.112820	0.123810	0.064470	0.063769
contig_4_segment0	4902577	4969467	-0.069874	-0.079905	-0.036738	-0.047840
contig_4_segment0	4969471	5053948	0.232561	0.266698	0.135848	0.120846
contig_4_segment0	5053953	5097831	0.084139	0.116407	0.061218	0.040944
contig_4_segment0	5097832	5165942	0.175642	0.156983	0.091104	0.101199
contig_4_segment0	5166160	5247749	0.059540	0.053482	0.030304	0.042376
contig_4_segment0	5247794	5327006	0.213757	0.296334	0.115493	0.123542
contig_4_segment0	5327117	5416380	0.032090	0.034093	0.016664	0.010753
contig_4_segment0	5416384	5494506	-0.068893	-0.085017	-0.037094	-0.055617
contig_4_segment0	5494635	5576863	-0.010694	-0.010328	-0.005432	-0.013667
contig_4_segment0	5577083	5667941	0.000733	0.000881	0.000431	0.007107
contig_4_segment0	5667955	5719484	0.151130	0.196212	0.104697	0.071779
contig_4_segment0	5719494	5801427	0.076900	0.082152	0.041593	0.044797
contig_4_segment0	5801436	5846109	-0.031985	-0.046759	-0.021510	-0.025433
contig_4_segment0	5846120	5915497	0.097811	0.095770	0.049229	0.051601
contig_4_segment0	5915619	5973962	-0.021855	-0.026432	-0.011273	-0.016642
contig_4_segment0	5973975	6043627	-0.070321	-0.092661	-0.045204	-0.040960
contig_4_segment0	6043660	6127769	0.063216	0.059422	0.031225	0.036033
contig_4_segment0	6127803	6198486	0.028399	0.033399	0.016838	0.011927
contig_4_segment0	6198492	6266890	-0.101863	-0.119504	-0.059925	-0.061229
contig_4_segment0	6266974	6369146	-0.044436	-0.048327	-0.023189	-0.016704
contig_4_segment0	6369153	6462886	0.048656	0.035569	0.020808	0.016793
contig_4_segment0	6462897	6565629	0.160790	0.157831	0.078025	0.095989
contig_4_segment0	6565953	6664988	0.107152	0.124216	0.064746	0.065255
contig_4_segment0	6665218	6775499	0.000034	0.000030	0.000016	-0.010945
contig_4_segment0	6775552	6871131	0.036283	0.040664	0.021099	0.019285
contig_4_segment0	6871132	6989602	0.105736	0.088287	0.044826	0.075587
contig_4_segment0	6990013	7074955	0.122540	0.151023	0.071642	0.074658
contig_4_segment0	7075343	7140052	-0.060047	-0.096133	-0.036143	-0.029607
contig_4_segment0	7140054	7223606	-0.034659	-0.046055	-0.020563	-0.015977
contig_4_segment0	7223968	7285097	0.057723	0.073641	0.037348	0.030052
contig_4_segment0	7285103	7367284	0.128717	0.157926	0.077451	0.081613
contig_4_segment0	7368376	7495679	0.104819	0.107887	0.052095	0.079600
contig_4_segment0	7495898	7612539	0.033811	0.027568	0.015951	0.014727
contig_4_segment0	7612596	7708528	0.068891	0.092120	0.040127	0.036999
contig_4_segment0	7708529	7819107	0.134391	0.110462	0.057951	0.085619
contig_4_segment0	7819204	7908062	0.121711	0.139677	0.058513	0.067055
contig_4_segment0	7908093	8034664	0.121264	0.115325	0.057055	0.085155
contig_4_segment0	8034665	8165022	0.024244	0.021727	0.010622	0.012769
contig_4_segment0	8165035	8282712	0.200180	0.184969	0.079596	0.127998
contig_4_segment0	8283046	8375235	0.154398	0.165955	0.068954	0.100879
contig_4_segment0	8375241	8462847	-0.031905	-0.032332	-0.015423	-0.020120
contig_4_segment0	8462855	8542167	-0.047145	-0.046116	-0.021568	-0.039110
contig_4_segment0	8542612	8632839	0.282418	0.203507	0.105705	0.192963
contig_4_segment0	8633154	8717938	-0.072132	-0.073342	-0.034167	-0.053769
contig_4_segment0	8718379	8818646	0.053115	0.048209	0.022003	0.028052
contig_4_segment0	8818847	8880936	0.007097	0.013060	0.004642	0.003949
contig_4_segment0	8881188	8986255	0.009652	0.008559	0.003708	-0.006872
contig_4_segment0	8986639	9150715	-0.074126	-0.074794	-0.030039	-0.046524
contig_4_segment0	9150897	9357569	-0.001937	-0.001071	-0.000607	0.010507
contig_4_segment0	9357620	9491053	0.254712	0.192858	0.104850	0.195163
contig_4_segment0	9491055	9695384	0.184906	0.144366	0.071912	0.144007
contig_4_segment0	9695465	9841169	-0.098422	-0.095887	-0.041269	-0.068196
contig_4_segment0	9841366	10046823	0.129289	0.087787	0.045155	0.080860
contig_4_segment0	10047135	10215572	-0.042256	-0.030611	-0.015594	-0.034133
contig_4_segment0	10216166	10398212	-0.190157	-0.166070	-0.073218	-0.144339
contig_4_segment0	10398365	10544330	0.085383	0.063954	0.032557	0.055451
contig_4_segment0	10544446	10741588	0.437681	0.374504	0.183136	0.269796
contig_4_segment0	10742182	10916112	0.165840	0.102495	0.046858	0.094175
contig_4_segment0	10916280	11059476	0.071798	0.061214	0.033886	0.061749
contig_4_segment0	11060527	11192530	0.206663	0.160343	0.098746	0.134391
contig_4_segment0	11192612	11332607	0.097069	0.092398	0.047965	0.060956
contig_4_segment0	11332912	11451063	-0.067597	-0.070720	-0.032082	-0.051016
contig_4_segment0	11451174	11589956	-0.113842	-0.095900	-0.049437	-0.076424
contig_4_segment0	11590020	11695816	0.131267	0.151885	0.069557	0.073987
contig_4_segment0	11695828	11813169	0.153677	0.161948	0.088058	0.099749
contig_4_segment0	11813211	11937935	0.044317	0.039669	0.022161	0.019126
contig_4_segment0	11937950	12117686	-0.079584	-0.061786	-0.033080	-0.035546
contig_4_segment0	12117824	12335021	0.185936	0.160161	0.081565	0.113170
contig_4_segment0	12335042	12446747	0.038675	0.031802	0.017192	0.024692
contig_4_segment0	12446778	12628367	0.247783	0.196925	0.106980	0.152602
contig_4_segment0	12628675	12763563	-0.036874	-0.048294	-0.019375	-0.024722
contig_4_segment0	12763564	12924905	0.083156	0.052991	0.030608	0.043263
contig_4_segment0	12925337	13089130	-0.077506	-0.084069	-0.046583	-0.049648
contig_4_segment0	13089223	13258039	0.147219	0.112340	0.059497	0.089795
contig_4_segment0	13258064	13411338	0.158658	0.134182	0.070232	0.089056
contig_4_segment0	13411470	13560148	0.040356	0.032959	0.017917	0.019510
contig_4_segment0	13560243	13646461	-0.077586	-0.113598	-0.070662	-0.044081
contig_4_segment0	13646552	13784991	0.012364	0.010953	0.005613	0.008681
contig_4_segment0	13785140	13888374	0.134772	0.121317	0.067367	0.082053
contig_4_segment0	13888379	13987201	0.054815	0.055888	0.029996	0.023535
contig_4_segment0	13987236	14114816	0.055553	0.038997	0.021254	0.022927
contig_4_segment0	14115005	14285735	-0.040848	-0.029418	-0.015104	-0.014488
contig_4_segment0	14285799	14459969	0.073061	0.037996	0.024396	0.041036
contig_4_segment0	14460128	14616543	-0.145724	-0.102586	-0.060057	-0.080709
contig_4_segment0	14616623	14805825	-0.033554	-0.015730	-0.010339	-0.019588
contig_4_segment0	14807020	14956552	-0.094428	-0.066932	-0.037702	-0.041867
contig_4_segment0	14957129	15149777	-0.015556	-0.009276	-0.005074	-0.009300
contig_4_segment0	15149998	15294911	0.190029	0.106274	0.072604	0.100204
contig_4_segment0	15295249	15463655	0.025323	0.018017	0.010092	0.010445
contig_4_segment0	15464426	15622644	0.000282	0.000196	0.000121	-0.004868
contig_4_segment0	15622846	15869543	-0.229497	-0.157633	-0.083974	-0.103142
contig_4_segment0	15870362	16076827	0.244458	0.168430	0.096195	0.144744
contig_4_segment0	16076830	16235430	0.012247	0.008937	0.005787	0.004641
contig_4_segment0	16235563	16475589	-0.044753	-0.034690	-0.017897	-0.032362
contig_4_segment0	16476415	16655189	-0.071947	-0.026871	-0.018688	-0.035802
contig_4_segment0	16655576	16880296	-0.341142	-0.264568	-0.136943	-0.268551
contig_4_segment0	16880326	17078439	0.068649	0.070227	0.035723	0.031212
contig_4_segment0	17078446	17343918	-0.026989	-0.024415	-0.013333	-0.014526
contig_4_segment0	17343926	17546863	0.108536	0.041039	0.026943	0.039221
contig_4_segment0	17547246	17670881	0.111392	0.062580	0.038003	0.042303
contig_4_segment0	17670970	17850721	0.159489	0.073902	0.048922	0.100155
contig_4_segment0	17850727	17996979	0.171504	0.097669	0.065613	0.090513
contig_4_segment0	17996982	18176035	-0.140065	-0.096652	-0.061628	-0.094039
contig_4_segment0	18176144	18380950	-0.123741	-0.084538	-0.051528	-0.074088
contig_4_segment0	18380955	18508599	0.071157	0.072672	0.038027	0.036707
contig_4_segment0	18508602	18718210	0.153649	0.085229	0.053600	0.109719
contig_4_segment0	18719036	18950608	0.141791	0.063084	0.043747	0.094538
contig_4_segment0	18950612	19096214	-0.147549	-0.139501	-0.092174	-0.101904
contig_4_segment0	19096218	19269509	0.216606	0.115996	0.073645	0.127404
contig_4_segment0	19269520	19447997	0.097790	0.089868	0.043590	0.050648
contig_4_segment0	19448010	19639878	0.172144	0.079103	0.049939	0.096506
contig_4_segment0	19639968	19691041	-0.000837	-0.000928	-0.000507	-0.005886
contig_4_segment0	19691043	19908816	0.082970	0.030833	0.018877	0.048123
contig_4_segment0	19908922	20116568	0.046905	0.035052	0.020953	0.017843
contig_4_segment0	20116579	20466088	-0.063098	-0.018837	-0.013433	-0.037670
contig_4_segment0	20466330	20756526	-0.252210	-0.095239	-0.066234	-0.171341
contig_4_segment0	20756532	20968485	0.003007	0.001242	0.000816	0.008170
contig_4_segment0	20968490	21138943	0.188645	0.143348	0.086588	0.101006
contig_4_segment0	21138946	21308580	-0.084261	-0.048964	-0.031297	-0.042691
contig_4_segment0	21308582	21422768	0.048867	0.066626	0.037920	0.011880
contig_4_segment0	21422941	21601743	-0.183368	-0.149645	-0.083648	-0.105058
contig_4_segment0	21602194	21818537	0.022499	0.009921	0.006994	-0.002115
contig_4_segment0	21828233	22138037	0.098417	0.036860	0.027102	0.056708
contig_4_segment0	22138051	22554362	0.007834	0.003276	0.002159	0.010289
contig_4_segment0	22554366	22894022	0.027558	0.010953	0.007365	0.020854
contig_4_segment0	22894036	23131663	-0.112423	-0.057675	-0.037273	-0.063867
contig_4_segment0	23132009	23470756	0.046162	0.015552	0.010172	0.022246
contig_4_segment0	23470776	23577445	0.026562	0.039651	0.024810	0.001141
contig_4_segment0	23577447	23904431	0.145130	0.057623	0.037987	0.059678
contig_4_segment0	23904436	24488418	-0.039517	-0.009370	-0.006276	-0.025357
contig_4_segment0	24489354	24829884	-0.004720	-0.001460	-0.001046	-0.004841
contig_4_segment0	24829894	25077056	0.051027	0.022043	0.015824	0.027865
contig_4_segment0	25079175	25476990	-0.086815	-0.018723	-0.012793	-0.049337
contig_4_segment0	25477634	25786600	-0.002398	-0.000983	-0.000733	-0.003869
contig_4_segment0	25786616	26144349	-0.008720	-0.002833	-0.002112	-0.008560
contig_4_segment0	26148030	26632247	-0.083621	-0.024105	-0.015575	-0.051104
contig_4_segment0	26632248	26737180	0.438547	0.441356	0.228229	0.271832
contig_4_segment0	26737183	26805366	0.068109	0.170949	0.074627	0.031430
contig_4_segment0	26805372	27044017	0.155868	0.109424	0.055935	0.103496
contig_4_segment0	27044020	27290357	0.036268	0.020911	0.011712	0.014664
contig_4_segment0	27292360	27589454	0.155625	0.040041	0.028039	0.076563
contig_4_segment0	27589480	27874738	-0.234728	-0.093478	-0.064356	-0.136673
contig_4_segment0	27874751	28069702	0.203056	0.106548	0.068811	0.115840
contig_4_segment0	28069724	28159357	0.004279	0.004621	0.003119	0.007482
contig_4_segment0	28159378	28299107	0.010120	0.005060	0.003859	0.008278
contig_4_segment0	28299109	28608790	0.052633	0.019198	0.012763	0.029030
contig_4_segment0	28613502	28811926	0.126878	0.068879	0.043849	0.053448
contig_4_segment0	28811935	28982125	0.056194	0.043641	0.027656	0.027198
contig_4_segment0	28982126	29131596	0.062019	0.025418	0.019624	0.027293
contig_4_segment0	29131597	29496561	-0.059442	-0.022452	-0.014903	-0.031986
contig_4_segment0	29496643	29946210	-0.031303	-0.009387	-0.006445	-0.022581
contig_4_segment0	29946506	30450383	-0.214423	-0.069627	-0.046368	-0.139222
contig_4_segment0	30451341	30839320	0.057807	0.018886	0.012469	0.026352
contig_4_segment0	30841357	31157115	0.014838	0.004650	0.003582	0.000354
contig_4_segment0	31157132	31532288	-0.057502	-0.016504	-0.012342	-0.047959
contig_4_segment0	31532357	31884435	0.112559	0.050379	0.030824	0.088609
contig_4_segment0	31884825	31992417	0.034966	0.041545	0.026183	0.012739
contig_4_segment0	31992418	31996873	0.029119	0.156355	0.078337	0.011423
contig_4_segment0	31996882	32018682	0.126217	0.189096	0.120018	0.080404
contig_4_segment0	32018686	32207296	-0.284889	-0.139175	-0.095694	-0.145632
contig_4_segment0	32207309	32647315	-0.081930	-0.025633	-0.016954	-0.035565
contig_4_segment0	32647511	32884097	-0.044309	-0.026550	-0.017263	-0.018149
contig_4_segment0	32884139	33352600	0.016889	0.005579	0.003584	0.023311
contig_4_segment0	33353322	33647230	-0.004499	-0.003954	-0.002205	-0.004575
contig_4_segment0	33649942	34033144	-0.100683	-0.102214	-0.048403	-0.060122
contig_4_segment0	34033146	34361394	0.173771	0.070228	0.048372	0.119066
contig_4_segment0	34361579	34636013	-0.186043	-0.095836	-0.061154	-0.123833
contig_4_segment0	34636074	35027771	0.089946	0.022333	0.017307	0.069921
contig_4_segment0	35027772	35298698	0.396246	0.198444	0.114398	0.308977
contig_4_segment0	35299142	35700623	-0.277705	-0.103326	-0.069636	-0.171572
contig_4_segment0	35700632	35994609	-0.014102	-0.003809	-0.002947	-0.007876
contig_4_segment0	35996036	36364044	0.127533	0.036007	0.025360	0.078553
contig_4_segment0	36364154	36606363	-0.194734	-0.070154	-0.049869	-0.118783
contig_4_segment0	36606393	36963592	-0.019799	-0.005690	-0.004261	-0.009181
contig_4_segment0	36964503	37273472	0.059841	0.013193	0.009418	0.034304
contig_4_segment0	37273487	37493119	0.258221	0.150633	0.099154	0.170456
contig_4_segment0	37493141	37907215	0.119513	0.055131	0.030735	0.053355
contig_4_segment0	37907221	38190846	0.014565	0.006574	0.003940	-0.000925
contig_4_segment0	38190865	38528958	0.098159	0.037280	0.023708	0.050070
contig_4_segment0	38528960	38975449	0.052151	0.010919	0.007977	0.029775
contig_4_segment0	38980260	39491381	0.063622	0.013953	0.010931	0.038848
contig_4_segment0	39492125	39824255	0.202177	0.063173	0.043950	0.075658
contig_4_segment0	39824277	40319623	-0.223714	-0.050996	-0.037097	-0.154601
contig_4_segment0	40319629	40449406	0.003581	0.002738	0.001813	0.010171
contig_4_segment0	40449409	40946808	-0.100220	-0.029145	-0.022537	-0.051401
contig_4_segment0	40946831	41236435	-0.340479	-0.149629	-0.095418	-0.203738
contig_4_segment0	41236436	41347599	-0.327466	-0.492925	-0.226355	-0.187067
contig_4_segment0	41347613	41507627	-0.302255	-0.293974	-0.179842	-0.197527
contig_4_segment0	41507635	41703907	-0.245899	-0.111072	-0.078745	-0.158311
contig_4_segment0	41703919	42034879	0.189812	0.109169	0.060732	0.143570
contig_4_segment0	42035056	42226026	-0.283656	-0.228052	-0.129317	-0.175174
contig_4_segment0	42226256	42396845	-0.056490	-0.036874	-0.022948	-0.043071
contig_4_segment0	42396851	42625840	0.132660	0.048052	0.035564	0.054542
contig_4_segment0	42626458	42850675	-0.100393	-0.055208	-0.031802	-0.059846
contig_4_segment0	42850679	43196055	0.014102	0.004041	0.002986	0.015286
contig_4_segment0	43196062	43476686	0.123970	0.031855	0.026312	0.073461
contig_4_segment0	43476723	43768760	-0.196202	-0.054371	-0.040815	-0.116885
contig_4_segment0	43768780	44069048	-0.168851	-0.053365	-0.037729	-0.096604
contig_4_segment0	44069598	44439376	0.180000	0.053562	0.039060	0.109494
contig_4_segment0	44440445	44847454	-0.063728	-0.014715	-0.011684	-0.033273
contig_4_segment0	44848053	45124456	0.083830	0.029591	0.018981	0.044110
contig_4_segment0	45124466	45268774	0.052215	0.027472	0.019335	0.022986
contig_4_segment0	45268775	45615271	0.035560	0.007509	0.005256	0.027241
contig_4_segment0	45617740	46082288	0.036091	0.007646	0.005977	0.020267
contig_4_segment0	46082289	46698210	-0.010726	-0.001687	-0.001358	-0.007091
contig_4_segment0	46698219	47215883	0.007685	0.001579	0.001158	-0.000028
contig_4_segment0	47216988	47619140	0.183931	0.048353	0.031904	0.096998
contig_4_segment0	47619146	47992762	-0.106762	-0.038816	-0.025561	-0.060961
contig_4_segment0	47994947	48411070	0.198158	0.061295	0.037584	0.130978
contig_4_segment0	48411199	48779728	0.174058	0.062223	0.040405	0.100506
contig_4_segment0	48779862	49251455	0.011191	0.002326	0.001785	0.004687
contig_4_segment0	49251486	49483293	0.034832	0.017989	0.012141	0.018835
contig_4_segment0	49489610	49779588	0.101477	0.026185	0.019861	0.068841
contig_4_segment0	49781246	50121338	-0.006337	-0.001915	-0.001470	-0.007138
contig_4_segment0	50121359	50559644	-0.194496	-0.060809	-0.045057	-0.146372
contig_4_segment0	50559714	50990709	-0.181215	-0.072131	-0.041314	-0.092184
contig_4_segment0	50990755	51410455	0.293505	0.086429	0.060221	0.174326
contig_4_segment0	51410503	51667791	-0.060004	-0.017168	-0.011864	-0.028480
contig_4_segment0	51667798	52035533	0.049459	0.013778	0.010127	0.046555
contig_4_segment0	52035554	52733789	0.041091	0.008584	0.006753	0.028252
contig_4_segment0	52734014	53243172	0.080076	0.023362	0.017967	0.041141
contig_4_segment0	53243304	53645862	0.032327	0.009254	0.005852	0.015410
contig_4_segment0	53648023	54075386	-0.006099	-0.002050	-0.001415	0.005109
contig_4_segment0	54076959	54520224	0.083724	0.020527	0.015914	0.047565
contig_4_segment0	54520251	54540817	-0.005669	-0.018186	-0.009846	0.000144
contig_4_segment0	54540822	54932824	0.023720	0.005547	0.004320	0.010881
scaffold_13_segment0	5975	12584	0.014969	0.073719	0.031793	0.010502
scaffold_13_segment0	12593	21606	0.016082	0.059377	0.026966	0.006447
scaffold_13_segment0	21611	86675	-0.143456	-0.237380	-0.103363	-0.063495
scaffold_13_segment0	86678	164422	-0.066787	-0.107794	-0.047427	-0.037919
scaffold_13_segment0	164580	248843	-0.040450	-0.056384	-0.023490	-0.022597
scaffold_13_segment0	248845	330418	0.058691	0.052894	0.024780	0.038275
scaffold_13_segment0	330612	475115	-0.015152	-0.012596	-0.007129	-0.000167
scaffold_13_segment0	475315	584891	-0.065607	-0.057476	-0.031080	-0.035747
scaffold_13_segment0	584944	693046	-0.029678	-0.032233	-0.015867	-0.019367
scaffold_13_segment0	693091	858558	0.148965	0.108204	0.055834	0.108280
scaffold_13_segment0	859240	998316	0.125040	0.095324	0.044342	0.061947
scaffold_13_segment0	998582	1160735	-0.082529	-0.077124	-0.028077	-0.038260
scaffold_13_segment0	1160737	1236905	-0.016048	-0.028940	-0.012801	-0.005805
scaffold_13_segment0	1236907	1423809	0.015853	0.018672	0.008587	0.004559
scaffold_13_segment0	1423929	1594673	0.048342	0.078430	0.038133	0.021912
