chr	windowStart	windowEnd	D	f_d	f_dM	d_f
contig_1888_segment0	60935	507502	-0.009659	-0.016189	-0.009137	-0.006027
contig_1888_segment0	263271	741269	-0.006929	-0.011546	-0.006582	-0.006583
contig_1888_segment0	350109	874010	-0.025181	-0.037489	-0.021656	-0.011732
contig_1888_segment0	507503	924154	-0.009978	-0.014931	-0.008599	-0.006233
contig_1888_segment0	741270	1048516	0.025154	0.040390	0.021583	0.005549
contig_1888_segment0	874026	1123086	0.031575	0.047582	0.026916	0.008551
contig_1888_segment0	924156	1311608	0.093941	0.109466	0.064474	0.036613
contig_1888_segment0	1048520	1541638	0.141333	0.138928	0.080495	0.067978
contig_1888_segment0	1124160	1889340	0.177419	0.162899	0.090921	0.101580
contig_1888_segment0	1311711	2061314	0.120104	0.118723	0.061375	0.068331
contig_1888_segment0	1541641	2325418	-0.011884	-0.012090	-0.006354	-0.009321
contig_1888_segment0	1889354	2488747	-0.081641	-0.093083	-0.047057	-0.049473
contig_1888_segment0	2061334	2675161	-0.075457	-0.085171	-0.043015	-0.045503
contig_1888_segment0	2326111	2803959	0.026350	0.031567	0.015841	0.015229
contig_1888_segment0	2488892	2900519	0.077011	0.089806	0.044851	0.048662
contig_1888_segment0	2675162	2992449	0.081950	0.092824	0.047686	0.053223
contig_1888_segment0	2804009	3087995	0.066078	0.076239	0.038660	0.044866
contig_1888_segment0	2900790	3168053	0.015058	0.018412	0.009307	0.011609
contig_1888_segment0	2992451	3234910	0.052957	0.067879	0.034515	0.033500
contig_1888_segment0	3088094	3386442	0.051034	0.064009	0.030963	0.029201
contig_1888_segment0	3168143	3540140	0.080606	0.089959	0.045796	0.054407
contig_1888_segment0	3235099	3731451	0.086966	0.084881	0.045487	0.056795
contig_1888_segment0	3386483	3865980	0.083610	0.081007	0.044192	0.058550
contig_1888_segment0	3540350	3978374	0.179164	0.182000	0.100538	0.115157
contig_1888_segment0	3731457	4112968	0.163975	0.190003	0.094235	0.103576
contig_1888_segment0	3866078	4184311	0.149714	0.188521	0.092406	0.090848
contig_1888_segment0	3978408	4266362	0.027625	0.036643	0.016602	0.016210
contig_1888_segment0	4113091	4370495	-0.004963	-0.006624	-0.003087	0.000222
contig_1888_segment0	4184313	4472405	0.027400	0.031812	0.016033	0.017692
contig_1888_segment0	4266634	4613176	0.037714	0.038627	0.020075	0.022723
contig_1888_segment0	4370497	4744061	0.039100	0.037968	0.020304	0.020816
contig_1888_segment0	4472406	4833060	0.018871	0.018543	0.009581	0.009466
contig_1888_segment0	4613364	4916491	0.031364	0.033938	0.016818	0.019307
contig_1888_segment0	4744490	5010159	0.089648	0.096168	0.049379	0.051473
contig_1888_segment0	4833061	5107909	0.072612	0.079515	0.040894	0.041961
contig_1888_segment0	4916492	5208649	0.067279	0.072358	0.037274	0.036805
contig_1888_segment0	5010237	5316404	0.035926	0.038455	0.019679	0.023785
contig_1888_segment0	5107913	5405612	0.043086	0.047426	0.024185	0.026492
contig_1888_segment0	5208984	5492412	-0.022771	-0.026119	-0.013664	-0.012424
contig_1888_segment0	5316558	5560216	-0.012649	-0.015610	-0.007785	-0.008122
contig_1888_segment0	5405709	5647426	0.026468	0.030879	0.015801	0.019050
contig_1888_segment0	5492459	5744271	0.081936	0.092121	0.047084	0.049788
contig_1888_segment0	5560329	5870421	0.057454	0.061400	0.032225	0.033384
contig_1888_segment0	5647590	6020519	-0.050391	-0.055943	-0.027455	-0.041220
contig_1888_segment0	5744282	6135785	-0.003509	-0.003698	-0.001824	-0.008002
contig_1888_segment0	5870804	6222901	-0.003924	-0.004233	-0.002073	-0.006898
contig_1888_segment0	6020694	6313849	0.062676	0.069902	0.034792	0.034699
contig_1888_segment0	6136067	6427101	0.022150	0.026013	0.013130	0.009246
contig_1888_segment0	6223453	6544718	0.012604	0.014634	0.007210	0.004427
contig_1888_segment0	6313917	6687246	0.036867	0.040564	0.019849	0.017939
contig_1888_segment0	6427128	6806811	0.061377	0.068269	0.033622	0.035002
contig_1888_segment0	6544772	6919456	0.090688	0.101627	0.050980	0.053469
contig_1888_segment0	6687413	7014069	0.057461	0.067581	0.033359	0.033488
contig_1888_segment0	6806987	7110393	0.038656	0.046706	0.020838	0.022109
contig_1888_segment0	6919482	7181503	0.049216	0.063156	0.027157	0.029038
contig_1888_segment0	7014096	7248915	0.107458	0.133754	0.062372	0.065059
contig_1888_segment0	7110399	7319343	0.088919	0.110326	0.054418	0.052669
contig_1888_segment0	7181554	7387921	0.059137	0.075037	0.036120	0.036831
contig_1888_segment0	7248979	7453417	0.037761	0.048574	0.022699	0.025265
contig_1888_segment0	7319351	7521466	0.088641	0.110377	0.053031	0.058237
contig_1888_segment0	7387924	7578925	0.062522	0.083934	0.036807	0.039014
contig_1888_segment0	7453440	7636025	0.065372	0.090615	0.038573	0.039647
contig_1888_segment0	7521811	7699232	0.035775	0.051390	0.021444	0.022871
contig_1888_segment0	7579005	7758120	0.048710	0.066079	0.029615	0.030185
contig_1888_segment0	7636114	7816706	0.074622	0.095846	0.044817	0.046531
contig_1888_segment0	7699304	7883159	0.074986	0.096275	0.044376	0.046207
contig_1888_segment0	7758148	7953501	0.084324	0.104757	0.047875	0.048861
contig_1888_segment0	7816798	8030018	0.042131	0.052566	0.023459	0.022703
contig_1888_segment0	7883207	8100900	0.020106	0.025389	0.011461	0.005444
contig_1888_segment0	7953506	8168458	0.015631	0.019878	0.009243	0.005722
contig_1888_segment0	8030096	8238617	0.022718	0.029397	0.013763	0.012851
contig_1888_segment0	8101359	8302967	0.030953	0.039177	0.018105	0.020674
contig_1888_segment0	8168460	8372552	0.047149	0.059152	0.027205	0.028351
contig_1888_segment0	8238623	8453408	0.067101	0.082449	0.038727	0.036342
contig_1888_segment0	8303082	8543123	0.068937	0.083659	0.039886	0.038889
contig_1888_segment0	8372640	8620881	0.065672	0.079135	0.039621	0.040531
contig_1888_segment0	8453449	8700433	0.069858	0.086954	0.042394	0.045336
contig_1888_segment0	8543134	8780413	0.110296	0.138341	0.067570	0.070020
contig_1888_segment0	8620882	8899018	0.166729	0.209494	0.098763	0.104882
contig_1888_segment0	8700632	9016743	0.162236	0.196663	0.094506	0.100538
contig_1888_segment0	8780594	9115827	0.144697	0.175399	0.084949	0.092213
contig_1888_segment0	8899394	9267974	0.083476	0.093165	0.046734	0.054295
contig_1888_segment0	9016932	9438428	0.074266	0.078675	0.039336	0.050005
contig_1888_segment0	9115831	9610986	0.089139	0.087566	0.043636	0.060207
contig_1888_segment0	9268006	9754882	0.098457	0.105662	0.052006	0.065166
contig_1888_segment0	9438560	9854705	0.115982	0.132890	0.062680	0.073048
contig_1888_segment0	9611179	9949722	0.082849	0.099030	0.047146	0.052076
contig_1888_segment0	9754898	10045897	0.097302	0.109307	0.052309	0.058432
contig_1888_segment0	9854861	10161293	0.081787	0.090175	0.045983	0.052352
contig_1888_segment0	9949752	10319290	0.107328	0.118945	0.060567	0.067707
contig_1888_segment0	10046108	10477937	0.089832	0.103519	0.050286	0.057501
contig_1888_segment0	10162600	10581833	0.049781	0.056778	0.026650	0.033263
contig_1888_segment0	10319439	10665948	0.023961	0.029103	0.013178	0.015225
contig_1888_segment0	10477938	10749026	-0.003557	-0.004092	-0.001975	-0.002120
contig_1888_segment0	10581940	10832107	0.004494	0.005315	0.002540	-0.000850
contig_1888_segment0	10665955	10914053	0.008017	0.009065	0.004470	0.001457
contig_1888_segment0	10749082	11037619	-0.001031	-0.001180	-0.000572	-0.002949
contig_1888_segment0	10832427	11499539	-0.014788	-0.013398	-0.007030	-0.010415
contig_1888_segment0	10914176	11615018	-0.024506	-0.025465	-0.013384	-0.015796
contig_235_segment0	5614	57110	-0.001781	-0.008150	-0.003608	-0.003466
contig_235_segment0	13636	66274	0.013724	0.058687	0.028359	0.007139
contig_235_segment0	41542	80157	0.024676	0.096463	0.050617	0.010153
contig_235_segment0	57115	93047	0.015122	0.064042	0.032155	0.006896
contig_235_segment0	66275	115951	0.002124	0.008495	0.003928	-0.001771
contig_235_segment0	80168	132271	-0.015144	-0.066469	-0.029668	-0.007095
contig_235_segment0	93060	144575	-0.017262	-0.084540	-0.035145	-0.006602
scaffold_335_segment0	132286	171641	-0.021976	-0.062882	-0.032721	-0.008774
scaffold_335_segment0	144576	306225	-0.014704	-0.028400	-0.017199	-0.006408
scaffold_335_segment0	2460	480503	-0.011707	-0.014508	-0.009457	-0.004259
scaffold_335_segment0	171648	951500	0.017863	0.012880	0.007985	0.006320
scaffold_335_segment0	306231	1189719	-0.023499	-0.014608	-0.008594	-0.016908
scaffold_335_segment0	481023	1280222	0.006206	0.003915	0.002289	-0.001467
scaffold_335_segment0	951506	1287493	-0.012147	-0.012509	-0.006998	-0.006577
scaffold_335_segment0	1189725	1351997	0.024867	0.039504	0.022726	0.013451
scaffold_335_segment0	1280223	1536058	0.004908	0.006774	0.003793	0.003323
scaffold_335_segment0	1287498	1768959	0.019719	0.019632	0.010976	0.009705
scaffold_335_segment0	1352255	1962611	0.027236	0.023494	0.012339	0.012783
scaffold_335_segment0	1536081	2153024	0.038120	0.034080	0.017777	0.020435
scaffold_335_segment0	1769055	2316754	0.028450	0.027063	0.013440	0.015014
scaffold_335_segment0	1962857	2451590	0.052716	0.052703	0.026362	0.033152
scaffold_335_segment0	2153041	2545301	0.034212	0.036206	0.017163	0.021262
scaffold_335_segment0	2316994	2647101	-0.001443	-0.001712	-0.000772	0.000049
scaffold_335_segment0	2451740	2755522	0.021428	0.024575	0.011455	0.011445
scaffold_335_segment0	2545616	2834959	0.044890	0.056075	0.027564	0.026029
scaffold_335_segment0	2647110	2939385	0.105404	0.117148	0.062867	0.061019
scaffold_335_segment0	2755841	3090308	0.088357	0.105451	0.057510	0.049160
scaffold_335_segment0	2835104	3261508	0.104436	0.104339	0.057611	0.061113
scaffold_335_segment0	2939387	3408803	0.073773	0.069250	0.038401	0.045431
scaffold_335_segment0	3090910	3513824	0.056055	0.052342	0.027758	0.036506
scaffold_335_segment0	3262003	3606352	-0.029681	-0.030784	-0.015335	-0.018023
scaffold_335_segment0	3409002	3708706	-0.071953	-0.086620	-0.039869	-0.043079
scaffold_335_segment0	3513867	3823251	-0.148092	-0.172210	-0.083982	-0.094603
scaffold_335_segment0	3606360	3941093	-0.122722	-0.136653	-0.069322	-0.077728
scaffold_335_segment0	3708723	4047662	-0.063017	-0.064582	-0.034437	-0.042596
scaffold_335_segment0	3823311	4160332	0.004217	0.004469	0.002382	-0.001123
scaffold_335_segment0	3941202	4238511	0.066400	0.072498	0.039451	0.031709
scaffold_335_segment0	4047790	4444442	-0.041916	-0.045232	-0.024102	-0.030445
scaffold_335_segment0	4161382	4619749	-0.073809	-0.075668	-0.038890	-0.049468
scaffold_335_segment0	4238827	4756744	-0.070311	-0.066703	-0.034085	-0.046533
scaffold_335_segment0	4444456	4856371	0.059700	0.057501	0.029020	0.039146
scaffold_335_segment0	4619793	4953339	0.084886	0.084978	0.043847	0.054043
scaffold_335_segment0	4756778	5056558	0.106155	0.114700	0.058664	0.068028
scaffold_335_segment0	4856444	5143037	0.070290	0.072981	0.038498	0.046040
scaffold_335_segment0	4953754	5198475	0.071698	0.080910	0.043357	0.044802
scaffold_335_segment0	5056560	5225006	0.018525	0.023594	0.012465	0.010435
scaffold_335_segment0	5143044	5384930	0.020201	0.024188	0.012957	0.009748
scaffold_335_segment0	5198513	5521916	0.068450	0.069177	0.037585	0.038204
scaffold_335_segment0	5225007	5642859	0.064868	0.051074	0.029549	0.039218
scaffold_335_segment0	5384955	5740514	0.058646	0.044873	0.027232	0.032906
scaffold_335_segment0	5521920	5875497	0.001145	0.000907	0.000546	0.003879
scaffold_335_segment0	5642865	5981974	-0.005711	-0.004932	-0.002799	-0.002952
scaffold_335_segment0	5740533	6072911	0.030643	0.028502	0.014387	0.022417
scaffold_335_segment0	5875523	6145837	0.053009	0.051322	0.024917	0.025976
scaffold_335_segment0	5982027	6232271	0.046875	0.052890	0.023874	0.019966
scaffold_335_segment0	6072916	6317639	-0.002827	-0.003213	-0.001590	-0.008050
scaffold_335_segment0	6145841	6398130	0.009939	0.011524	0.005569	0.002549
scaffold_335_segment0	6232639	6471687	0.060726	0.070332	0.035744	0.034692
scaffold_335_segment0	6317640	6556535	0.044492	0.051167	0.024972	0.025504
scaffold_335_segment0	6398248	6627939	0.049160	0.054671	0.026933	0.027233
scaffold_335_segment0	6471690	6659188	-0.003642	-0.004418	-0.002112	0.000375
scaffold_335_segment0	6556537	6691540	0.002813	0.003876	0.001864	0.003990
scaffold_335_segment0	6627942	6720883	0.003037	0.005241	0.002559	0.003582
scaffold_335_segment0	6659993	6837751	0.078468	0.100736	0.051075	0.041719
scaffold_335_segment0	6691544	6939535	0.105894	0.132370	0.061961	0.056400
scaffold_335_segment0	6721382	7063506	0.074442	0.081339	0.037785	0.043039
scaffold_335_segment0	6837842	7159356	0.013026	0.015819	0.006975	0.004290
scaffold_335_segment0	6939536	7248538	-0.012174	-0.014669	-0.006924	-0.011403
scaffold_335_segment0	7063568	7345349	0.009350	0.010874	0.005307	0.001880
scaffold_335_segment0	7159610	7467717	0.012952	0.014055	0.007287	0.006947
scaffold_335_segment0	7248540	7680908	0.029543	0.028193	0.015059	0.016846
scaffold_335_segment0	7345376	7831914	-0.031250	-0.028035	-0.015720	-0.023266
scaffold_335_segment0	7467949	7987627	0.000987	0.000840	0.000474	-0.002074
scaffold_335_segment0	7680936	8155260	-0.035912	-0.031600	-0.017740	-0.027337
scaffold_335_segment0	7831924	8347472	-0.016951	-0.016022	-0.008342	-0.012607
scaffold_335_segment0	7987721	8529604	0.004908	0.004860	0.002497	-0.004843
scaffold_335_segment0	8155408	8659644	0.053817	0.055681	0.026393	0.030608
scaffold_335_segment0	8347481	8814138	0.069438	0.064422	0.032444	0.041962
scaffold_335_segment0	8529666	8993980	0.017108	0.015537	0.007662	0.010782
scaffold_335_segment0	8659683	9157678	-0.004955	-0.004250	-0.002254	-0.006584
scaffold_335_segment0	8814141	9285168	-0.042457	-0.042932	-0.020091	-0.027879
scaffold_335_segment0	8993994	9480554	0.005269	0.004891	0.002501	0.002851
scaffold_335_segment0	9157722	9692535	0.037988	0.035223	0.017789	0.021913
scaffold_335_segment0	9286232	9882428	0.041454	0.037768	0.020680	0.025896
scaffold_335_segment0	9480897	10082093	0.039234	0.039797	0.020039	0.023073
scaffold_335_segment0	9692639	10270629	0.019866	0.020361	0.010523	0.016301
scaffold_335_segment0	9882610	10426762	0.033777	0.031390	0.016887	0.023346
scaffold_335_segment0	10082192	10660938	0.015635	0.012919	0.007159	0.009573
scaffold_335_segment0	10270898	10869635	-0.015649	-0.012116	-0.006417	-0.011094
scaffold_335_segment0	10426937	11024854	0.049955	0.039731	0.020040	0.021389
scaffold_335_segment0	10660954	11177753	0.085555	0.078612	0.039844	0.041551
scaffold_335_segment0	10869735	11412262	0.070312	0.059902	0.032707	0.035483
scaffold_335_segment0	11024989	11586480	0.026630	0.021084	0.011976	0.014518
scaffold_335_segment0	11177763	11728597	-0.008818	-0.006740	-0.003850	-0.008055
scaffold_335_segment0	11412548	11905960	-0.024056	-0.019744	-0.011139	-0.017569
scaffold_335_segment0	11586487	12119094	0.091055	0.067774	0.037101	0.056452
scaffold_335_segment0	11728610	12299776	0.072430	0.054087	0.029504	0.042172
scaffold_335_segment0	11906329	12416529	0.076832	0.060174	0.032925	0.047915
scaffold_335_segment0	12119506	12525693	-0.110203	-0.114595	-0.062686	-0.070185
scaffold_335_segment0	12299788	12731526	-0.027889	-0.027623	-0.015342	-0.018581
scaffold_335_segment0	12416538	12936830	-0.001234	-0.001147	-0.000624	-0.003338
scaffold_335_segment0	12526189	13194060	0.149669	0.112229	0.064129	0.100315
scaffold_335_segment0	12732158	13392128	0.083848	0.064920	0.036307	0.052937
scaffold_335_segment0	12937135	13653135	0.043875	0.032804	0.019324	0.029976
scaffold_335_segment0	13194085	13948718	-0.043279	-0.031656	-0.018628	-0.032268
scaffold_335_segment0	13392157	14200421	-0.055698	-0.039465	-0.023392	-0.043960
scaffold_335_segment0	13653479	14473964	0.011621	0.008256	0.005062	0.004441
scaffold_335_segment0	13948728	14809647	0.089796	0.062269	0.038587	0.061927
scaffold_335_segment0	14200439	15183919	0.029658	0.021457	0.012785	0.021629
scaffold_335_segment0	14474643	15513664	-0.040925	-0.025490	-0.014538	-0.026120
scaffold_335_segment0	14809661	15828948	-0.073312	-0.051765	-0.027797	-0.050522
scaffold_335_segment0	15183943	16083350	0.031551	0.021063	0.011582	0.017745
scaffold_335_segment0	15513798	16417849	0.098934	0.082199	0.042905	0.054086
scaffold_335_segment0	15830222	16647341	0.025439	0.016978	0.009786	0.009388
scaffold_335_segment0	16083362	16840240	-0.019759	-0.013936	-0.007918	-0.015308
scaffold_335_segment0	16420059	16949211	-0.099742	-0.077120	-0.043386	-0.049122
scaffold_335_segment0	16647408	17097569	-0.077144	-0.085019	-0.043199	-0.043123
scaffold_335_segment0	16840604	17234210	-0.079550	-0.095067	-0.045803	-0.048990
scaffold_335_segment0	16949212	17444484	-0.062413	-0.053815	-0.028709	-0.042093
scaffold_335_segment0	17097607	17643251	-0.001990	-0.001389	-0.000758	-0.004688
scaffold_335_segment0	17234425	17807829	0.057898	0.037263	0.020245	0.032740
scaffold_335_segment0	17445988	17964978	0.088203	0.065850	0.034629	0.051097
scaffold_335_segment0	17643256	18086565	0.060520	0.055370	0.027287	0.035505
scaffold_335_segment0	17807840	18202016	0.019942	0.020114	0.009599	0.012545
scaffold_335_segment0	17965001	18385765	-0.036402	-0.035628	-0.017172	-0.020853
scaffold_335_segment0	18086569	18566082	-0.011919	-0.011794	-0.005746	-0.004832
scaffold_335_segment0	18202613	18755104	-0.040395	-0.035713	-0.020133	-0.024862
scaffold_335_segment0	18385849	18929727	0.008349	0.007551	0.004067	0.001197
scaffold_335_segment0	18566234	19115390	0.006399	0.005579	0.002931	0.000628
scaffold_335_segment0	18755130	19421870	0.083713	0.062731	0.032868	0.052057
scaffold_335_segment0	18930233	19881237	-0.005415	-0.002919	-0.001776	-0.006561
scaffold_335_segment0	19115505	20183464	-0.022552	-0.010843	-0.007055	-0.021687
scaffold_335_segment0	19422742	20428535	-0.067809	-0.034025	-0.021419	-0.053379
scaffold_335_segment0	19881450	20708478	0.049661	0.031176	0.018363	0.027549
scaffold_335_segment0	20183466	20962852	0.079380	0.053790	0.030200	0.045881
scaffold_335_segment0	20428551	21193816	0.007019	0.005156	0.002848	0.003208
scaffold_335_segment0	20709023	21423806	-0.060465	-0.044563	-0.024695	-0.038399
scaffold_335_segment0	20962987	21710193	-0.096040	-0.058971	-0.034861	-0.055912
scaffold_335_segment0	21193839	21975295	-0.019872	-0.008841	-0.005749	-0.012364
scaffold_335_segment0	21424097	22244989	0.035099	0.014920	0.009360	0.020506
scaffold_335_segment0	21710357	22416259	0.115721	0.057162	0.035079	0.072571
scaffold_335_segment0	21975296	22765595	0.135347	0.092206	0.052580	0.073249
scaffold_335_segment0	22245464	22925266	0.067773	0.065694	0.036273	0.033609
scaffold_335_segment0	22416490	23123069	-0.036553	-0.038168	-0.019074	-0.019212
scaffold_335_segment0	22765597	23742748	0.032837	0.018845	0.011497	0.014355
scaffold_335_segment0	22925316	24220229	0.094516	0.043939	0.028275	0.034432
scaffold_335_segment0	23123085	24736065	0.067284	0.025079	0.017531	0.023851
scaffold_335_segment0	23742890	25480871	-0.023542	-0.008152	-0.005931	-0.012846
scaffold_335_segment0	24220241	26035931	0.037013	0.010683	0.007743	0.020973
scaffold_335_segment0	24736068	26468239	-0.062184	-0.017147	-0.012110	-0.037586
scaffold_335_segment0	25486910	26718942	-0.018049	-0.005631	-0.003876	-0.010939
scaffold_335_segment0	26035953	26870567	-0.072970	-0.029685	-0.019963	-0.037520
scaffold_335_segment0	26468478	27049600	-0.001405	-0.000791	-0.000509	-0.003813
scaffold_335_segment0	26719116	27287217	-0.018573	-0.012475	-0.007608	-0.012377
scaffold_335_segment0	26871027	27531181	-0.087106	-0.062326	-0.034206	-0.049619
scaffold_335_segment0	27049606	27695754	-0.026716	-0.019992	-0.010096	-0.015514
scaffold_335_segment0	27287219	27943058	0.057091	0.039567	0.019642	0.029718
scaffold_335_segment0	27531208	28364994	0.211938	0.159521	0.080416	0.108939
scaffold_335_segment0	27696286	28577702	0.142984	0.106340	0.060499	0.073697
scaffold_335_segment0	27943124	28905388	0.009537	0.007868	0.004532	0.002570
scaffold_335_segment0	28365856	29045480	-0.171315	-0.170409	-0.100568	-0.079298
scaffold_335_segment0	28577812	29308224	-0.164876	-0.170513	-0.094481	-0.072795
scaffold_335_segment0	28905392	29631264	-0.132959	-0.112438	-0.062554	-0.056399
scaffold_335_segment0	29045521	29953306	-0.089713	-0.050040	-0.030266	-0.042413
scaffold_335_segment0	29308688	30209630	-0.004014	-0.001898	-0.001199	0.000160
scaffold_335_segment0	29631268	30559847	-0.139005	-0.077866	-0.046761	-0.084116
scaffold_335_segment0	29953311	30725863	-0.095732	-0.061197	-0.035529	-0.057474
scaffold_335_segment0	30209641	30874505	-0.038385	-0.032525	-0.016491	-0.029890
scaffold_335_segment0	30559852	30977234	0.086097	0.076523	0.040453	0.041647
scaffold_335_segment0	30725987	31091454	0.127257	0.111473	0.061229	0.064588
scaffold_335_segment0	30874509	31288967	-0.037445	-0.026184	-0.016544	-0.018357
scaffold_335_segment0	30977241	31506243	-0.034372	-0.020005	-0.013137	-0.019862
scaffold_335_segment0	31091461	31684015	-0.018809	-0.010344	-0.006890	-0.012494
scaffold_335_segment0	31289185	31889205	0.079965	0.047603	0.030336	0.036609
scaffold_335_segment0	31506244	32288998	0.101084	0.058641	0.037122	0.046742
scaffold_335_segment0	31685999	32557605	-0.014409	-0.008664	-0.005314	-0.011202
scaffold_335_segment0	31889222	33060784	-0.128220	-0.071923	-0.044881	-0.072739
scaffold_335_segment0	32289004	33364473	-0.095996	-0.052717	-0.033485	-0.046815
scaffold_335_segment0	32557958	33824476	-0.075081	-0.033242	-0.021099	-0.036566
scaffold_335_segment0	33060824	34109157	0.031013	0.014300	0.008852	0.016466
scaffold_335_segment0	33364495	34397842	0.107426	0.051343	0.030977	0.062377
scaffold_335_segment0	33824543	34655966	0.099363	0.057765	0.032817	0.051614
scaffold_335_segment0	34109158	34791452	0.104594	0.070034	0.037477	0.052458
scaffold_335_segment0	34401200	34911634	0.040785	0.035232	0.017218	0.018858
scaffold_335_segment0	34656087	35023515	0.047587	0.050640	0.024946	0.023173
scaffold_335_segment0	34791624	35166134	0.004702	0.004949	0.002524	0.001501
scaffold_335_segment0	34911635	35371635	-0.056071	-0.052737	-0.027563	-0.029041
scaffold_335_segment0	35023520	35705537	-0.065518	-0.055347	-0.029004	-0.037178
scaffold_335_segment0	35166325	35923935	0.035128	0.027532	0.015091	0.016421
scaffold_335_segment0	35371829	36367115	0.065005	0.045147	0.026288	0.033455
scaffold_335_segment0	35705545	36630010	0.070319	0.052384	0.030001	0.034993
scaffold_335_segment0	35924290	36963927	0.043911	0.025294	0.015727	0.020731
scaffold_335_segment0	36367144	37178760	0.192198	0.122580	0.076629	0.113364
scaffold_335_segment0	36630868	37356642	0.219920	0.128006	0.080751	0.129179
scaffold_335_segment0	36964011	37480355	0.180691	0.132290	0.078372	0.092360
scaffold_335_segment0	37178834	37606574	0.025058	0.021932	0.012064	0.007109
scaffold_335_segment0	37356657	37790264	0.048378	0.057930	0.030466	0.016840
scaffold_335_segment0	37480357	38017414	0.034014	0.034326	0.019802	0.012829
scaffold_335_segment0	37606627	38253182	0.002369	0.001931	0.001175	-0.001355
scaffold_335_segment0	37790383	38554715	0.059025	0.049347	0.030736	0.033907
scaffold_335_segment0	38017415	38811764	0.047904	0.044760	0.025292	0.028719
scaffold_335_segment0	38253207	38931106	0.089120	0.109245	0.053642	0.048424
scaffold_335_segment0	38555050	39186431	0.063972	0.052104	0.026748	0.032297
scaffold_335_segment0	38811767	39407276	0.165142	0.101873	0.060510	0.092758
scaffold_335_segment0	38931300	39705467	0.114523	0.056867	0.037170	0.076368
scaffold_335_segment0	39186437	40056410	0.074666	0.039333	0.024687	0.048986
scaffold_335_segment0	39407277	40235460	0.016775	0.010906	0.006218	0.012904
scaffold_335_segment0	39705470	40352168	0.081849	0.081251	0.037419	0.044147
scaffold_335_segment0	40056819	40467964	0.098937	0.137864	0.060053	0.053616
scaffold_335_segment0	40235507	40549426	0.110020	0.156181	0.075160	0.057590
scaffold_335_segment0	40352260	40713139	-0.009187	-0.011150	-0.005771	-0.008827
scaffold_335_segment0	40467987	40836245	-0.068082	-0.087741	-0.045061	-0.039042
scaffold_335_segment0	40549687	40928897	-0.123771	-0.161179	-0.080764	-0.067430
scaffold_335_segment0	40713152	41040585	-0.094642	-0.133146	-0.069109	-0.044410
scaffold_335_segment0	40836268	41177933	-0.036097	-0.045817	-0.024296	-0.016023
scaffold_335_segment0	40928978	41395854	-0.052380	-0.047917	-0.027046	-0.029064
scaffold_335_segment0	41040711	41571519	-0.064374	-0.053534	-0.030241	-0.044017
scaffold_335_segment0	41177936	41735221	-0.110990	-0.086030	-0.048643	-0.071217
scaffold_335_segment0	41396141	41875224	0.079831	0.074439	0.040572	0.041663
scaffold_335_segment0	41571520	42009779	0.174554	0.175815	0.094726	0.101299
scaffold_335_segment0	41735232	42183970	0.153452	0.160981	0.089836	0.096922
scaffold_335_segment0	41875613	42439508	-0.078855	-0.070284	-0.040622	-0.054877
scaffold_335_segment0	42009859	42682193	-0.129430	-0.112185	-0.062057	-0.089760
scaffold_335_segment0	42184029	42934190	-0.131038	-0.105007	-0.054826	-0.085532
scaffold_335_segment0	42440210	43216292	0.083853	0.050810	0.027885	0.046660
scaffold_335_segment0	42683215	43533267	0.019907	0.011526	0.006220	0.007235
scaffold_335_segment0	42934642	43766516	0.017289	0.010391	0.005432	0.010007
scaffold_335_segment0	43216364	44147574	-0.161198	-0.115880	-0.057516	-0.113655
scaffold_335_segment0	43533459	44507381	-0.124742	-0.077358	-0.042020	-0.080104
scaffold_335_segment0	43766711	44921050	0.043556	0.028876	0.016532	0.033106
scaffold_335_segment0	44147576	45170564	0.211847	0.154748	0.089349	0.153775
scaffold_335_segment0	44507444	45373652	0.286295	0.262121	0.143611	0.195385
scaffold_335_segment0	44921908	45601012	0.088330	0.081597	0.043894	0.054363
scaffold_335_segment0	45170858	45862013	-0.072696	-0.065254	-0.034945	-0.048953
scaffold_335_segment0	45374020	46111602	-0.181793	-0.159586	-0.087506	-0.120974
scaffold_335_segment0	45601342	46393761	-0.184997	-0.172530	-0.093613	-0.126360
scaffold_335_segment0	45862063	46610166	-0.136614	-0.127400	-0.064478	-0.088234
scaffold_335_segment0	46112546	46793426	-0.084045	-0.074457	-0.036311	-0.050510
scaffold_335_segment0	46394519	46949019	-0.054282	-0.049525	-0.023487	-0.029570
scaffold_335_segment0	46610171	47089118	-0.049481	-0.043607	-0.022140	-0.029020
scaffold_335_segment0	46793783	47286191	-0.097675	-0.085188	-0.045137	-0.056961
scaffold_335_segment0	46949142	47470328	-0.071095	-0.055570	-0.030518	-0.043437
scaffold_335_segment0	47089392	47630449	-0.086081	-0.074850	-0.038560	-0.050665
scaffold_335_segment0	47286665	47738037	0.011205	0.011291	0.005322	0.007526
scaffold_335_segment0	47472224	47911750	0.107470	0.105063	0.047895	0.060934
scaffold_335_segment0	47630477	48061180	0.136920	0.127258	0.058837	0.075778
scaffold_335_segment0	47738044	48192585	0.070286	0.063745	0.031393	0.037667
scaffold_335_segment0	47911766	48371828	0.010234	0.010175	0.005021	0.001978
scaffold_335_segment0	48061183	48501914	0.026394	0.028000	0.014448	0.013867
scaffold_335_segment0	48192702	48647542	0.064504	0.072039	0.034233	0.037554
scaffold_335_segment0	48371869	48794564	0.027454	0.032178	0.015473	0.014601
scaffold_335_segment0	48502147	48909669	0.013652	0.014241	0.006963	0.004338
scaffold_335_segment0	48647666	49062423	-0.018642	-0.017164	-0.009086	-0.011377
scaffold_335_segment0	48794719	49229234	-0.004884	-0.004531	-0.002304	-0.000167
scaffold_335_segment0	48909717	49385881	-0.016304	-0.017004	-0.008246	-0.008919
scaffold_335_segment0	49062477	49524475	-0.027270	-0.031783	-0.014844	-0.015810
scaffold_335_segment0	49229312	49713630	-0.014513	-0.014863	-0.007429	-0.010791
scaffold_335_segment0	49385891	49822149	-0.008771	-0.009190	-0.004618	-0.006228
scaffold_335_segment0	49524580	49916054	-0.007993	-0.008998	-0.004361	-0.006827
scaffold_335_segment0	49713634	50055971	0.010988	0.011858	0.006106	0.005173
scaffold_335_segment0	49822151	50175556	0.016543	0.017713	0.009107	0.008097
scaffold_335_segment0	49916108	50277765	0.048619	0.046687	0.025047	0.031530
scaffold_335_segment0	50055991	50409447	0.062972	0.069275	0.034491	0.035620
scaffold_335_segment0	50175616	50557627	0.016608	0.018529	0.009330	0.009520
scaffold_335_segment0	50278208	50705431	0.096398	0.101361	0.054017	0.055043
scaffold_335_segment0	50409666	50853986	0.019331	0.021877	0.011047	0.012059
scaffold_335_segment0	50558120	51018478	0.039394	0.041265	0.021017	0.026778
scaffold_335_segment0	50705439	51277756	0.026681	0.025426	0.012487	0.018470
scaffold_335_segment0	50854042	51468376	0.096880	0.077343	0.041081	0.061658
scaffold_335_segment0	51018757	51635787	0.130061	0.104511	0.055525	0.080763
scaffold_335_segment0	51277919	51779896	0.052757	0.047516	0.026022	0.029117
scaffold_335_segment0	51468509	51947873	0.068204	0.066575	0.035427	0.041974
scaffold_335_segment0	51636044	52113132	0.092108	0.089216	0.047119	0.051361
scaffold_335_segment0	51780493	52280629	0.095877	0.098047	0.051125	0.056086
scaffold_335_segment0	51947958	52428371	0.080944	0.080816	0.043062	0.043075
scaffold_335_segment0	52113762	52577410	0.056941	0.056276	0.029823	0.031762
scaffold_335_segment0	52280671	52702561	0.063799	0.060683	0.031368	0.033958
scaffold_335_segment0	52428571	52820911	0.026452	0.027526	0.013088	0.013578
scaffold_335_segment1	69746	423155	0.057297	0.059500	0.029808	0.030278
scaffold_335_segment1	171452	553472	0.070146	0.074234	0.037010	0.038960
scaffold_335_segment1	304365	705386	0.088800	0.089811	0.045140	0.046910
scaffold_335_segment1	423178	842174	0.128018	0.128600	0.064458	0.071613
scaffold_335_segment1	553641	913913	0.138592	0.145498	0.073259	0.080963
scaffold_335_segment1	705396	1004260	0.109901	0.124553	0.063287	0.070552
scaffold_335_segment1	842290	1090940	0.048299	0.057446	0.028673	0.031075
scaffold_335_segment1	913976	1183426	0.005129	0.006059	0.002964	0.005116
scaffold_335_segment1	1004261	1263477	0.015811	0.019453	0.009034	0.010201
scaffold_335_segment1	1091119	1349587	0.034332	0.041544	0.019492	0.024322
scaffold_335_segment1	1183429	1445318	0.004631	0.005868	0.002615	0.003517
scaffold_335_segment1	1263577	1536946	-0.009474	-0.012051	-0.005193	0.008270
scaffold_335_segment1	1349597	1672278	-0.035382	-0.040837	-0.018793	-0.010577
scaffold_335_segment1	1445330	1814531	0.007379	0.008096	0.003958	0.017319
scaffold_335_segment1	1537014	1925533	0.044087	0.046898	0.023708	0.024008
scaffold_335_segment1	1672729	1989394	0.049909	0.061240	0.029185	0.030798
scaffold_335_segment1	1814698	2058196	0.035485	0.045801	0.020543	0.024929
scaffold_335_segment1	1925552	2110718	0.018978	0.025526	0.011860	0.015687
scaffold_335_segment1	1989415	2174341	0.019138	0.025525	0.011666	0.013047
scaffold_335_segment1	2058200	2235549	0.005975	0.008284	0.003915	0.001713
scaffold_335_segment1	2110924	2309471	0.026797	0.035790	0.016989	0.013220
scaffold_335_segment1	2174360	2388021	0.057224	0.070569	0.035382	0.032761
scaffold_335_segment1	2235565	2479658	0.086310	0.096906	0.049777	0.053172
scaffold_335_segment1	2309474	2537538	0.046922	0.053201	0.027380	0.029945
scaffold_335_segment1	2388056	2613355	0.009531	0.011677	0.005772	0.005664
scaffold_335_segment1	2479664	2662645	0.017491	0.023351	0.011290	0.007673
scaffold_335_segment1	2537573	2728212	0.044167	0.058165	0.027527	0.021819
scaffold_335_segment1	2613785	2803134	0.077284	0.096576	0.045994	0.038163
scaffold_335_segment1	2662646	2875441	0.041164	0.050157	0.023985	0.021919
scaffold_335_segment1	2728243	2950991	0.029542	0.036161	0.017184	0.014276
scaffold_335_segment1	2803142	3010268	0.030589	0.037814	0.018376	0.018269
scaffold_335_segment1	2875466	3065907	0.031760	0.039268	0.019079	0.015181
scaffold_335_segment1	2951040	3102590	0.030664	0.040050	0.019913	0.015483
scaffold_335_segment1	3010274	3139865	0.036997	0.051189	0.024321	0.020866
scaffold_335_segment1	3065968	3175762	0.062540	0.092735	0.043512	0.038876
scaffold_335_segment1	3102606	3215564	0.044226	0.061394	0.028479	0.033361
scaffold_335_segment1	3139931	3255589	0.044860	0.059674	0.028102	0.035216
scaffold_335_segment1	3175797	3295781	0.011823	0.014761	0.006952	0.016128
scaffold_335_segment1	3215570	3333598	0.051376	0.064263	0.030133	0.038747
scaffold_335_segment1	3255591	3370138	-0.002318	-0.003029	-0.001364	0.006821
scaffold_335_segment1	3295786	3398823	-0.017147	-0.024551	-0.011102	-0.004902
scaffold_335_segment1	3333615	3441023	-0.013770	-0.020164	-0.009293	-0.006743
scaffold_335_segment1	3370146	3495762	0.030314	0.043294	0.020562	0.017767
scaffold_335_segment1	3398872	3543751	0.069196	0.096428	0.044793	0.038039
scaffold_335_segment1	3441027	3602527	0.062573	0.085876	0.039645	0.039210
scaffold_335_segment1	3495768	3670634	0.072994	0.100618	0.047122	0.046786
scaffold_335_segment1	3543758	3742271	0.063122	0.082047	0.039373	0.042469
scaffold_335_segment1	3602534	3824681	0.045299	0.058181	0.026896	0.030161
scaffold_335_segment1	3670732	3877368	0.009251	0.012374	0.005654	0.006138
scaffold_335_segment1	3742272	3928816	0.042810	0.060701	0.027707	0.026321
scaffold_335_segment1	3824756	3962572	0.060708	0.091966	0.043086	0.034403
scaffold_335_segment1	3877399	4018275	0.109228	0.154323	0.072363	0.061411
scaffold_335_segment1	3929052	4059910	0.085830	0.119282	0.054382	0.046270
scaffold_335_segment1	3962574	4106915	0.075029	0.097875	0.045268	0.046162
scaffold_335_segment1	4018288	4155804	0.083024	0.098771	0.048844	0.050915
scaffold_335_segment1	4059929	4208978	0.084266	0.099460	0.049738	0.054626
scaffold_335_segment1	4106920	4286086	0.095162	0.113653	0.056814	0.057881
scaffold_335_segment1	4155976	4357394	0.067729	0.088497	0.041725	0.043329
scaffold_335_segment1	4208982	4463576	0.082507	0.114273	0.053352	0.050036
scaffold_335_segment1	4286620	4679630	0.011183	0.014965	0.007112	0.009362
scaffold_335_segment1	4357396	4808411	-0.020565	-0.033980	-0.016268	-0.008493
scaffold_335_segment1	4463589	4819029	-0.060023	-0.141422	-0.069363	-0.025571
scaffold_335_segment1	4679632	4837995	-0.005199	-0.031249	-0.015025	-0.002104
scaffold_430_segment0	25574	545283	0.135880	0.138112	0.088856	0.064302
scaffold_430_segment0	43477	756918	0.141386	0.105707	0.069170	0.073269
scaffold_430_segment0	264463	931944	0.091779	0.056716	0.038293	0.044288
scaffold_430_segment0	545288	1188067	0.065516	0.041134	0.027592	0.033632
scaffold_430_segment0	757436	1577659	0.054077	0.026372	0.018482	0.027548
scaffold_430_segment0	932962	1857326	0.066566	0.033817	0.022449	0.039165
scaffold_430_segment0	1188100	2063674	0.011958	0.005586	0.003731	0.005582
scaffold_430_segment0	1577682	2387717	0.067999	0.032498	0.021295	0.035638
scaffold_430_segment0	1857331	2576832	0.050723	0.026079	0.017158	0.026891
scaffold_430_segment0	2063681	2656938	0.038085	0.024795	0.016058	0.024212
scaffold_430_segment0	2387721	2817513	-0.000133	-0.000111	-0.000069	0.002710
scaffold_430_segment0	2576847	3074316	-0.030637	-0.021062	-0.013706	-0.016829
scaffold_430_segment0	2657119	3246362	-0.038082	-0.020793	-0.014409	-0.022853
scaffold_430_segment0	2817676	3446673	-0.038784	-0.021287	-0.014960	-0.019769
scaffold_430_segment0	3074326	3766933	-0.020197	-0.012674	-0.007957	-0.006886
scaffold_430_segment0	3246363	3985631	-0.064007	-0.040224	-0.023297	-0.030850
scaffold_430_segment0	3447554	4166134	-0.080668	-0.053934	-0.028736	-0.041734
scaffold_430_segment0	3766940	4308568	-0.070449	-0.054357	-0.029520	-0.036068
scaffold_430_segment0	3985716	4476144	0.004827	0.004145	0.002276	0.004461
scaffold_430_segment0	4166137	4725266	-0.021185	-0.015437	-0.009276	-0.007277
scaffold_430_segment0	4308583	4940720	-0.094695	-0.066631	-0.038171	-0.043661
scaffold_430_segment0	4476161	5170087	-0.144679	-0.090759	-0.053686	-0.085101
scaffold_430_segment0	4725280	5493014	-0.136976	-0.084777	-0.049135	-0.087304
scaffold_430_segment0	4940784	5701501	-0.143194	-0.094216	-0.054401	-0.089536
scaffold_430_segment0	5170088	5921573	-0.117810	-0.080627	-0.044902	-0.067584
scaffold_430_segment0	5493038	6060970	-0.049964	-0.037257	-0.021117	-0.025618
scaffold_430_segment0	5701516	6353442	0.056789	0.031231	0.018989	0.029878
scaffold_430_segment0	5921741	6463473	-0.092443	-0.056190	-0.034611	-0.045540
scaffold_430_segment0	6060984	6759451	-0.242622	-0.161213	-0.093674	-0.137738
scaffold_430_segment0	6353559	7000284	-0.246535	-0.188523	-0.103954	-0.151778
scaffold_430_segment0	6463560	7125980	-0.034453	-0.023426	-0.013127	-0.022521
scaffold_430_segment0	6762439	7404114	0.124510	0.071527	0.042662	0.067051
scaffold_430_segment0	7000799	7605419	-0.020692	-0.014967	-0.008841	-0.010938
scaffold_430_segment0	7126256	7728980	-0.138715	-0.134932	-0.076556	-0.073848
scaffold_430_segment0	7404119	7938276	-0.119474	-0.143807	-0.079430	-0.064072
scaffold_430_segment0	7605428	8154365	-0.013418	-0.013321	-0.007739	-0.005397
scaffold_430_segment0	7730480	8535122	0.043563	0.028960	0.017147	0.020000
scaffold_430_segment0	7938278	8788139	0.041644	0.023784	0.014209	0.021127
scaffold_430_segment0	8154394	9067747	-0.061576	-0.037523	-0.021965	-0.035199
scaffold_430_segment0	8535143	9287416	-0.066832	-0.046310	-0.026025	-0.035510
scaffold_430_segment0	8788149	9639477	-0.120691	-0.087557	-0.047155	-0.070146
scaffold_430_segment0	9068194	9925501	-0.087706	-0.046573	-0.028725	-0.047600
scaffold_430_segment0	9287418	10094913	-0.069175	-0.036104	-0.023919	-0.035053
scaffold_430_segment0	9640139	10428995	-0.001673	-0.000775	-0.000527	0.006352
scaffold_430_segment0	9927646	10776378	0.102973	0.047375	0.031656	0.056467
scaffold_430_segment0	10094914	11010698	0.092617	0.042510	0.026704	0.053500
scaffold_430_segment0	10429099	11277344	0.046441	0.023302	0.014422	0.026783
scaffold_430_segment0	10776387	11288909	0.004845	0.003972	0.002281	0.004231
scaffold_430_segment0	11010699	11300860	-0.000513	-0.000643	-0.000390	0.001379
scaffold_430_segment0	11277371	11586948	-0.021218	-0.028384	-0.018203	-0.004713
scaffold_430_segment0	11288924	11745610	-0.025670	-0.018654	-0.012418	-0.007970
scaffold_430_segment0	11300882	11908128	-0.033478	-0.017715	-0.011788	-0.014120
scaffold_430_segment0	11587457	12099997	-0.043902	-0.021838	-0.014625	-0.022354
scaffold_430_segment0	11745836	12278396	0.003714	0.002112	0.001380	0.004266
scaffold_430_segment0	11908165	12518310	0.006373	0.003433	0.002224	0.005460
scaffold_430_segment0	12100044	12707352	0.036840	0.022481	0.014066	0.016410
scaffold_430_segment0	12278397	12862265	-0.065911	-0.041136	-0.025201	-0.035199
scaffold_430_segment0	12518998	12941196	-0.139339	-0.120945	-0.070804	-0.070712
scaffold_430_segment0	12707355	13147875	-0.113853	-0.102690	-0.060094	-0.053640
scaffold_430_segment0	12862287	13456865	-0.028129	-0.022053	-0.013514	-0.015134
scaffold_430_segment0	12941197	13802938	0.091266	0.050382	0.031915	0.047928
scaffold_430_segment0	13148394	14111176	0.083819	0.039132	0.026492	0.044036
scaffold_430_segment0	13456888	14427778	0.080390	0.029177	0.021370	0.041011
scaffold_430_segment0	13802953	14736468	0.035786	0.011166	0.008456	0.016613
scaffold_430_segment0	14111177	15028737	0.017262	0.005476	0.004113	0.007350
scaffold_430_segment0	14427793	15451893	0.004725	0.001609	0.001192	0.002149
scaffold_430_segment0	14736482	15613208	-0.023101	-0.010824	-0.007851	-0.007701
scaffold_430_segment0	15028747	15834718	-0.015015	-0.006417	-0.004641	-0.004165
scaffold_430_segment0	15457522	16012954	-0.036771	-0.018980	-0.012901	-0.016733
scaffold_430_segment0	15613214	16196714	-0.004437	-0.001948	-0.001363	-0.002837
scaffold_430_segment0	15835129	16512618	0.000657	0.000307	0.000211	-0.001899
scaffold_430_segment0	16016254	16643889	-0.072140	-0.036600	-0.025077	-0.036473
scaffold_430_segment0	16196728	16818318	-0.074390	-0.036545	-0.025459	-0.037516
scaffold_430_segment0	16512620	17099570	-0.092220	-0.046143	-0.033170	-0.043912
scaffold_430_segment0	16644752	17353703	0.028795	0.012164	0.008792	0.014140
scaffold_430_segment0	16818325	17809306	0.000312	0.000116	0.000082	0.001689
scaffold_430_segment0	17100215	18092036	-0.015201	-0.005687	-0.003968	-0.004874
scaffold_430_segment0	17354583	18413312	-0.073752	-0.027159	-0.018992	-0.037951
scaffold_430_segment0	17809810	18767160	-0.094014	-0.039331	-0.026386	-0.053477
scaffold_430_segment0	18092763	18970441	-0.041540	-0.018563	-0.012213	-0.024231
scaffold_430_segment0	18413341	19136346	-0.006006	-0.003199	-0.002018	-0.009257
scaffold_430_segment0	18767173	19424284	-0.073295	-0.043265	-0.026920	-0.034660
scaffold_430_segment0	18970446	19700431	-0.102251	-0.058526	-0.035441	-0.049037
scaffold_430_segment0	19136390	20311668	-0.089441	-0.036611	-0.023971	-0.045503
scaffold_430_segment0	19424993	20542635	0.036746	0.014968	0.010395	0.012987
scaffold_430_segment0	19700444	20743380	0.027952	0.011821	0.008625	0.011352
scaffold_430_segment0	20311693	21316052	-0.012696	-0.004861	-0.003685	-0.003571
scaffold_430_segment0	20542654	21626077	-0.069923	-0.024246	-0.017549	-0.030915
scaffold_430_segment0	20743402	21872078	-0.019106	-0.007129	-0.004945	-0.011603
scaffold_430_segment0	21316063	22159484	0.011542	0.005599	0.003688	0.001401
scaffold_430_segment0	21626097	22266829	0.071808	0.042223	0.028047	0.030382
scaffold_430_segment0	21872086	22366965	0.046105	0.029641	0.020076	0.022204
scaffold_430_segment0	22159492	22629172	0.106922	0.068683	0.042854	0.052468
scaffold_430_segment0	22266834	22893943	0.065255	0.034520	0.021645	0.035731
scaffold_430_segment0	22366975	23193232	0.026680	0.009821	0.006871	0.011507
scaffold_430_segment0	22629175	23588726	-0.038251	-0.011802	-0.009148	-0.014938
scaffold_430_segment0	22893946	23790056	0.010492	0.003409	0.002724	0.003240
scaffold_430_segment0	23193233	24186108	0.021964	0.008060	0.006039	0.008770
scaffold_430_segment0	23589287	24475448	0.027595	0.013115	0.009098	0.011905
scaffold_430_segment0	23790259	24818363	0.018870	0.008432	0.005403	0.009662
scaffold_430_segment0	24186130	25015752	0.026162	0.015008	0.009187	0.014549
scaffold_430_segment0	24475478	25361306	-0.092475	-0.055704	-0.032656	-0.053503
scaffold_430_segment0	24818369	25576360	-0.073027	-0.049446	-0.030393	-0.042126
scaffold_430_segment0	25015755	25913699	-0.085190	-0.053685	-0.033715	-0.046331
scaffold_430_segment0	25361327	26398700	0.033761	0.015502	0.010872	0.012601
scaffold_430_segment0	25576363	26621980	-0.001553	-0.000786	-0.000536	0.001196
scaffold_430_segment0	25913701	26882494	0.033846	0.017316	0.011674	0.020878
scaffold_430_segment0	26400340	27294938	0.075115	0.050964	0.031402	0.040620
scaffold_430_segment0	26621996	27612456	0.067057	0.031954	0.021583	0.031931
scaffold_430_segment0	26882972	27873718	0.108999	0.051666	0.034690	0.050710
scaffold_430_segment0	27295184	28104131	0.024176	0.012307	0.008333	0.010061
scaffold_430_segment0	27612458	28302184	0.073382	0.052931	0.033036	0.038394
scaffold_430_segment0	27873812	28564262	-0.077015	-0.052807	-0.033044	-0.038219
scaffold_430_segment0	28106214	29001959	-0.049231	-0.025067	-0.016437	-0.025529
scaffold_430_segment0	28302188	29317378	-0.096726	-0.036279	-0.026080	-0.053912
scaffold_430_segment0	28565108	29911310	-0.009920	-0.002945	-0.002193	-0.001045
scaffold_430_segment0	29001971	30116844	0.014887	0.004803	0.003606	0.013631
scaffold_430_segment0	29317379	30454891	0.050801	0.018079	0.012559	0.035903
scaffold_430_segment0	29911316	30792121	0.023989	0.009419	0.006362	0.021367
scaffold_430_segment0	30116852	31051033	0.050447	0.017954	0.012451	0.034450
scaffold_430_segment0	30455331	31445328	0.029067	0.010578	0.007396	0.022069
scaffold_430_segment0	30792146	31773748	0.040524	0.015484	0.011059	0.024494
scaffold_430_segment0	31051127	31988617	-0.029590	-0.012339	-0.008698	-0.015044
scaffold_430_segment0	31445338	32163551	-0.041614	-0.019564	-0.013991	-0.019504
scaffold_430_segment0	31774368	32376436	-0.141069	-0.080182	-0.052654	-0.067390
scaffold_430_segment0	31988624	32566282	-0.054198	-0.040438	-0.024652	-0.021373
scaffold_430_segment0	32163553	32732922	-0.047164	-0.038983	-0.023095	-0.022300
scaffold_430_segment0	32376451	33067051	0.088566	0.059101	0.037561	0.047304
scaffold_430_segment0	32566305	33481076	0.060345	0.028659	0.018788	0.029741
scaffold_430_segment0	32732940	33544041	0.059343	0.034251	0.022340	0.030672
scaffold_430_segment0	33067052	33957777	0.028028	0.014814	0.010026	0.012944
scaffold_430_segment0	33481082	34261235	-0.079206	-0.048363	-0.031529	-0.037728
scaffold_430_segment0	33544043	34442390	-0.042026	-0.018793	-0.012678	-0.025311
scaffold_430_segment0	33957795	34895903	-0.036560	-0.017522	-0.011425	-0.026022
scaffold_430_segment0	34266800	35187509	-0.004261	-0.001911	-0.001276	-0.006624
scaffold_430_segment0	34442933	35586355	-0.037221	-0.016773	-0.010797	-0.024131
scaffold_430_segment0	34895906	35954167	-0.013609	-0.005990	-0.004015	-0.002682
scaffold_430_segment0	35187515	36240673	0.067130	0.028949	0.020061	0.041991
scaffold_430_segment0	35586356	36609304	0.068937	0.027221	0.020336	0.041512
scaffold_430_segment0	35954168	37107592	0.011245	0.003892	0.002784	0.010888
scaffold_430_segment0	36241045	37464579	-0.006169	-0.002071	-0.001483	-0.001310
scaffold_430_segment0	36609316	37967518	0.017370	0.005613	0.003935	0.011228
scaffold_430_segment0	37107720	38226519	0.057124	0.025289	0.017718	0.029333
scaffold_430_segment0	37464589	38459835	0.013313	0.006133	0.004389	0.007774
scaffold_430_segment0	37967526	38481592	0.001683	0.001302	0.000904	0.002566
scaffold_430_segment0	38226524	38749820	-0.034974	-0.024083	-0.016896	-0.013838
scaffold_430_segment0	38459976	39296201	0.053099	0.027350	0.018470	0.025923
scaffold_430_segment0	38481599	39916421	0.048205	0.014537	0.010782	0.023694
scaffold_430_segment0	38752514	40367130	0.069264	0.016497	0.012885	0.033942
scaffold_430_segment0	39296716	40677747	-0.045996	-0.011567	-0.009478	-0.023424
scaffold_430_segment0	39916422	40919662	-0.084461	-0.030228	-0.023241	-0.041556
scaffold_430_segment0	40367192	41213415	-0.050030	-0.023664	-0.016952	-0.022176
scaffold_430_segment0	40677776	41662281	-0.040935	-0.017242	-0.012387	-0.018135
scaffold_430_segment0	40919735	41749205	-0.015546	-0.006875	-0.005031	-0.003151
scaffold_430_segment0	41216121	42074199	-0.023464	-0.009636	-0.007205	-0.007156
scaffold_430_segment0	41662297	42578158	-0.101013	-0.050965	-0.034953	-0.047181
scaffold_430_segment0	41749223	42606826	-0.109092	-0.062552	-0.041113	-0.049828
scaffold_430_segment0	42074231	42785414	-0.207477	-0.154913	-0.094532	-0.102180
scaffold_430_segment0	42578214	43151543	-0.110953	-0.078750	-0.050925	-0.052892
scaffold_430_segment0	42606827	43712876	-0.030554	-0.012632	-0.008826	-0.022495
scaffold_430_segment0	42785415	44131244	0.016898	0.005060	0.003757	0.002866
scaffold_430_segment0	43153288	44525862	-0.119721	-0.040360	-0.029216	-0.074911
scaffold_430_segment0	43712877	45022205	-0.137681	-0.052475	-0.037302	-0.081835
scaffold_430_segment0	44131252	45964672	-0.079370	-0.030219	-0.020727	-0.054217
scaffold_430_segment0	44525868	46514615	0.068812	0.020977	0.015026	0.028090
scaffold_430_segment0	45022225	46960173	-0.007399	-0.002155	-0.001602	-0.010663
scaffold_430_segment0	45965234	47352711	-0.023094	-0.007641	-0.005536	-0.008638
scaffold_430_segment0	46515481	47808768	-0.055314	-0.021531	-0.014454	-0.023402
scaffold_430_segment0	46960178	48015679	-0.010046	-0.004533	-0.002882	0.005791
scaffold_430_segment0	47352723	48505876	-0.019311	-0.008581	-0.005651	-0.003364
scaffold_430_segment0	47808825	49079259	0.037929	0.015529	0.010867	0.023215
scaffold_430_segment0	48017687	49427777	-0.007789	-0.002693	-0.001978	-0.004548
scaffold_430_segment0	48505918	49794800	-0.003402	-0.001268	-0.000934	0.000862
scaffold_430_segment0	49079361	50102218	-0.008498	-0.003161	-0.002347	-0.001495
scaffold_430_segment0	49428792	50532383	0.007749	0.002705	0.002007	0.003026
scaffold_430_segment0	49794806	50937895	-0.001886	-0.000585	-0.000444	-0.004659
scaffold_430_segment0	50103654	51324842	-0.043154	-0.013471	-0.010010	-0.022136
scaffold_430_segment0	50532518	51551203	-0.016540	-0.006536	-0.004548	-0.007518
contig_14_segment0	1045	222464	0.024022	0.032320	0.015347	0.015554
contig_14_segment0	48467	307775	0.029290	0.035117	0.017440	0.023163
contig_14_segment0	133754	392073	0.067596	0.080255	0.039543	0.042876
contig_14_segment0	222762	479204	0.086373	0.103280	0.051155	0.052136
contig_14_segment0	307784	578572	0.060792	0.072305	0.034944	0.031306
contig_14_segment0	392119	681786	0.055293	0.064426	0.031306	0.028037
contig_14_segment0	479395	786774	0.018854	0.022326	0.010466	0.008365
contig_14_segment0	578630	866050	0.048851	0.056384	0.027003	0.027332
contig_14_segment0	681885	968995	0.047023	0.052128	0.026051	0.028332
contig_14_segment0	786846	1127927	0.087013	0.091354	0.047559	0.052115
contig_14_segment0	866052	1239912	0.081138	0.085234	0.044529	0.047526
contig_14_segment0	969100	1359892	0.062232	0.068491	0.032911	0.031716
contig_14_segment0	1128006	1482063	0.050504	0.056372	0.026649	0.022694
contig_14_segment0	1239929	1574744	0.036865	0.043562	0.020796	0.015212
contig_14_segment0	1360068	1584472	0.037067	0.057884	0.029087	0.014288
contig_14_segment0	1482092	1598310	0.028461	0.065147	0.032849	0.011326
contig_14_segment0	1574749	1621002	0.012998	0.041281	0.019471	0.005037
contig_14_segment0	1584507	1636430	0.012410	0.034781	0.015979	0.009514
contig_14_segment0	1598334	1692439	0.033217	0.059272	0.029213	0.022398
contig_14_segment0	1621013	1754905	0.055761	0.079761	0.039665	0.039169
contig_14_segment0	1636431	1812360	0.058563	0.072864	0.035413	0.038756
contig_14_segment0	1692501	1860078	0.065890	0.081831	0.039443	0.041016
contig_14_segment0	1754954	1908818	0.061193	0.081035	0.037711	0.035659
contig_14_segment0	1812385	1960636	0.107192	0.131926	0.065936	0.062246
contig_14_segment0	1860079	2006345	0.108483	0.131469	0.066743	0.062438
contig_14_segment0	1909037	2062582	0.085661	0.102283	0.051689	0.046910
contig_14_segment0	1960639	2124386	0.052041	0.059676	0.030208	0.028752
contig_14_segment0	2006482	2186315	0.008897	0.010266	0.005113	0.004761
contig_14_segment0	2062630	2247219	0.014089	0.015969	0.008115	0.007791
contig_14_segment0	2124416	2311899	0.031546	0.038835	0.019215	0.017036
contig_14_segment0	2186449	2378471	0.029206	0.035672	0.017433	0.010840
contig_14_segment0	2247230	2441262	0.038515	0.046413	0.022827	0.020895
contig_14_segment0	2311900	2521781	0.021472	0.024802	0.012525	0.010615
contig_14_segment0	2378573	2583341	0.048837	0.057570	0.029101	0.028800
contig_14_segment0	2441266	2648726	0.075177	0.085312	0.044836	0.042013
contig_14_segment0	2521868	2720106	0.062041	0.072765	0.037025	0.036283
contig_14_segment0	2583344	2789279	0.009835	0.012612	0.005972	0.005569
contig_14_segment0	2648727	2879202	-0.040648	-0.055548	-0.024415	-0.024027
contig_14_segment0	2720141	2952506	-0.022842	-0.030653	-0.013562	-0.013804
contig_14_segment0	2789302	3015408	0.039382	0.048923	0.022987	0.027541
contig_14_segment0	2879210	3098307	0.050584	0.063785	0.029615	0.032490
contig_14_segment0	2952867	3163533	0.027607	0.037136	0.016603	0.014123
contig_14_segment0	3015508	3245402	-0.003536	-0.004637	-0.002091	-0.004643
contig_14_segment0	3098309	3317548	0.019587	0.025193	0.011846	0.006993
contig_14_segment0	3163538	3414277	0.037902	0.043800	0.021551	0.019158
contig_14_segment0	3245483	3479208	0.051148	0.062209	0.030305	0.028685
contig_14_segment0	3317894	3567510	0.052435	0.061325	0.029605	0.029336
contig_14_segment0	3414333	3654211	0.036571	0.046145	0.021775	0.021426
contig_14_segment0	3479249	3738006	0.049010	0.061717	0.028547	0.026076
contig_14_segment0	3567532	3818195	0.054758	0.068773	0.032236	0.031934
contig_14_segment0	3654219	3941716	0.090910	0.108196	0.051980	0.054620
contig_14_segment0	3738019	4060593	0.082826	0.091830	0.046102	0.052125
contig_14_segment0	3818285	4155138	0.080220	0.090445	0.045304	0.049306
contig_14_segment0	3941724	4250198	0.081175	0.093393	0.045861	0.050050
contig_14_segment0	4060601	4324080	0.090259	0.106676	0.049701	0.052819
contig_14_segment0	4155141	4396812	0.075913	0.091686	0.042309	0.045162
contig_14_segment0	4250273	4468908	0.089128	0.108181	0.050723	0.052144
contig_14_segment0	4324099	4546332	0.074404	0.091114	0.043076	0.043828
contig_14_segment0	4396885	4627980	0.115529	0.131493	0.063799	0.070863
contig_14_segment0	4468927	4697112	0.079174	0.092421	0.043299	0.043806
contig_14_segment0	4546547	4779102	0.069536	0.082769	0.040242	0.039401
contig_14_segment0	4627981	4986400	0.127973	0.157000	0.078091	0.069688
contig_14_segment0	4697142	5276958	0.125522	0.143441	0.074515	0.074430
contig_14_segment0	4779408	5522342	0.121366	0.133102	0.071821	0.062739
contig_14_segment0	4986412	5532075	-0.011491	-0.017753	-0.009549	-0.002158
contig_4_segment0	19801	425491	0.011514	0.012312	0.006224	0.002126
contig_4_segment0	204091	496059	-0.025655	-0.026699	-0.013228	-0.018939
contig_4_segment0	336788	565969	-0.048740	-0.067138	-0.030123	-0.030866
contig_4_segment0	425504	621844	-0.027964	-0.036991	-0.018852	-0.019000
contig_4_segment0	496319	684896	0.012218	0.015385	0.008062	0.005530
contig_4_segment0	565995	743766	0.064823	0.085779	0.042291	0.036410
contig_4_segment0	622035	829566	0.074769	0.097484	0.047859	0.042306
contig_4_segment0	684908	910082	0.083606	0.118445	0.055832	0.047212
contig_4_segment0	743799	967620	0.059400	0.079140	0.039096	0.030235
contig_4_segment0	829567	1023021	0.018887	0.027419	0.012717	0.009045
contig_4_segment0	910083	1084161	0.011116	0.015383	0.007020	0.004590
contig_4_segment0	967635	1140451	0.012476	0.017682	0.007728	0.011193
contig_4_segment0	1023041	1190132	-0.003586	-0.005157	-0.002169	0.000262
contig_4_segment0	1084163	1240866	-0.001539	-0.002223	-0.000939	0.000373
contig_4_segment0	1140453	1297091	0.041525	0.058638	0.025281	0.019275
contig_4_segment0	1190138	1343691	0.067853	0.093764	0.042163	0.035449
contig_4_segment0	1240940	1393073	0.068196	0.095488	0.042800	0.038803
contig_4_segment0	1297119	1444498	0.039707	0.055346	0.025137	0.024734
contig_4_segment0	1343719	1499260	0.054953	0.072511	0.033932	0.037162
contig_4_segment0	1393077	1548893	0.040522	0.054875	0.025337	0.029221
contig_4_segment0	1444591	1607881	0.055071	0.074239	0.035303	0.034682
contig_4_segment0	1499267	1689618	0.028041	0.040205	0.018855	0.018394
contig_4_segment0	1549074	1777664	0.053005	0.070907	0.035923	0.030136
contig_4_segment0	1608348	1865177	0.039098	0.050296	0.024937	0.025269
contig_4_segment0	1689836	1940624	0.055696	0.071098	0.034538	0.031842
contig_4_segment0	1777721	2011314	-0.007082	-0.009345	-0.004273	-0.004694
contig_4_segment0	1865193	2069516	-0.011461	-0.016165	-0.007374	-0.005465
contig_4_segment0	1940639	2128364	-0.007162	-0.009767	-0.004375	-0.001934
contig_4_segment0	2011318	2200090	0.058966	0.077435	0.035785	0.036449
contig_4_segment0	2069584	2282066	0.073042	0.095973	0.042378	0.041055
contig_4_segment0	2128421	2353720	0.091710	0.125328	0.056044	0.052396
contig_4_segment0	2200359	2435124	0.067226	0.092237	0.041426	0.034475
contig_4_segment0	2282289	2498739	0.060107	0.079969	0.037053	0.031542
contig_4_segment0	2353721	2558535	0.080923	0.107346	0.052191	0.047549
contig_4_segment0	2435138	2672809	0.051663	0.070844	0.033325	0.030651
contig_4_segment0	2498751	2795274	0.009450	0.012882	0.005974	0.009624
contig_4_segment0	2558554	2923190	-0.056626	-0.074718	-0.033649	-0.034910
contig_4_segment0	2672985	3011634	-0.018675	-0.026729	-0.011665	-0.008932
contig_4_segment0	2795504	3096465	0.050192	0.069796	0.031666	0.028473
contig_4_segment0	2923215	3183775	0.094926	0.125773	0.059857	0.059617
contig_4_segment0	3011855	3290824	0.120814	0.147559	0.073429	0.078237
contig_4_segment0	3096514	3376389	0.102166	0.130051	0.064902	0.065562
contig_4_segment0	3183797	3447868	0.101931	0.138841	0.064454	0.060059
contig_4_segment0	3290843	3529819	0.112511	0.151078	0.071504	0.066218
contig_4_segment0	3376394	3628389	0.093235	0.123316	0.058525	0.058118
contig_4_segment0	3448000	3725864	0.080603	0.098734	0.048858	0.051480
contig_4_segment0	3529911	3821673	0.040559	0.048718	0.023315	0.027720
contig_4_segment0	3628409	3909723	0.055099	0.067031	0.031519	0.035500
contig_4_segment0	3725866	4005218	0.070879	0.082851	0.040175	0.043316
contig_4_segment0	3821823	4089152	0.052070	0.064093	0.031554	0.030387
contig_4_segment0	3909758	4168881	0.032055	0.041503	0.020225	0.017022
contig_4_segment0	4005226	4253894	0.058906	0.082506	0.038701	0.033912
contig_4_segment0	4089324	4363708	0.118150	0.147725	0.072308	0.069056
contig_4_segment0	4168920	4472057	0.143347	0.166411	0.083349	0.088632
contig_4_segment0	4253895	4579710	0.046838	0.057050	0.028119	0.029670
contig_4_segment0	4363709	4600003	-0.017569	-0.028137	-0.012998	-0.006065
contig_4_segment0	4472065	4674285	-0.076042	-0.133908	-0.064276	-0.033300
contig_4_segment0	4580007	4756822	-0.029270	-0.046876	-0.024117	-0.012221
contig_4_segment0	4600080	4854939	0.007303	0.008717	0.004530	0.003177
contig_4_segment0	4674345	4930709	0.063785	0.071373	0.036241	0.034562
contig_4_segment0	4756827	5053948	0.088418	0.097571	0.048749	0.048705
contig_4_segment0	4854947	5129041	0.099038	0.109090	0.056784	0.052740
contig_4_segment0	4930777	5234133	0.089678	0.093817	0.050387	0.050042
contig_4_segment0	5053953	5350857	0.121635	0.130504	0.067625	0.069766
contig_4_segment0	5129468	5469047	0.089772	0.100791	0.048313	0.053472
contig_4_segment0	5234163	5593639	0.053281	0.058210	0.027666	0.026131
contig_4_segment0	5350864	5698750	0.000399	0.000451	0.000217	-0.006627
contig_4_segment0	5469132	5801427	0.041321	0.045999	0.023421	0.017761
contig_4_segment0	5593764	5871396	0.063061	0.080727	0.038724	0.029370
contig_4_segment0	5698755	5963350	0.048298	0.057482	0.028234	0.022154
contig_4_segment0	5801436	6069012	0.018029	0.020711	0.010070	0.005972
contig_4_segment0	5871427	6180720	-0.008435	-0.009248	-0.004618	-0.007428
contig_4_segment0	5963368	6287139	0.003732	0.004112	0.002085	0.000180
contig_4_segment0	6069016	6426099	-0.025762	-0.025882	-0.013510	-0.016396
contig_4_segment0	6180766	6565629	0.035812	0.034790	0.017981	0.018337
contig_4_segment0	6287244	6695676	0.044074	0.043633	0.022377	0.022373
contig_4_segment0	6426198	6848348	0.070454	0.074680	0.038333	0.038224
contig_4_segment0	6565953	7017443	0.062315	0.062013	0.032374	0.036995
contig_4_segment0	6695719	7113931	0.063281	0.065264	0.032674	0.040542
contig_4_segment0	6848684	7235000	0.034355	0.039522	0.018156	0.023840
contig_4_segment0	7018289	7327271	0.039442	0.053374	0.023861	0.025400
contig_4_segment0	7114016	7495679	0.062736	0.075407	0.036002	0.040479
contig_4_segment0	7235120	7667795	0.074402	0.078739	0.039990	0.045996
contig_4_segment0	7327717	7810998	0.101320	0.097025	0.050045	0.061768
contig_4_segment0	7495898	7955560	0.112116	0.108103	0.053680	0.064314
contig_4_segment0	7668174	8140429	0.108592	0.106054	0.051342	0.067469
contig_4_segment0	7810999	8298694	0.096450	0.096189	0.043527	0.060377
contig_4_segment0	7955611	8427493	0.044121	0.043093	0.019615	0.030992
contig_4_segment0	8140897	8542167	0.071306	0.069994	0.031598	0.044554
contig_4_segment0	8299018	8668070	0.094474	0.086712	0.041310	0.062748
contig_4_segment0	8427514	8805189	0.084353	0.077085	0.036833	0.050899
contig_4_segment0	8542612	8924148	0.078835	0.074422	0.034726	0.045256
contig_4_segment0	8668242	9107611	-0.030244	-0.031716	-0.013442	-0.022498
contig_4_segment0	8805239	9372483	0.020835	0.017578	0.008290	0.011021
contig_4_segment0	8924154	9615095	0.076398	0.056901	0.028358	0.052409
contig_4_segment0	9107884	9841169	0.097528	0.073298	0.037450	0.073748
contig_4_segment0	9372525	10097335	0.113509	0.089429	0.044631	0.079225
contig_4_segment0	9615118	10366605	-0.032152	-0.027066	-0.012667	-0.024273
contig_4_segment0	9841366	10587333	0.051764	0.039699	0.019664	0.031639
contig_4_segment0	10097401	10872205	0.073562	0.056869	0.026786	0.045132
contig_4_segment0	10367097	11077854	0.183052	0.136761	0.069629	0.119224
contig_4_segment0	10587388	11277325	0.161594	0.125908	0.066767	0.104328
contig_4_segment0	10872226	11451063	0.081578	0.070502	0.037953	0.053427
contig_4_segment0	11077860	11635945	0.046544	0.042062	0.021959	0.026489
contig_4_segment0	11277526	11799415	0.003242	0.003278	0.001575	-0.001794
contig_4_segment0	11451174	11986724	0.037874	0.036829	0.018994	0.020650
contig_4_segment0	11636015	12283189	0.067173	0.062797	0.032774	0.040361
contig_4_segment0	11799425	12469856	0.065759	0.055330	0.029621	0.040223
contig_4_segment0	11986999	12704311	0.121027	0.101185	0.052927	0.071905
contig_4_segment0	12283198	12924905	0.099286	0.082243	0.043325	0.055559
contig_4_segment0	12471023	13167819	0.057806	0.051745	0.026737	0.032424
contig_4_segment0	12704485	13383985	0.032391	0.027341	0.014582	0.016486
contig_4_segment0	12925337	13597251	0.044360	0.038915	0.021131	0.024769
contig_4_segment0	13168399	13748758	0.058351	0.052788	0.029213	0.029962
contig_4_segment0	13383989	13902431	0.043816	0.041587	0.022820	0.023111
contig_4_segment0	13597337	14041015	0.058187	0.056744	0.030299	0.027895
contig_4_segment0	13748769	14285735	0.053259	0.043357	0.023202	0.027335
contig_4_segment0	13902572	14531431	0.029888	0.020540	0.011681	0.013007
contig_4_segment0	14041155	14770162	-0.029479	-0.017203	-0.010443	-0.015056
contig_4_segment0	14285799	15021065	-0.063096	-0.036350	-0.022460	-0.035570
contig_4_segment0	14531451	15259870	-0.026268	-0.015024	-0.009091	-0.010763
contig_4_segment0	14770387	15493737	0.011495	0.007231	0.004223	0.007556
contig_4_segment0	15021093	15780580	0.025501	0.016068	0.009549	0.013116
contig_4_segment0	15260037	16076827	0.024767	0.017494	0.010006	0.011980
contig_4_segment0	15494044	16338541	0.028134	0.019346	0.011199	0.012032
contig_4_segment0	15780583	16629273	0.029650	0.019394	0.011303	0.011027
contig_4_segment0	16076830	16927871	-0.137334	-0.091346	-0.052526	-0.076767
contig_4_segment0	16338865	17237483	-0.149117	-0.109007	-0.060956	-0.082827
contig_4_segment0	16629283	17566591	-0.077834	-0.050696	-0.029176	-0.042016
contig_4_segment0	16927959	17779089	0.102095	0.057770	0.035690	0.042003
contig_4_segment0	17237503	17996979	0.152752	0.073247	0.047735	0.069568
contig_4_segment0	17566988	18242185	0.000253	0.000146	0.000093	-0.003759
contig_4_segment0	17779099	18500166	-0.008495	-0.005362	-0.003400	-0.005782
contig_4_segment0	17996982	18759451	0.006381	0.004431	0.002717	0.006314
contig_4_segment0	18242192	19070051	0.069680	0.043351	0.027893	0.049341
contig_4_segment0	18500168	19285861	0.085853	0.051184	0.033337	0.056566
contig_4_segment0	18759595	19529778	0.042820	0.027392	0.017135	0.025118
contig_4_segment0	19070374	19691041	0.122478	0.081789	0.048063	0.061624
contig_4_segment0	19285891	20062120	0.082713	0.044828	0.026612	0.039809
contig_4_segment0	19529885	20413085	0.061035	0.027518	0.017351	0.028058
contig_4_segment0	19691043	20838681	-0.050976	-0.019963	-0.013221	-0.031375
contig_4_segment0	20063465	21056079	-0.092088	-0.040235	-0.027010	-0.053793
contig_4_segment0	20413095	21319827	-0.035709	-0.017522	-0.011552	-0.022382
contig_4_segment0	20838918	21515263	0.002296	0.001608	0.000965	-0.001135
contig_4_segment0	21056104	21818537	0.012632	0.008560	0.005358	0.001269
contig_4_segment0	21319836	22354354	-0.005054	-0.002684	-0.001793	-0.007714
contig_4_segment0	21515278	22846789	0.030082	0.012506	0.008717	0.016160
contig_4_segment0	21828233	23203634	-0.013657	-0.005879	-0.003888	-0.005724
contig_4_segment0	22354791	23550602	-0.003650	-0.001636	-0.001076	-0.002208
contig_4_segment0	22846826	24032364	0.022370	0.010509	0.006822	0.007566
contig_4_segment0	23204028	24757814	0.059522	0.020087	0.013803	0.022767
contig_4_segment0	23550605	25077056	0.033273	0.011291	0.007713	0.013756
contig_4_segment0	24032379	25579866	-0.023046	-0.006696	-0.004614	-0.012104
contig_4_segment0	24757815	26117848	-0.005741	-0.001876	-0.001345	-0.003096
contig_4_segment0	25079175	26679296	0.015247	0.004886	0.003311	0.007166
contig_4_segment0	25579873	26741364	0.139611	0.073963	0.047963	0.076034
contig_4_segment0	26117854	27054549	0.178297	0.122550	0.068928	0.106300
contig_4_segment0	26679715	27540093	0.186150	0.118754	0.068375	0.105895
contig_4_segment0	26741367	27874738	0.049605	0.023094	0.014039	0.026050
contig_4_segment0	27054550	28107645	0.033015	0.014344	0.009388	0.016491
contig_4_segment0	27540116	28274018	0.005844	0.003396	0.002315	0.002902
contig_4_segment0	27874751	28695917	0.100419	0.051911	0.035153	0.053078
contig_4_segment0	28107656	28937714	0.050882	0.027306	0.018524	0.025226
contig_4_segment0	28274024	29147611	0.065608	0.031583	0.021711	0.030205
contig_4_segment0	28695925	29735062	0.013043	0.006091	0.004254	0.006518
contig_4_segment0	28937729	30450383	-0.051578	-0.018606	-0.012834	-0.028912
contig_4_segment0	29147614	31029989	-0.060799	-0.018939	-0.012886	-0.038907
contig_4_segment0	29735084	31464011	-0.065494	-0.020424	-0.014158	-0.043989
contig_4_segment0	30451341	31989218	0.049016	0.016828	0.011633	0.024162
contig_4_segment0	31030002	31995627	0.032927	0.017654	0.011931	0.013395
contig_4_segment0	31464115	32019848	0.079307	0.068288	0.042902	0.047525
contig_4_segment0	31989234	32426906	-0.066144	-0.058007	-0.037928	-0.011399
contig_4_segment0	31995632	32884097	-0.076587	-0.042223	-0.028035	-0.015940
contig_4_segment0	32019853	33447611	-0.098835	-0.041740	-0.027300	-0.050382
contig_4_segment0	32426911	34007568	-0.029378	-0.015311	-0.009382	-0.012080
contig_4_segment0	32884139	34443271	0.013240	0.006920	0.004323	0.013518
contig_4_segment0	33447620	34942214	-0.035658	-0.016054	-0.010779	-0.019417
contig_4_segment0	34007595	35317490	0.133391	0.054324	0.036293	0.092211
contig_4_segment0	34443309	35836671	0.062597	0.022583	0.015270	0.039608
contig_4_segment0	34942327	36364044	0.135386	0.048506	0.032706	0.084403
contig_4_segment0	35317661	36749432	-0.061488	-0.019538	-0.014065	-0.039053
contig_4_segment0	35836681	37213512	-0.020270	-0.005721	-0.004164	-0.011765
contig_4_segment0	36364154	37625252	0.030569	0.009896	0.007042	0.019780
contig_4_segment0	36750985	38105203	0.086887	0.029983	0.020097	0.047610
contig_4_segment0	37213732	38584996	0.153478	0.067076	0.041711	0.081304
contig_4_segment0	37628502	39320322	0.075917	0.022762	0.015412	0.035871
contig_4_segment0	38105509	39824255	0.107131	0.029078	0.020721	0.051713
contig_4_segment0	38585001	40430859	-0.002321	-0.000574	-0.000422	-0.001546
contig_4_segment0	39323714	40945275	-0.027428	-0.008819	-0.006352	-0.011578
contig_4_segment0	39824277	41311830	-0.222000	-0.084161	-0.058162	-0.124376
contig_4_segment0	40430875	41455880	-0.229989	-0.148145	-0.094870	-0.128034
contig_4_segment0	40945290	41732205	-0.268985	-0.178954	-0.112868	-0.165467
contig_4_segment0	41311834	42127853	-0.061225	-0.041215	-0.025135	-0.043437
contig_4_segment0	41455882	42396845	-0.097907	-0.058631	-0.035938	-0.069534
contig_4_segment0	41732206	42705178	0.004228	0.002421	0.001465	-0.000100
contig_4_segment0	42127857	43147740	-0.114296	-0.054393	-0.035578	-0.067830
contig_4_segment0	42396851	43571665	0.022099	0.007458	0.005395	0.016292
contig_4_segment0	42705551	43992343	-0.102964	-0.031580	-0.023099	-0.055948
contig_4_segment0	43147742	44499072	-0.014459	-0.004095	-0.003089	-0.009984
contig_4_segment0	43571669	44995894	-0.049270	-0.014420	-0.010576	-0.034073
contig_4_segment0	43992351	45268774	0.058143	0.018264	0.013328	0.030210
contig_4_segment0	44500890	45805273	0.031970	0.008565	0.006142	0.018478
contig_4_segment0	44996696	46635730	0.053395	0.012219	0.009057	0.030573
contig_4_segment0	45268775	47352503	0.024749	0.004846	0.003594	0.014964
contig_4_segment0	45805661	47903580	0.044629	0.009886	0.007254	0.024767
contig_4_segment0	46635921	48441263	0.081265	0.023049	0.015283	0.046030
contig_4_segment0	47352522	49027860	0.109336	0.034483	0.022738	0.058470
contig_4_segment0	47903590	49483293	0.088970	0.028905	0.019437	0.046999
contig_4_segment0	48441278	49943916	0.068305	0.019519	0.014414	0.038123
contig_4_segment0	49027862	50433116	-0.034239	-0.010694	-0.008001	-0.019623
contig_4_segment0	49489610	51162396	-0.063881	-0.020031	-0.014254	-0.037902
contig_4_segment0	49945122	51585086	-0.054587	-0.017536	-0.012137	-0.031089
contig_4_segment0	50434946	52173572	0.027113	0.007806	0.005363	0.024683
contig_4_segment0	51165673	53054512	0.077740	0.021266	0.015536	0.053729
contig_4_segment0	51585977	53645862	0.056110	0.015244	0.010972	0.036330
contig_4_segment0	52173589	54369736	0.028990	0.007716	0.005599	0.017442
contig_4_segment0	53054749	54537842	0.032965	0.010906	0.007779	0.017027
scaffold_13_segment0	533	122676	-0.034888	-0.095796	-0.041320	-0.013820
scaffold_13_segment0	10644	248843	-0.057458	-0.106361	-0.045867	-0.027518
scaffold_13_segment0	23443	385043	-0.038143	-0.046847	-0.021249	-0.019552
scaffold_13_segment0	122716	578183	-0.019923	-0.019319	-0.009624	-0.006838
scaffold_13_segment0	248845	713732	-0.005549	-0.005001	-0.002593	0.000576
scaffold_13_segment0	385052	936370	0.040384	0.035246	0.018163	0.026302
scaffold_13_segment0	578194	1162737	0.040158	0.035049	0.016064	0.025598
scaffold_13_segment0	713741	1265443	0.049017	0.046746	0.020639	0.025828
scaffold_13_segment0	936778	1594673	-0.013916	-0.015071	-0.006469	-0.004504
