chr	windowStart	windowEnd	D	f_d	f_dM	d_f
contig_1888_segment0	13557	176864	-0.036364	-0.066450	-0.031544	-0.015967
contig_1888_segment0	176866	303806	-0.027819	-0.050248	-0.025188	-0.012998
contig_1888_segment0	303807	350475	0.017214	0.053187	0.027380	0.004281
contig_1888_segment0	350479	469793	-0.033512	-0.086936	-0.041808	-0.017916
contig_1888_segment0	469798	592841	-0.030912	-0.095162	-0.043747	-0.017023
contig_1888_segment0	592946	836309	0.176181	0.235699	0.121689	0.073885
contig_1888_segment0	836315	885798	-0.052029	-0.185669	-0.072636	-0.022825
contig_1888_segment0	885801	922225	-0.038159	-0.137779	-0.054513	-0.016032
contig_1888_segment0	922227	1001284	-0.097657	-0.283742	-0.104313	-0.042588
contig_1888_segment0	1001285	1056512	-0.082757	-0.435849	-0.128809	-0.031775
contig_1888_segment0	1056515	1133473	0.129657	0.219552	0.128399	0.049016
contig_1888_segment0	1133549	1275473	-0.123305	-0.102607	-0.064912	-0.055179
contig_1888_segment0	1275490	1434440	0.084316	0.057755	0.033219	0.038941
contig_1888_segment0	1434444	1727455	0.156569	0.056171	0.037041	0.079032
contig_1888_segment0	1728243	1919482	-0.006928	-0.004660	-0.002651	0.000823
contig_1888_segment0	1919547	2054503	-0.037891	-0.029715	-0.015577	-0.022928
contig_1888_segment0	2054511	2244398	-0.034600	-0.022326	-0.013438	-0.020894
contig_1888_segment0	2244480	2383168	-0.053634	-0.042871	-0.021148	-0.023046
contig_1888_segment0	2383196	2500138	-0.041870	-0.045639	-0.022004	-0.020916
contig_1888_segment0	2500222	2631744	0.079784	0.065178	0.034731	0.032412
contig_1888_segment0	2632626	2746654	0.028961	0.027555	0.013420	0.013686
contig_1888_segment0	2746675	2824963	0.018746	0.019601	0.010303	0.014789
contig_1888_segment0	2825041	2884750	-0.053440	-0.080540	-0.030260	-0.016665
contig_1888_segment0	2884762	2944353	-0.019965	-0.024393	-0.011428	-0.013694
contig_1888_segment0	2944360	3016159	-0.070634	-0.077316	-0.036383	-0.015043
contig_1888_segment0	3016161	3081270	-0.021413	-0.021583	-0.010860	-0.007627
contig_1888_segment0	3081301	3138572	0.000517	0.000737	0.000324	-0.007199
contig_1888_segment0	3138659	3188753	0.055582	0.077190	0.038892	0.035371
contig_1888_segment0	3188797	3243149	0.038776	0.047445	0.022228	0.031171
contig_1888_segment0	3243235	3333860	-0.057131	-0.066736	-0.027400	-0.025930
contig_1888_segment0	3334022	3433910	-0.008445	-0.007383	-0.003373	-0.003150
contig_1888_segment0	3433950	3552810	0.025853	0.022322	0.011999	0.017992
contig_1888_segment0	3553000	3682062	0.095136	0.100054	0.050845	0.052191
contig_1888_segment0	3683527	3796815	-0.025858	-0.020077	-0.010600	-0.009358
contig_1888_segment0	3796933	3882157	0.042091	0.044853	0.021403	0.023233
contig_1888_segment0	3882392	3966597	0.027567	0.028220	0.014865	0.014949
contig_1888_segment0	3966598	4055458	-0.192726	-0.194662	-0.086078	-0.093321
contig_1888_segment0	4056617	4128520	-0.161533	-0.237119	-0.096207	-0.072951
contig_1888_segment0	4128527	4184420	-0.005723	-0.006929	-0.003347	-0.000875
contig_1888_segment0	4184485	4245813	-0.046801	-0.055828	-0.026151	-0.025591
contig_1888_segment0	4245817	4307254	-0.006860	-0.007997	-0.003748	0.003093
contig_1888_segment0	4307260	4378084	0.156263	0.153198	0.074551	0.070874
contig_1888_segment0	4378207	4460717	0.008221	0.008213	0.004014	0.002007
contig_1888_segment0	4460801	4549355	-0.079165	-0.071037	-0.034931	-0.040026
contig_1888_segment0	4549477	4634038	-0.051222	-0.060837	-0.024355	-0.029050
contig_1888_segment0	4634128	4729714	0.064348	0.074440	0.035645	0.029003
contig_1888_segment0	4730078	4806794	-0.108207	-0.119256	-0.054953	-0.048447
contig_1888_segment0	4806906	4849132	-0.063514	-0.114844	-0.041826	-0.030485
contig_1888_segment0	4849288	4917721	0.002114	0.002719	0.001158	0.008936
contig_1888_segment0	4917723	4976976	0.062123	0.067513	0.035685	0.029084
contig_1888_segment0	4977094	5055779	-0.058966	-0.059325	-0.029179	-0.030670
contig_1888_segment0	5055792	5113318	0.020326	0.025747	0.010549	0.010639
contig_1888_segment0	5113422	5183242	-0.020695	-0.021241	-0.009977	-0.010864
contig_1888_segment0	5183273	5253206	0.076039	0.087548	0.038135	0.047015
contig_1888_segment0	5253324	5324223	-0.041137	-0.049074	-0.022610	-0.009204
contig_1888_segment0	5324248	5375404	-0.015369	-0.025759	-0.010058	-0.003925
contig_1888_segment0	5375602	5448550	-0.028127	-0.035788	-0.017177	-0.026919
contig_1888_segment0	5448618	5496654	0.101654	0.133213	0.059115	0.046469
contig_1888_segment0	5496962	5548640	0.043000	0.052319	0.023913	0.024459
contig_1888_segment0	5548693	5600236	0.054691	0.063024	0.031382	0.029179
contig_1888_segment0	5600237	5655776	0.077250	0.099633	0.042535	0.050196
contig_1888_segment0	5655821	5722777	-0.040488	-0.049635	-0.022133	-0.022214
contig_1888_segment0	5723091	5790969	-0.045662	-0.053379	-0.025155	-0.025171
contig_1888_segment0	5790974	5887492	-0.006167	-0.006242	-0.002827	-0.006834
contig_1888_segment0	5887509	6003625	-0.143039	-0.124632	-0.057878	-0.068462
contig_1888_segment0	6003712	6071481	-0.137445	-0.211857	-0.078975	-0.077257
contig_1888_segment0	6071661	6147338	0.017873	0.018279	0.007785	0.011340
contig_1888_segment0	6147339	6208632	-0.043817	-0.072310	-0.027696	-0.024472
contig_1888_segment0	6208636	6261384	-0.004369	-0.005160	-0.002505	-0.014588
contig_1888_segment0	6261440	6344684	-0.013900	-0.016554	-0.007294	-0.009997
contig_1888_segment0	6344691	6413029	0.028782	0.039572	0.017280	0.009397
contig_1888_segment0	6413368	6494958	-0.053957	-0.060258	-0.027059	-0.023561
contig_1888_segment0	6494969	6584086	0.069711	0.078174	0.029850	0.021561
contig_1888_segment0	6584199	6686776	-0.047845	-0.041021	-0.020730	-0.028618
contig_1888_segment0	6686789	6786566	0.053298	0.054722	0.029135	0.028349
contig_1888_segment0	6786768	6868967	-0.011303	-0.011113	-0.005614	0.001841
contig_1888_segment0	6869142	6935163	0.049782	0.046635	0.025115	0.026154
contig_1888_segment0	6935192	7014172	-0.194496	-0.233030	-0.097520	-0.108445
contig_1888_segment0	7014192	7089847	-0.035739	-0.037864	-0.016078	-0.014887
contig_1888_segment0	7089875	7147146	-0.017748	-0.017650	-0.007990	-0.009727
contig_1888_segment0	7147185	7198196	0.067482	0.064309	0.035431	0.039683
contig_1888_segment0	7198200	7247034	0.021614	0.024497	0.012130	0.012280
contig_1888_segment0	7247100	7305391	-0.012806	-0.014962	-0.006968	-0.010047
contig_1888_segment0	7305451	7346090	0.035025	0.048078	0.018122	0.028420
contig_1888_segment0	7346214	7399376	-0.076120	-0.087078	-0.040454	-0.038064
contig_1888_segment0	7399390	7438694	0.092099	0.108736	0.052805	0.049185
contig_1888_segment0	7438695	7487861	-0.042340	-0.046828	-0.021605	-0.022664
contig_1888_segment0	7487899	7531164	0.005584	0.006125	0.002895	0.009245
contig_1888_segment0	7531191	7569097	-0.088218	-0.134508	-0.044837	-0.040441
contig_1888_segment0	7569111	7611525	0.049196	0.056021	0.024549	0.019032
contig_1888_segment0	7611613	7653572	0.049119	0.054333	0.025004	0.029114
contig_1888_segment0	7653586	7696221	0.039629	0.053438	0.023511	0.024470
contig_1888_segment0	7696225	7740446	-0.001157	-0.001610	-0.000608	-0.007448
contig_1888_segment0	7740448	7775751	-0.070639	-0.091920	-0.041434	-0.037910
contig_1888_segment0	7775792	7813978	0.046723	0.067303	0.030209	0.025007
contig_1888_segment0	7813984	7862658	0.038993	0.049120	0.020534	0.018809
contig_1888_segment0	7862672	7909687	-0.035603	-0.046348	-0.018458	-0.022472
contig_1888_segment0	7909805	7956845	-0.087688	-0.128171	-0.046572	-0.042661
contig_1888_segment0	7956899	8000312	-0.074269	-0.117362	-0.044669	-0.035997
contig_1888_segment0	8000326	8051455	-0.046836	-0.065140	-0.026936	-0.026665
contig_1888_segment0	8051497	8099408	-0.073316	-0.098328	-0.043997	-0.038886
contig_1888_segment0	8099444	8149788	-0.025582	-0.033531	-0.014223	-0.009315
contig_1888_segment0	8149817	8197206	-0.109651	-0.189539	-0.063085	-0.039469
contig_1888_segment0	8197363	8243884	0.000916	0.000993	0.000468	0.011238
contig_1888_segment0	8243891	8285637	-0.077710	-0.099621	-0.042007	-0.026983
contig_1888_segment0	8285642	8333795	-0.007794	-0.010620	-0.004667	-0.010742
contig_1888_segment0	8333805	8391874	0.078677	0.080616	0.038660	0.040598
contig_1888_segment0	8391882	8444070	-0.046801	-0.062874	-0.029523	-0.018305
contig_1888_segment0	8444092	8505690	-0.020887	-0.028807	-0.010815	-0.008433
contig_1888_segment0	8505866	8568407	0.011100	0.013522	0.006018	0.001721
contig_1888_segment0	8568451	8620881	0.001645	0.001953	0.000971	0.003056
contig_1888_segment0	8620882	8678580	0.076973	0.092243	0.042718	0.046098
contig_1888_segment0	8678669	8733314	0.069997	0.082082	0.039849	0.040268
contig_1888_segment0	8733336	8800283	-0.031057	-0.047117	-0.018404	-0.008085
contig_1888_segment0	8800306	8891314	0.032838	0.035034	0.015610	0.028955
contig_1888_segment0	8891335	8974702	-0.069447	-0.075895	-0.036301	-0.031839
contig_1888_segment0	8974835	9051483	-0.031468	-0.032133	-0.015489	-0.007651
contig_1888_segment0	9051507	9133757	-0.017073	-0.018813	-0.008282	-0.007484
contig_1888_segment0	9133811	9246899	-0.142103	-0.133964	-0.068413	-0.058470
contig_1888_segment0	9246900	9323396	-0.027315	-0.027122	-0.012620	-0.005579
contig_1888_segment0	9323433	9465463	-0.111533	-0.118861	-0.052730	-0.052080
contig_1888_segment0	9465656	9572139	0.003934	0.004689	0.001938	0.005936
contig_1888_segment0	9572600	9675800	-0.015486	-0.017138	-0.007557	-0.005545
contig_1888_segment0	9675806	9765330	0.006301	0.006248	0.003308	0.007123
contig_1888_segment0	9765412	9842248	-0.098365	-0.103928	-0.040801	-0.043428
contig_1888_segment0	9842268	9910354	-0.045773	-0.054100	-0.022828	-0.015562
contig_1888_segment0	9910372	9975259	0.015024	0.016349	0.007585	0.004828
contig_1888_segment0	9975288	10035034	0.008460	0.010624	0.004578	0.006961
contig_1888_segment0	10035101	10125936	0.063079	0.069585	0.033794	0.039102
contig_1888_segment0	10126086	10240535	0.014664	0.014471	0.007215	0.009640
contig_1888_segment0	10240566	10346872	0.057796	0.058848	0.027635	0.033537
contig_1888_segment0	10347001	10478049	-0.088186	-0.074356	-0.037282	-0.047222
contig_1888_segment0	10478052	10559022	-0.034803	-0.043658	-0.017118	-0.014495
contig_1888_segment0	10559030	10615658	-0.036579	-0.046997	-0.020304	-0.015654
contig_1888_segment0	10615707	10677815	-0.043010	-0.045410	-0.020732	-0.017313
contig_1888_segment0	10677842	10731341	-0.018817	-0.020583	-0.010074	-0.006903
contig_1888_segment0	10731348	10795314	0.007656	0.008586	0.004093	-0.002076
contig_1888_segment0	10795315	10843323	-0.014816	-0.020570	-0.008653	-0.011476
contig_1888_segment0	10843328	10908623	-0.018136	-0.018697	-0.008884	-0.008704
contig_1888_segment0	10908679	10977271	-0.054359	-0.064370	-0.028019	-0.027003
contig_1888_segment0	10977320	11093731	0.028013	0.024003	0.012358	0.014692
contig_1888_segment0	11094810	11598703	0.126837	0.051111	0.030836	0.054023
contig_1888_segment0	11598742	11614202	-0.043124	-0.129608	-0.074661	-0.019747
contig_235_segment0	1651	8299	-0.022981	-0.116277	-0.037044	-0.014902
contig_235_segment0	8301	14833	0.008049	0.043275	0.017436	-0.000636
contig_235_segment0	14835	40393	0.006960	0.031981	0.014095	0.002308
contig_235_segment0	40398	52850	0.026833	0.123352	0.051598	0.009421
contig_235_segment0	52853	58719	0.044369	0.187756	0.106917	0.026126
contig_235_segment0	58730	66361	0.011943	0.062576	0.027670	0.006261
contig_235_segment0	66362	73816	0.035107	0.136953	0.072176	0.010595
contig_235_segment0	73817	88681	0.003931	0.017242	0.008007	0.001665
contig_235_segment0	88688	97002	-0.048421	-0.290679	-0.108390	-0.018105
contig_235_segment0	97058	116394	-0.035775	-0.155590	-0.059179	-0.021098
contig_235_segment0	116395	130852	-0.010296	-0.082926	-0.032748	-0.005519
contig_235_segment0	130861	135558	-0.043373	-0.325893	-0.100631	-0.016308
contig_235_segment0	135562	152694	-0.043355	-0.212622	-0.072025	-0.013411
scaffold_335_segment0	2447	113364	-0.010800	-0.026673	-0.014190	-0.007063
scaffold_335_segment0	115104	212870	0.006857	0.018115	0.009339	0.003895
scaffold_335_segment0	212899	309031	-0.018637	-0.049134	-0.025684	-0.007356
scaffold_335_segment0	309038	449867	-0.038729	-0.097395	-0.038242	-0.016727
scaffold_335_segment0	449945	836436	-0.104941	-0.100734	-0.047598	-0.058362
scaffold_335_segment0	836860	983959	-0.149925	-0.199589	-0.080642	-0.075303
scaffold_335_segment0	984735	1134179	-0.125061	-0.154760	-0.065418	-0.063286
scaffold_335_segment0	1134337	1244248	0.108829	0.107735	0.048101	0.047938
scaffold_335_segment0	1244273	1279879	0.051873	0.106071	0.056581	0.015269
scaffold_335_segment0	1279881	1285713	0.049946	0.240632	0.123295	0.023938
scaffold_335_segment0	1285721	1291686	0.018558	0.098572	0.047159	0.009827
scaffold_335_segment0	1291687	1351997	-0.022602	-0.042344	-0.018245	-0.010323
scaffold_335_segment0	1352142	1455765	-0.045182	-0.051034	-0.023043	-0.015502
scaffold_335_segment0	1455852	1626798	-0.040998	-0.039926	-0.018489	-0.030448
scaffold_335_segment0	1626879	1765059	-0.042988	-0.037860	-0.020272	-0.019771
scaffold_335_segment0	1765118	1891778	-0.027648	-0.030019	-0.012639	-0.020062
scaffold_335_segment0	1891797	2037803	-0.131088	-0.124806	-0.054826	-0.062098
scaffold_335_segment0	2037812	2149581	0.005374	0.006655	0.003061	0.008041
scaffold_335_segment0	2149659	2271917	0.005769	0.006285	0.002672	0.003621
scaffold_335_segment0	2271921	2369200	0.018074	0.019489	0.008600	0.012562
scaffold_335_segment0	2369215	2450741	-0.071511	-0.098741	-0.036073	-0.025067
scaffold_335_segment0	2450752	2511415	-0.086224	-0.104722	-0.043538	-0.041318
scaffold_335_segment0	2511566	2578928	0.021213	0.026306	0.010128	0.008240
scaffold_335_segment0	2578947	2654209	0.144060	0.193388	0.083616	0.059463
scaffold_335_segment0	2654400	2731541	0.064667	0.072527	0.033346	0.032168
scaffold_335_segment0	2731543	2799450	-0.056527	-0.085823	-0.035688	-0.024690
scaffold_335_segment0	2799476	2838876	0.008746	0.014421	0.008096	0.006187
scaffold_335_segment0	2838878	2915703	-0.095005	-0.097317	-0.049661	-0.047026
scaffold_335_segment0	2915808	3008099	0.004546	0.004772	0.002558	0.006034
scaffold_335_segment0	3008142	3140727	0.047401	0.046075	0.024249	0.027486
scaffold_335_segment0	3141542	3253252	-0.087267	-0.105181	-0.043473	-0.032615
scaffold_335_segment0	3253258	3351345	-0.026288	-0.024947	-0.013574	-0.016435
scaffold_335_segment0	3351437	3427311	0.017163	0.021385	0.008732	0.017924
scaffold_335_segment0	3427322	3502454	-0.090516	-0.113350	-0.042848	-0.046042
scaffold_335_segment0	3502582	3562465	-0.061957	-0.084537	-0.033904	-0.027731
scaffold_335_segment0	3562501	3624066	-0.041388	-0.054301	-0.024138	-0.024899
scaffold_335_segment0	3624067	3703204	-0.053825	-0.069070	-0.026441	-0.023559
scaffold_335_segment0	3703430	3773784	-0.111222	-0.119225	-0.051619	-0.055197
scaffold_335_segment0	3773872	3859860	0.011422	0.012271	0.006019	0.004573
scaffold_335_segment0	3859867	3933752	0.057761	0.058496	0.028801	0.027540
scaffold_335_segment0	3933775	4009353	-0.005648	-0.006674	-0.003082	-0.006422
scaffold_335_segment0	4009417	4079318	-0.113038	-0.125162	-0.057556	-0.053014
scaffold_335_segment0	4079319	4158382	0.004964	0.005962	0.002746	-0.000495
scaffold_335_segment0	4158386	4215031	-0.049622	-0.076908	-0.032660	-0.022543
scaffold_335_segment0	4215064	4323396	-0.036501	-0.029571	-0.014783	-0.016952
scaffold_335_segment0	4323772	4466645	-0.020168	-0.017890	-0.008232	-0.013923
scaffold_335_segment0	4467218	4580141	0.015480	0.015446	0.005912	0.005178
scaffold_335_segment0	4580168	4669103	-0.022514	-0.027155	-0.011048	-0.006108
scaffold_335_segment0	4669167	4746087	0.014587	0.017413	0.007561	0.007393
scaffold_335_segment0	4746208	4804986	-0.029062	-0.042702	-0.015593	-0.004081
scaffold_335_segment0	4805067	4870759	0.041765	0.043173	0.020694	0.022360
scaffold_335_segment0	4870785	4934120	-0.071674	-0.074270	-0.036645	-0.031598
scaffold_335_segment0	4934187	5006488	0.006993	0.008164	0.003886	0.001522
scaffold_335_segment0	5006706	5067377	-0.047096	-0.052794	-0.024188	-0.015145
scaffold_335_segment0	5067487	5129907	0.020496	0.020740	0.009988	0.017801
scaffold_335_segment0	5129914	5188297	-0.005463	-0.006057	-0.003160	-0.006800
scaffold_335_segment0	5188304	5209796	-0.018789	-0.026260	-0.014995	-0.010067
scaffold_335_segment0	5209809	5225148	-0.016785	-0.041123	-0.017199	-0.004243
scaffold_335_segment0	5225153	5329724	-0.046783	-0.048583	-0.021883	-0.023862
scaffold_335_segment0	5329725	5433696	-0.017793	-0.018818	-0.009137	-0.005298
scaffold_335_segment0	5433793	5521857	0.003244	0.003206	0.001621	0.000732
scaffold_335_segment0	5521872	5589885	-0.001309	-0.001695	-0.000834	0.001358
scaffold_335_segment0	5589898	5656760	-0.021009	-0.022849	-0.011511	-0.006440
scaffold_335_segment0	5656891	5717971	0.013358	0.017131	0.008467	0.003044
scaffold_335_segment0	5718133	5783757	-0.019325	-0.019567	-0.009253	-0.003189
scaffold_335_segment0	5784444	5884401	0.018769	0.017973	0.009079	0.011426
scaffold_335_segment0	5884453	5956868	-0.021602	-0.029309	-0.011856	-0.011849
scaffold_335_segment0	5957373	6011811	-0.035710	-0.043505	-0.017220	-0.018767
scaffold_335_segment0	6012082	6077593	0.122748	0.145302	0.052096	0.059058
scaffold_335_segment0	6077609	6126760	-0.069864	-0.104548	-0.040562	-0.036554
scaffold_335_segment0	6126762	6176359	-0.137169	-0.255405	-0.087050	-0.066076
scaffold_335_segment0	6176372	6243104	-0.147675	-0.194673	-0.081394	-0.077062
scaffold_335_segment0	6243136	6296392	0.008732	0.011126	0.005564	0.004764
scaffold_335_segment0	6296439	6355013	-0.016160	-0.021156	-0.009406	-0.010052
scaffold_335_segment0	6355041	6413344	-0.045251	-0.049882	-0.021994	-0.016664
scaffold_335_segment0	6413379	6461588	-0.011941	-0.020387	-0.008745	-0.002886
scaffold_335_segment0	6461785	6524976	-0.053222	-0.064626	-0.028207	-0.030452
scaffold_335_segment0	6524978	6565685	-0.016984	-0.020335	-0.009629	-0.009310
scaffold_335_segment0	6565691	6608002	-0.002987	-0.005625	-0.001961	0.004232
scaffold_335_segment0	6608010	6646176	0.070846	0.100204	0.044571	0.042022
scaffold_335_segment0	6646179	6664876	-0.067058	-0.161554	-0.064945	-0.031197
scaffold_335_segment0	6664890	6691592	-0.143565	-0.217940	-0.096283	-0.064660
scaffold_335_segment0	6691629	6704892	-0.027193	-0.073471	-0.031526	-0.018024
scaffold_335_segment0	6704915	6779191	0.042473	0.045383	0.023556	0.028934
scaffold_335_segment0	6779197	6864982	-0.079763	-0.086919	-0.032081	-0.029804
scaffold_335_segment0	6865071	6942502	0.025140	0.027070	0.011900	0.011258
scaffold_335_segment0	6942557	7046257	0.109915	0.103104	0.045686	0.062451
scaffold_335_segment0	7046331	7114355	0.133258	0.109159	0.061272	0.065961
scaffold_335_segment0	7114432	7186117	0.131850	0.123996	0.056987	0.058810
scaffold_335_segment0	7186255	7253576	-0.056320	-0.060716	-0.030184	-0.034182
scaffold_335_segment0	7253598	7314849	0.028014	0.032749	0.014375	0.018497
scaffold_335_segment0	7315008	7377732	0.045177	0.063781	0.026508	0.022146
scaffold_335_segment0	7377889	7465953	0.036192	0.030423	0.017369	0.010047
scaffold_335_segment0	7465987	7622991	-0.096229	-0.081765	-0.043900	-0.039904
scaffold_335_segment0	7623016	7754323	-0.024106	-0.020839	-0.010345	-0.019919
scaffold_335_segment0	7754339	7844180	0.090289	0.075752	0.040497	0.029728
scaffold_335_segment0	7844184	7941961	0.005224	0.004984	0.002432	0.015479
scaffold_335_segment0	7943212	8085282	-0.091780	-0.091208	-0.042939	-0.044581
scaffold_335_segment0	8085296	8177713	-0.106059	-0.113374	-0.051881	-0.055028
scaffold_335_segment0	8177946	8316704	-0.091696	-0.061789	-0.029364	-0.033642
scaffold_335_segment0	8316759	8429755	0.012653	0.011485	0.006014	0.006572
scaffold_335_segment0	8429766	8561638	0.011878	0.007836	0.003823	0.000395
scaffold_335_segment0	8561699	8650170	-0.056639	-0.060871	-0.024034	-0.022624
scaffold_335_segment0	8650432	8761407	-0.173666	-0.186271	-0.072832	-0.059266
scaffold_335_segment0	8761408	8873312	-0.011948	-0.009694	-0.004755	-0.006592
scaffold_335_segment0	8873418	8979098	-0.057658	-0.064604	-0.026232	-0.025009
scaffold_335_segment0	8979139	9087837	-0.034371	-0.028772	-0.013727	-0.011834
scaffold_335_segment0	9087844	9180743	-0.105792	-0.136302	-0.050657	-0.046303
scaffold_335_segment0	9180761	9263461	0.093338	0.117575	0.039763	0.044952
scaffold_335_segment0	9263494	9421226	0.162578	0.151181	0.083810	0.095256
scaffold_335_segment0	9421231	9551412	-0.087070	-0.063544	-0.032672	-0.036858
scaffold_335_segment0	9551525	9686980	-0.191546	-0.251477	-0.116792	-0.124790
scaffold_335_segment0	9687082	9798333	-0.007864	-0.005985	-0.003327	-0.003367
scaffold_335_segment0	9798350	9944061	0.059158	0.066763	0.029453	0.034144
scaffold_335_segment0	9944063	10109237	0.028641	0.020179	0.010807	0.009250
scaffold_335_segment0	10109251	10248514	0.062036	0.058851	0.028711	0.038799
scaffold_335_segment0	10248565	10371721	0.096368	0.089350	0.047723	0.046097
scaffold_335_segment0	10371749	10489618	-0.128725	-0.137289	-0.067682	-0.053011
scaffold_335_segment0	10489666	10658591	-0.005393	-0.004537	-0.002129	-0.000457
scaffold_335_segment0	10658751	10815312	0.036235	0.025506	0.012178	0.012592
scaffold_335_segment0	10815313	10930512	0.075140	0.078882	0.026745	0.026348
scaffold_335_segment0	10931229	11030594	0.118722	0.169697	0.087673	0.055377
scaffold_335_segment0	11030625	11149261	0.002981	0.003180	0.001732	0.005087
scaffold_335_segment0	11149441	11345508	-0.131787	-0.074618	-0.045007	-0.053990
scaffold_335_segment0	11345667	11449200	-0.163128	-0.175148	-0.071865	-0.091394
scaffold_335_segment0	11449206	11551727	-0.057348	-0.063036	-0.031610	-0.032262
scaffold_335_segment0	11551743	11619679	0.152701	0.214162	0.081843	0.081298
scaffold_335_segment0	11620034	11722453	0.127696	0.089596	0.057876	0.070507
scaffold_335_segment0	11723193	11851857	0.098631	0.093545	0.043115	0.040636
scaffold_335_segment0	11851916	12002028	0.024367	0.020762	0.009445	0.009950
scaffold_335_segment0	12002108	12107240	-0.028616	-0.031558	-0.011675	-0.014380
scaffold_335_segment0	12107769	12222140	-0.039590	-0.033661	-0.018640	-0.021758
scaffold_335_segment0	12222933	12343468	-0.074444	-0.048307	-0.027587	-0.034125
scaffold_335_segment0	12343480	12423915	0.173114	0.158129	0.081307	0.099365
scaffold_335_segment0	12423917	12493179	-0.105863	-0.121982	-0.059292	-0.052148
scaffold_335_segment0	12493404	12600725	0.115095	0.102867	0.057994	0.061705
scaffold_335_segment0	12600727	12784870	-0.346519	-0.259274	-0.148362	-0.221031
scaffold_335_segment0	12784915	12925109	-0.086397	-0.074399	-0.034122	-0.043569
scaffold_335_segment0	12925125	13046137	-0.138715	-0.151795	-0.068433	-0.069010
scaffold_335_segment0	13046169	13198149	0.003489	0.006047	0.002447	0.001850
scaffold_335_segment0	13198316	13328076	0.004348	0.004639	0.002073	0.003004
scaffold_335_segment0	13328077	13477748	0.132535	0.098897	0.053119	0.066034
scaffold_335_segment0	13478464	13642491	-0.019798	-0.021329	-0.010430	-0.007797
scaffold_335_segment0	13642967	13779383	0.054882	0.041225	0.021952	0.021204
scaffold_335_segment0	13779515	13951179	-0.125263	-0.119955	-0.060841	-0.049579
scaffold_335_segment0	13951343	14095318	0.020128	0.017179	0.008124	-0.000382
scaffold_335_segment0	14095334	14285470	0.045535	0.037106	0.019676	0.017810
scaffold_335_segment0	14285755	14489046	-0.149587	-0.097835	-0.059939	-0.069541
scaffold_335_segment0	14489258	14679547	-0.103674	-0.062066	-0.037157	-0.033798
scaffold_335_segment0	14679611	14914864	-0.230171	-0.130879	-0.072470	-0.109484
scaffold_335_segment0	14915189	15242982	-0.128283	-0.040817	-0.024702	-0.069848
scaffold_335_segment0	15243069	15410297	-0.060935	-0.041675	-0.021523	-0.027299
scaffold_335_segment0	15410456	15634362	0.047491	0.043770	0.017893	0.017641
scaffold_335_segment0	15635846	15843077	-0.063182	-0.048942	-0.023067	-0.024573
scaffold_335_segment0	15843116	16083658	-0.092885	-0.050929	-0.029861	-0.042929
scaffold_335_segment0	16083663	16360135	0.007713	0.004269	0.002178	-0.000675
scaffold_335_segment0	16361452	16544325	-0.062419	-0.037899	-0.021763	-0.026927
scaffold_335_segment0	16544332	16691898	-0.138218	-0.105333	-0.059067	-0.070676
scaffold_335_segment0	16693112	16850219	-0.022610	-0.014786	-0.007808	-0.008190
scaffold_335_segment0	16850222	16941607	-0.019102	-0.018089	-0.008771	-0.007468
scaffold_335_segment0	16941626	17021089	-0.011808	-0.013572	-0.006670	-0.009907
scaffold_335_segment0	17021512	17130722	0.054351	0.046984	0.022315	0.018137
scaffold_335_segment0	17130770	17232537	-0.001516	-0.001345	-0.000604	-0.009480
scaffold_335_segment0	17232557	17345768	0.042311	0.040218	0.018491	0.021228
scaffold_335_segment0	17346186	17508121	-0.227726	-0.185333	-0.082962	-0.113108
scaffold_335_segment0	17508619	17625269	-0.111513	-0.133482	-0.060936	-0.060171
scaffold_335_segment0	17625380	17767600	-0.103118	-0.117799	-0.048809	-0.045399
scaffold_335_segment0	17768038	17856784	-0.092950	-0.108640	-0.041389	-0.044490
scaffold_335_segment0	17856934	17967055	0.014098	0.012154	0.005984	0.011083
scaffold_335_segment0	17967084	18076250	-0.068580	-0.048712	-0.024769	-0.029119
scaffold_335_segment0	18076275	18171588	-0.013095	-0.012637	-0.005532	-0.003455
scaffold_335_segment0	18171882	18289921	-0.103600	-0.117571	-0.042459	-0.051093
scaffold_335_segment0	18290099	18412198	-0.024832	-0.019746	-0.010252	-0.015553
scaffold_335_segment0	18413080	18560852	0.023340	0.020768	0.010061	0.009535
scaffold_335_segment0	18560918	18710427	-0.107957	-0.077124	-0.047461	-0.052812
scaffold_335_segment0	18710665	18850472	-0.100593	-0.089322	-0.047249	-0.055996
scaffold_335_segment0	18850539	18968866	-0.122366	-0.105585	-0.040582	-0.059560
scaffold_335_segment0	18968886	19148052	0.067508	0.041409	0.020931	0.030595
scaffold_335_segment0	19148053	19302010	-0.181231	-0.198331	-0.078968	-0.100500
scaffold_335_segment0	19302097	19505811	-0.182681	-0.243568	-0.111778	-0.100741
scaffold_335_segment0	19506108	19671648	-0.134767	-0.102891	-0.059113	-0.073708
scaffold_335_segment0	19671824	19866232	-0.153877	-0.133748	-0.076673	-0.090762
scaffold_335_segment0	19866236	20027708	-0.206813	-0.177945	-0.103421	-0.134002
scaffold_335_segment0	20027780	20199808	-0.099562	-0.083677	-0.046494	-0.063273
scaffold_335_segment0	20200112	20347709	0.170180	0.136887	0.062340	0.070841
scaffold_335_segment0	20348691	20574958	-0.311564	-0.218499	-0.111990	-0.161957
scaffold_335_segment0	20574999	20756186	-0.064562	-0.054548	-0.028896	-0.032093
scaffold_335_segment0	20756217	20873513	-0.109953	-0.110208	-0.047598	-0.059363
scaffold_335_segment0	20873562	21008717	-0.066245	-0.058656	-0.029557	-0.030705
scaffold_335_segment0	21008842	21197397	-0.074952	-0.058063	-0.027689	-0.043929
scaffold_335_segment0	21197409	21361069	-0.017305	-0.012890	-0.007149	-0.004969
scaffold_335_segment0	21361079	21482222	-0.049018	-0.047581	-0.024659	-0.020822
scaffold_335_segment0	21482333	21636253	0.023969	0.025992	0.013987	0.011299
scaffold_335_segment0	21636255	21792049	-0.128893	-0.115610	-0.058298	-0.081763
scaffold_335_segment0	21792087	21920215	0.281484	0.286018	0.135308	0.182082
scaffold_335_segment0	21920342	22074737	0.035866	0.026827	0.012172	0.020538
scaffold_335_segment0	22074751	22252805	-0.128526	-0.087596	-0.038018	-0.051476
scaffold_335_segment0	22253355	22370190	0.019280	0.017739	0.010864	0.009216
scaffold_335_segment0	22370203	22694815	-0.119532	-0.055521	-0.032648	-0.055365
scaffold_335_segment0	22694925	22879655	-0.130605	-0.116983	-0.065303	-0.061520
scaffold_335_segment0	22879677	23010711	-0.006375	-0.009234	-0.003610	-0.003290
scaffold_335_segment0	23010715	23156735	-0.162858	-0.227901	-0.094447	-0.073078
scaffold_335_segment0	23156852	23722920	-0.320461	-0.058432	-0.045347	-0.145632
scaffold_335_segment0	23723083	24179821	-0.181079	-0.031429	-0.024447	-0.079433
scaffold_335_segment0	24180129	24633817	-0.153218	-0.030498	-0.023893	-0.053965
scaffold_335_segment0	24634132	25090844	-0.104894	-0.029845	-0.022081	-0.034326
scaffold_335_segment0	25090845	25532611	-0.170122	-0.060078	-0.043564	-0.097109
scaffold_335_segment0	25533200	25880482	-0.368891	-0.130158	-0.088636	-0.258453
scaffold_335_segment0	25880488	26232490	0.135140	0.045587	0.029077	0.093596
scaffold_335_segment0	26232997	26504272	-0.115985	-0.038172	-0.026676	-0.056075
scaffold_335_segment0	26504434	26637762	-0.121222	-0.082144	-0.049100	-0.051760
scaffold_335_segment0	26637765	26771235	-0.272275	-0.187958	-0.116288	-0.101844
scaffold_335_segment0	26771243	26868185	0.125906	0.120644	0.073078	0.061322
scaffold_335_segment0	26868319	26998193	-0.149942	-0.118201	-0.062845	-0.083298
scaffold_335_segment0	26998218	27157030	0.114017	0.086667	0.054542	0.062257
scaffold_335_segment0	27157067	27287524	0.276663	0.279138	0.127951	0.142368
scaffold_335_segment0	27287563	27461484	-0.106231	-0.124773	-0.058302	-0.065611
scaffold_335_segment0	27462939	27564596	0.110647	0.132845	0.053298	0.053157
scaffold_335_segment0	27564764	27695199	-0.140476	-0.215275	-0.065382	-0.077848
scaffold_335_segment0	27695205	27841638	-0.089578	-0.071401	-0.037248	-0.039751
scaffold_335_segment0	27841769	28095340	-0.411671	-0.252121	-0.138106	-0.199730
scaffold_335_segment0	28096466	28371669	-0.152461	-0.072408	-0.045246	-0.056916
scaffold_335_segment0	28371671	28505775	0.242648	0.311415	0.177146	0.115920
scaffold_335_segment0	28505898	28794970	0.067989	0.030488	0.019752	0.024748
scaffold_335_segment0	28794995	28998729	0.043344	0.022690	0.015674	0.019352
scaffold_335_segment0	28999706	29056584	-0.041871	-0.098227	-0.054060	-0.012229
scaffold_335_segment0	29056587	29364453	-0.112049	-0.035706	-0.023760	-0.049245
scaffold_335_segment0	29364456	29576410	0.050430	0.044573	0.021999	0.023506
scaffold_335_segment0	29576496	29744122	0.287459	0.218224	0.127140	0.170143
scaffold_335_segment0	29744808	29964831	-0.009782	-0.008121	-0.004416	-0.017489
scaffold_335_segment0	29964837	30142981	0.125886	0.067247	0.040273	0.060323
scaffold_335_segment0	30143099	30388496	0.405780	0.373962	0.174309	0.236541
scaffold_335_segment0	30390911	30567325	0.024785	0.028101	0.011451	0.010718
scaffold_335_segment0	30567534	30676616	-0.005032	-0.007285	-0.002995	-0.002418
scaffold_335_segment0	30676706	30792199	-0.067484	-0.052948	-0.026516	-0.043611
scaffold_335_segment0	30792200	30899125	0.088906	0.075340	0.033115	0.041021
scaffold_335_segment0	30899157	30957421	-0.030364	-0.031194	-0.016276	-0.012698
scaffold_335_segment0	30957480	31051441	0.075144	0.060402	0.036703	0.041254
scaffold_335_segment0	31051582	31141448	0.296703	0.380633	0.237238	0.142212
scaffold_335_segment0	31141595	31253608	0.019772	0.014913	0.008775	0.016331
scaffold_335_segment0	31255121	31425370	0.335355	0.162097	0.107547	0.178397
scaffold_335_segment0	31425378	31585495	0.446114	0.246391	0.163701	0.210391
scaffold_335_segment0	31587030	31754344	-0.367350	-0.230105	-0.146014	-0.215433
scaffold_335_segment0	31754375	31888408	-0.055555	-0.044012	-0.026395	-0.029220
scaffold_335_segment0	31888453	32195918	-0.317139	-0.116423	-0.078506	-0.152938
scaffold_335_segment0	32195921	32356135	-0.332592	-0.306737	-0.169130	-0.164072
scaffold_335_segment0	32356136	32642541	0.270507	0.120560	0.077605	0.154398
scaffold_335_segment0	32642944	33030144	0.182703	0.091956	0.055638	0.081767
scaffold_335_segment0	33030152	33251894	-0.031933	-0.029375	-0.017364	-0.012263
scaffold_335_segment0	33251908	33507661	0.119558	0.065776	0.034737	0.062207
scaffold_335_segment0	33507663	33803337	-0.070202	-0.015621	-0.011106	-0.025119
scaffold_335_segment0	33803361	33998508	0.053526	0.046001	0.021009	0.020514
scaffold_335_segment0	33998546	34157648	-0.109784	-0.095423	-0.048181	-0.039808
scaffold_335_segment0	34158110	34346427	0.358719	0.323309	0.148100	0.217075
scaffold_335_segment0	34346428	34547060	0.059266	0.054695	0.028720	0.017856
scaffold_335_segment0	34547193	34690579	-0.186170	-0.182756	-0.082043	-0.129115
scaffold_335_segment0	34690590	34805233	0.129735	0.160580	0.076563	0.087017
scaffold_335_segment0	34806007	34899564	-0.085158	-0.105846	-0.049240	-0.044384
scaffold_335_segment0	34899566	34948069	0.040084	0.075634	0.035947	0.006623
scaffold_335_segment0	34948319	35052595	0.110671	0.098693	0.061956	0.040682
scaffold_335_segment0	35052698	35171870	-0.205270	-0.211211	-0.095176	-0.106358
scaffold_335_segment0	35172503	35357516	-0.021479	-0.020300	-0.008859	-0.011025
scaffold_335_segment0	35357524	35562276	-0.043423	-0.043082	-0.019016	-0.025209
scaffold_335_segment0	35562390	35769515	-0.117004	-0.095470	-0.046200	-0.041712
scaffold_335_segment0	35769624	35899175	0.026568	0.034401	0.014736	0.007237
scaffold_335_segment0	35899176	36153395	-0.254293	-0.149331	-0.089115	-0.119563
scaffold_335_segment0	36155888	36471507	0.058588	0.025181	0.015655	0.020674
scaffold_335_segment0	36471564	36681065	0.012429	0.009110	0.005115	-0.000821
scaffold_335_segment0	36681263	36935863	-0.323591	-0.173947	-0.101016	-0.154252
scaffold_335_segment0	36935889	37100726	0.045555	0.021110	0.014344	0.031050
scaffold_335_segment0	37100727	37232421	-0.086962	-0.131753	-0.049651	-0.042792
scaffold_335_segment0	37232486	37329475	0.085769	0.076234	0.040131	0.029955
scaffold_335_segment0	37329476	37437064	0.048760	0.040699	0.022661	0.013339
scaffold_335_segment0	37437071	37536130	0.145272	0.111654	0.066591	0.045870
scaffold_335_segment0	37536275	37638125	-0.065019	-0.090895	-0.049966	-0.023537
scaffold_335_segment0	37638134	37832771	-0.151545	-0.083215	-0.054221	-0.053624
scaffold_335_segment0	37833523	37990339	-0.155399	-0.128121	-0.071524	-0.064605
scaffold_335_segment0	37990461	38127440	-0.205983	-0.173479	-0.087896	-0.102933
scaffold_335_segment0	38127453	38353489	0.047414	0.031743	0.019701	0.024707
scaffold_335_segment0	38354070	38500407	-0.118890	-0.120015	-0.076079	-0.064121
scaffold_335_segment0	38500458	38723414	-0.135052	-0.126408	-0.070742	-0.089306
scaffold_335_segment0	38724594	38851481	-0.296513	-0.709807	-0.229153	-0.131083
scaffold_335_segment0	38851994	38990153	-0.319384	-0.768467	-0.239872	-0.183363
scaffold_335_segment0	38990675	39108155	-0.136468	-0.203934	-0.078428	-0.056027
scaffold_335_segment0	39108156	39207312	-0.064081	-0.097132	-0.045117	-0.018266
scaffold_335_segment0	39207342	39349239	0.086966	0.064163	0.032502	0.049457
scaffold_335_segment0	39349748	39484074	-0.166385	-0.135128	-0.075863	-0.074678
scaffold_335_segment0	39484161	39638798	-0.111869	-0.108788	-0.061101	-0.039174
scaffold_335_segment0	39639325	39838723	0.162208	0.149768	0.062997	0.060528
scaffold_335_segment0	39838771	40040694	0.058294	0.024818	0.014704	0.016819
scaffold_335_segment0	40040946	40217480	-0.013133	-0.009246	-0.004637	0.002518
scaffold_335_segment0	40217516	40291259	0.275163	0.400287	0.163353	0.136378
scaffold_335_segment0	40291757	40404537	0.219524	0.198357	0.105140	0.117142
scaffold_335_segment0	40404667	40482209	-0.163693	-0.208204	-0.105872	-0.082653
scaffold_335_segment0	40482229	40542087	0.152524	0.196107	0.112143	0.066579
scaffold_335_segment0	40542103	40668415	-0.002331	-0.001986	-0.000922	-0.007026
scaffold_335_segment0	40668442	40751705	-0.005968	-0.005152	-0.002652	-0.003704
scaffold_335_segment0	40751713	40850366	0.013438	0.014702	0.008635	0.010072
scaffold_335_segment0	40850391	40921896	-0.014096	-0.014733	-0.008443	-0.006551
scaffold_335_segment0	40921900	40994517	-0.040658	-0.050207	-0.026598	-0.009184
scaffold_335_segment0	40994610	41099527	-0.010624	-0.013593	-0.007443	-0.012020
scaffold_335_segment0	41099546	41202360	0.048672	0.039089	0.020963	0.020715
scaffold_335_segment0	41202562	41395614	-0.195008	-0.134611	-0.074891	-0.108856
scaffold_335_segment0	41395625	41492293	-0.023895	-0.033146	-0.016055	-0.022097
scaffold_335_segment0	41492340	41589831	0.071997	0.122457	0.043637	0.020711
scaffold_335_segment0	41589887	41696106	-0.025867	-0.018998	-0.010879	-0.020246
scaffold_335_segment0	41696377	41829015	-0.184304	-0.171002	-0.087415	-0.079494
scaffold_335_segment0	41829118	41944469	-0.271659	-0.206190	-0.112498	-0.132820
scaffold_335_segment0	41944470	42034568	0.073009	0.069459	0.037824	0.027963
scaffold_335_segment0	42034883	42164153	-0.076463	-0.067655	-0.036551	-0.040418
scaffold_335_segment0	42164169	42283445	0.113310	0.105169	0.050272	0.045703
scaffold_335_segment0	42283485	42450252	0.020300	0.020235	0.008929	0.009109
scaffold_335_segment0	42450692	42623641	0.287224	0.238118	0.111497	0.158226
scaffold_335_segment0	42623656	42851768	-0.006248	-0.003074	-0.001789	-0.015534
scaffold_335_segment0	42852064	43041686	-0.155875	-0.114220	-0.057668	-0.082255
scaffold_335_segment0	43042107	43155350	0.283754	0.303907	0.147120	0.160538
scaffold_335_segment0	43155744	43299756	-0.011401	-0.013972	-0.005016	-0.020724
scaffold_335_segment0	43299810	43503931	0.044879	0.035135	0.015555	0.020177
scaffold_335_segment0	43504114	43671649	-0.177594	-0.121776	-0.057556	-0.104694
scaffold_335_segment0	43671652	43849956	0.171550	0.100947	0.055748	0.095863
scaffold_335_segment0	43849962	44147576	0.485278	0.260507	0.145236	0.239098
scaffold_335_segment0	44147579	44407980	0.020601	0.011278	0.006519	0.017565
scaffold_335_segment0	44408056	44677662	-0.066460	-0.046703	-0.025236	-0.048638
scaffold_335_segment0	44677678	44948136	-0.138479	-0.093391	-0.051558	-0.049906
scaffold_335_segment0	44949475	45114574	-0.021027	-0.019643	-0.009677	-0.007531
scaffold_335_segment0	45114589	45231923	0.007586	0.009584	0.004278	0.012788
scaffold_335_segment0	45231938	45398051	-0.020008	-0.014991	-0.007824	-0.015021
scaffold_335_segment0	45399051	45549003	0.014027	0.013432	0.005559	-0.004171
scaffold_335_segment0	45549133	45731229	-0.066636	-0.040189	-0.026273	-0.030163
scaffold_335_segment0	45731745	45888326	0.082678	0.063789	0.034673	0.030592
scaffold_335_segment0	45888327	46037801	-0.000891	-0.000838	-0.000417	0.000784
scaffold_335_segment0	46039971	46228390	-0.116636	-0.107372	-0.054541	-0.050321
scaffold_335_segment0	46228410	46413738	-0.107119	-0.065941	-0.028622	-0.048442
scaffold_335_segment0	46414010	46541990	-0.131927	-0.138975	-0.054743	-0.052505
scaffold_335_segment0	46542158	46689759	-0.020274	-0.014394	-0.005920	-0.005007
scaffold_335_segment0	46690039	46812291	0.060775	0.051726	0.023696	0.027537
scaffold_335_segment0	46812680	46948719	0.108162	0.086031	0.046953	0.061563
scaffold_335_segment0	46948756	47053463	-0.023945	-0.018614	-0.009435	-0.017888
scaffold_335_segment0	47053469	47156179	-0.000192	-0.000164	-0.000081	0.007738
scaffold_335_segment0	47156400	47286175	-0.072513	-0.072739	-0.036071	-0.032588
scaffold_335_segment0	47286191	47410928	-0.134153	-0.124025	-0.054183	-0.067288
scaffold_335_segment0	47411133	47559291	0.010294	0.009085	0.004145	0.007098
scaffold_335_segment0	47559313	47655564	-0.127285	-0.135210	-0.058212	-0.060671
scaffold_335_segment0	47655761	47720662	-0.062274	-0.082440	-0.032455	-0.025088
scaffold_335_segment0	47720766	47807019	-0.078046	-0.096935	-0.033497	-0.032824
scaffold_335_segment0	47807054	47924223	-0.053045	-0.066310	-0.026272	-0.024168
scaffold_335_segment0	47924292	48038012	-0.011915	-0.012426	-0.005150	0.000325
scaffold_335_segment0	48038079	48111806	-0.033581	-0.043134	-0.015621	-0.026248
scaffold_335_segment0	48111922	48208559	-0.015798	-0.015554	-0.007550	-0.011138
scaffold_335_segment0	48208571	48333092	-0.083589	-0.081723	-0.035861	-0.038093
scaffold_335_segment0	48333298	48428185	0.073634	0.076049	0.031450	0.029568
scaffold_335_segment0	48428209	48514692	0.030118	0.026327	0.013811	0.021038
scaffold_335_segment0	48514902	48612604	0.038446	0.042003	0.015816	0.017447
scaffold_335_segment0	48612796	48716478	-0.006923	-0.007472	-0.003223	-0.006645
scaffold_335_segment0	48716487	48820782	0.024755	0.025695	0.012466	0.008957
scaffold_335_segment0	48820873	48892602	0.091989	0.117841	0.049314	0.044909
scaffold_335_segment0	48892811	48972132	0.134942	0.208328	0.075036	0.064442
scaffold_335_segment0	48972140	49072791	-0.034592	-0.040572	-0.017741	-0.011980
scaffold_335_segment0	49073633	49198048	-0.084124	-0.060571	-0.030060	-0.026334
scaffold_335_segment0	49198091	49316667	0.114973	0.116362	0.049108	0.054883
scaffold_335_segment0	49316668	49425406	-0.022636	-0.021870	-0.010183	-0.012880
scaffold_335_segment0	49425533	49510504	0.043203	0.038191	0.017938	0.017163
scaffold_335_segment0	49510590	49631352	-0.102129	-0.110846	-0.047274	-0.046455
scaffold_335_segment0	49631673	49718872	-0.073171	-0.086074	-0.035622	-0.033511
scaffold_335_segment0	49718886	49817101	-0.048770	-0.059225	-0.026446	-0.027541
scaffold_335_segment0	49817133	49862507	0.050754	0.128745	0.043821	0.015603
scaffold_335_segment0	49862989	49947875	-0.005625	-0.006531	-0.002694	-0.008465
scaffold_335_segment0	49947876	50039613	-0.092862	-0.107587	-0.048466	-0.039130
scaffold_335_segment0	50039632	50115225	0.007915	0.007237	0.003803	0.005619
scaffold_335_segment0	50115676	50195368	-0.079281	-0.074236	-0.033294	-0.036648
scaffold_335_segment0	50195401	50271442	0.003662	0.004612	0.002001	0.004094
scaffold_335_segment0	50271678	50373343	0.047672	0.043797	0.022258	0.025766
scaffold_335_segment0	50373441	50478604	0.037391	0.032242	0.016195	0.012619
scaffold_335_segment0	50478643	50594724	0.083003	0.061193	0.034990	0.032415
scaffold_335_segment0	50595057	50692034	0.085994	0.073429	0.037796	0.038771
scaffold_335_segment0	50692039	50806158	-0.012249	-0.011547	-0.004596	-0.003244
scaffold_335_segment0	50806198	50902717	0.004816	0.005039	0.002541	0.002910
scaffold_335_segment0	50902732	51009006	0.073751	0.073697	0.034062	0.039218
scaffold_335_segment0	51009038	51139622	0.017470	0.019198	0.007380	0.008134
scaffold_335_segment0	51139905	51288042	-0.158143	-0.158174	-0.065101	-0.062816
scaffold_335_segment0	51288067	51423823	0.103034	0.118153	0.054589	0.050605
scaffold_335_segment0	51423960	51548863	-0.082725	-0.079961	-0.037951	-0.037647
scaffold_335_segment0	51548921	51664142	0.054594	0.036802	0.020173	0.027667
scaffold_335_segment0	51664143	51772732	-0.059865	-0.035234	-0.021395	-0.033847
scaffold_335_segment0	51772733	51904924	0.009733	0.009159	0.004365	0.018941
scaffold_335_segment0	51904939	52044036	-0.016823	-0.012884	-0.006568	-0.011555
scaffold_335_segment0	52044226	52171848	0.101792	0.084681	0.044781	0.051814
scaffold_335_segment0	52171881	52294995	-0.041432	-0.041224	-0.021730	-0.028135
scaffold_335_segment0	52295029	52412885	-0.021997	-0.022299	-0.011001	-0.016743
scaffold_335_segment0	52412933	52516675	-0.104426	-0.095568	-0.046859	-0.050859
scaffold_335_segment0	52517235	52626063	-0.065781	-0.061898	-0.027298	-0.029067
scaffold_335_segment0	52626076	52708200	0.021727	0.021692	0.010480	0.008493
scaffold_335_segment0	52708251	52783472	-0.072136	-0.095747	-0.033078	-0.035222
scaffold_335_segment1	14736	85149	-0.026592	-0.029655	-0.013957	-0.011364
scaffold_335_segment1	85218	154430	-0.016413	-0.020573	-0.008886	-0.011917
scaffold_335_segment1	154474	251319	0.032784	0.033569	0.015625	0.011901
scaffold_335_segment1	251363	325807	-0.106194	-0.118730	-0.054620	-0.053871
scaffold_335_segment1	325829	415327	0.011885	0.012122	0.005338	0.005212
scaffold_335_segment1	415447	512028	0.062684	0.054963	0.026662	0.026522
scaffold_335_segment1	512254	593440	-0.041597	-0.045406	-0.020164	-0.021266
scaffold_335_segment1	593833	710424	0.049876	0.045905	0.021758	0.022858
scaffold_335_segment1	710548	807530	-0.070418	-0.077314	-0.034877	-0.027668
scaffold_335_segment1	807794	869982	0.026701	0.031058	0.015428	0.022216
scaffold_335_segment1	869987	917976	0.003569	0.005660	0.002085	0.008299
scaffold_335_segment1	918127	973192	0.041264	0.056425	0.024469	0.025710
scaffold_335_segment1	973277	1037939	-0.043597	-0.050562	-0.022774	-0.027509
scaffold_335_segment1	1037962	1104917	0.023600	0.024180	0.012282	0.005067
scaffold_335_segment1	1104969	1159380	-0.023820	-0.031845	-0.014195	-0.003960
scaffold_335_segment1	1159398	1219675	-0.055159	-0.065999	-0.028926	-0.022453
scaffold_335_segment1	1219908	1278162	-0.118555	-0.170830	-0.065095	-0.050855
scaffold_335_segment1	1278285	1331634	-0.039706	-0.046881	-0.019666	-0.012622
scaffold_335_segment1	1331741	1394250	-0.095466	-0.127547	-0.049527	-0.044942
scaffold_335_segment1	1394681	1463985	-0.150167	-0.238862	-0.081776	-0.069907
scaffold_335_segment1	1463994	1525863	-0.308704	-0.448632	-0.173451	-0.139410
scaffold_335_segment1	1525873	1614631	0.086573	0.092225	0.042471	0.033398
scaffold_335_segment1	1614674	1707772	-0.038914	-0.040649	-0.018804	-0.023462
scaffold_335_segment1	1707784	1803635	0.051421	0.059631	0.025880	0.029419
scaffold_335_segment1	1803664	1887280	-0.019322	-0.025696	-0.010319	-0.007237
scaffold_335_segment1	1887315	1940391	0.017536	0.019988	0.009377	0.004164
scaffold_335_segment1	1940395	1987887	0.003850	0.005203	0.002334	0.011150
scaffold_335_segment1	1988071	2033860	0.025301	0.035417	0.012359	0.018575
scaffold_335_segment1	2033861	2079681	-0.024320	-0.032412	-0.014229	-0.006632
scaffold_335_segment1	2079789	2112908	0.005811	0.009974	0.003958	0.001126
scaffold_335_segment1	2112942	2151871	-0.087615	-0.150251	-0.059319	-0.040297
scaffold_335_segment1	2151919	2199868	0.050197	0.067683	0.031565	0.021304
scaffold_335_segment1	2199876	2238908	-0.069591	-0.116514	-0.047023	-0.033195
scaffold_335_segment1	2238931	2287906	0.000944	0.001182	0.000540	0.000528
scaffold_335_segment1	2287922	2337686	-0.008384	-0.010262	-0.004799	-0.000939
scaffold_335_segment1	2337691	2389799	0.015868	0.018050	0.008482	0.007371
scaffold_335_segment1	2390490	2456447	0.017316	0.019937	0.009239	0.016716
scaffold_335_segment1	2456483	2499143	-0.018378	-0.026294	-0.011282	-0.007245
scaffold_335_segment1	2499320	2542699	0.052230	0.070629	0.032963	0.021354
scaffold_335_segment1	2542711	2598128	-0.038405	-0.050671	-0.023378	-0.019029
scaffold_335_segment1	2598194	2635361	-0.014368	-0.023484	-0.009816	-0.012143
scaffold_335_segment1	2635367	2671514	0.061251	0.090251	0.037356	0.034843
scaffold_335_segment1	2671592	2715966	-0.021148	-0.031448	-0.012718	-0.011400
scaffold_335_segment1	2716010	2765703	0.020719	0.029163	0.012095	-0.002556
scaffold_335_segment1	2765800	2810013	-0.037123	-0.056082	-0.023262	-0.010969
scaffold_335_segment1	2810071	2852946	-0.026679	-0.037881	-0.016214	-0.006062
scaffold_335_segment1	2852948	2907391	-0.019191	-0.029102	-0.011725	-0.006801
scaffold_335_segment1	2907394	2952353	0.014207	0.020880	0.008697	0.002253
scaffold_335_segment1	2952368	2994205	0.051010	0.069708	0.029854	0.019898
scaffold_335_segment1	2994319	3030460	-0.004563	-0.007596	-0.003160	-0.004745
scaffold_335_segment1	3030475	3067673	0.017536	0.025828	0.011146	0.007112
scaffold_335_segment1	3067775	3095271	0.039653	0.068627	0.029481	0.012485
scaffold_335_segment1	3095281	3118810	0.017487	0.029421	0.012511	0.014322
scaffold_335_segment1	3118850	3144623	0.087371	0.135800	0.056442	0.049684
scaffold_335_segment1	3144626	3171965	0.017026	0.029069	0.011585	0.017861
scaffold_335_segment1	3172029	3187545	-0.092744	-0.175796	-0.070211	-0.038767
scaffold_335_segment1	3187551	3214078	-0.034576	-0.055095	-0.021630	-0.001364
scaffold_335_segment1	3214086	3241805	-0.008171	-0.012704	-0.005022	0.007777
scaffold_335_segment1	3241836	3270130	0.012167	0.014090	0.007048	0.011716
scaffold_335_segment1	3270137	3293702	-0.062952	-0.088340	-0.038584	-0.024843
scaffold_335_segment1	3293710	3319257	0.026338	0.035663	0.015239	0.021278
scaffold_335_segment1	3319326	3344556	-0.042819	-0.059764	-0.025153	-0.024875
scaffold_335_segment1	3344713	3369422	-0.091244	-0.139516	-0.056075	-0.025816
scaffold_335_segment1	3369423	3389691	-0.030313	-0.049572	-0.023213	-0.014830
scaffold_335_segment1	3389701	3412020	-0.028474	-0.041319	-0.019118	-0.014831
scaffold_335_segment1	3412059	3442014	0.005332	0.007051	0.003388	0.006713
scaffold_335_segment1	3442015	3481741	0.058913	0.078304	0.035341	0.032271
scaffold_335_segment1	3481742	3512249	0.019981	0.031344	0.013101	0.004887
scaffold_335_segment1	3512251	3542466	-0.030915	-0.051247	-0.020037	-0.010479
scaffold_335_segment1	3542645	3588968	0.046914	0.062600	0.028665	0.034071
scaffold_335_segment1	3588970	3623718	0.040648	0.054594	0.026513	0.026007
scaffold_335_segment1	3623728	3667647	-0.009166	-0.014989	-0.005840	0.010017
scaffold_335_segment1	3667670	3719803	0.006458	0.008920	0.003900	0.005617
scaffold_335_segment1	3719814	3771703	0.027774	0.037052	0.016894	0.012939
scaffold_335_segment1	3771704	3824467	-0.118208	-0.164315	-0.061293	-0.047755
scaffold_335_segment1	3824475	3857888	-0.026155	-0.038639	-0.017021	-0.008181
scaffold_335_segment1	3857921	3904709	0.065111	0.078800	0.040766	0.038773
scaffold_335_segment1	3904769	3934636	0.016381	0.024856	0.011284	0.008915
scaffold_335_segment1	3934637	3957546	0.092891	0.125759	0.062234	0.050698
scaffold_335_segment1	3957583	3984156	0.049948	0.070909	0.032103	0.038941
scaffold_335_segment1	3984160	4025963	-0.017117	-0.021908	-0.009998	-0.010225
scaffold_335_segment1	4025995	4054156	-0.124868	-0.227091	-0.090506	-0.051585
scaffold_335_segment1	4054201	4085235	-0.072872	-0.084421	-0.040511	-0.022776
scaffold_335_segment1	4085237	4109571	-0.022331	-0.030673	-0.014885	-0.011725
scaffold_335_segment1	4109575	4142975	0.028508	0.031695	0.015052	0.019641
scaffold_335_segment1	4143122	4173886	0.065800	0.106970	0.045495	0.044970
scaffold_335_segment1	4173928	4210961	0.043773	0.055904	0.026845	0.019537
scaffold_335_segment1	4211055	4259119	0.056667	0.077827	0.035582	0.031003
scaffold_335_segment1	4259123	4311712	0.079024	0.108078	0.051691	0.046708
scaffold_335_segment1	4311748	4359306	-0.057058	-0.087927	-0.035191	-0.017644
scaffold_335_segment1	4359367	4444648	-0.033233	-0.028936	-0.016671	-0.009011
scaffold_335_segment1	4444689	4555780	-0.104876	-0.113256	-0.056425	-0.049711
scaffold_335_segment1	4555787	4804491	-0.056066	-0.051123	-0.029146	-0.023145
scaffold_335_segment1	4804492	4809471	-0.006884	-0.049449	-0.020176	-0.000390
scaffold_335_segment1	4809483	4818105	0.003892	0.045307	0.020774	0.002350
scaffold_335_segment1	4818107	4833905	0.026964	0.090529	0.064587	0.010803
scaffold_430_segment0	9823	25579	0.009211	0.037816	0.019385	0.004593
scaffold_430_segment0	25581	36755	-0.012486	-0.068399	-0.030363	-0.006891
scaffold_430_segment0	36789	81395	0.010234	0.022215	0.015592	0.003027
scaffold_430_segment0	81759	270390	-0.095619	-0.062160	-0.041859	-0.030112
scaffold_430_segment0	270464	541202	0.036560	0.016045	0.010396	0.016618
scaffold_430_segment0	541210	666291	-0.079340	-0.058865	-0.040313	-0.024953
scaffold_430_segment0	666292	825040	-0.072425	-0.035209	-0.024814	-0.024176
scaffold_430_segment0	825215	941142	-0.116923	-0.106308	-0.067499	-0.046318
scaffold_430_segment0	941745	1087389	0.010686	0.005865	0.003834	0.008252
scaffold_430_segment0	1087755	1424476	-0.274694	-0.061620	-0.047448	-0.133052
scaffold_430_segment0	1424483	1657592	-0.004089	-0.001114	-0.000921	0.000047
scaffold_430_segment0	1657596	1856574	-0.105258	-0.032611	-0.022247	-0.030570
scaffold_430_segment0	1856676	1996051	-0.058686	-0.018707	-0.014151	-0.028674
scaffold_430_segment0	1996526	2161912	-0.080084	-0.036264	-0.023469	-0.041923
scaffold_430_segment0	2161913	2387955	-0.137455	-0.052319	-0.034144	-0.061515
scaffold_430_segment0	2387968	2485909	-0.076647	-0.078312	-0.046614	-0.033590
scaffold_430_segment0	2486418	2581178	-0.072185	-0.092674	-0.051709	-0.026644
scaffold_430_segment0	2581184	2686596	0.131905	0.139741	0.073178	0.066006
scaffold_430_segment0	2686626	2785876	-0.133017	-0.114961	-0.070320	-0.062888
scaffold_430_segment0	2785890	2992084	-0.017257	-0.008899	-0.005585	-0.008713
scaffold_430_segment0	2994401	3137491	0.077986	0.039807	0.025483	0.020764
scaffold_430_segment0	3137525	3223114	0.020450	0.019154	0.013991	0.004935
scaffold_430_segment0	3224071	3374424	0.003755	0.001957	0.001459	0.002774
scaffold_430_segment0	3374432	3566065	-0.275266	-0.210202	-0.109203	-0.126583
scaffold_430_segment0	3566679	3824358	-0.010580	-0.003494	-0.002024	0.003030
scaffold_430_segment0	3824503	3978527	-0.006770	-0.003985	-0.002094	-0.012356
scaffold_430_segment0	3978539	4083758	-0.257223	-0.435810	-0.160168	-0.115483
scaffold_430_segment0	4083761	4180684	0.103615	0.065354	0.039290	0.034267
scaffold_430_segment0	4180689	4309171	-0.069998	-0.036558	-0.024034	-0.026259
scaffold_430_segment0	4309175	4442620	-0.011716	-0.004268	-0.003167	-0.003777
scaffold_430_segment0	4442644	4614378	0.030599	0.009772	0.007583	0.013661
scaffold_430_segment0	4614380	4851113	0.267044	0.147257	0.075873	0.151354
scaffold_430_segment0	4851810	4940425	0.004388	0.003057	0.001908	0.005503
scaffold_430_segment0	4940427	5054015	-0.026074	-0.018515	-0.010127	-0.020901
scaffold_430_segment0	5054553	5260684	0.067446	0.034385	0.020640	0.027590
scaffold_430_segment0	5260792	5480859	-0.075820	-0.035900	-0.020166	-0.032133
scaffold_430_segment0	5481119	5673483	0.221073	0.089811	0.058010	0.118362
scaffold_430_segment0	5673484	5788134	-0.112165	-0.099215	-0.050582	-0.059883
scaffold_430_segment0	5788142	5938485	-0.107362	-0.065687	-0.034601	-0.052447
scaffold_430_segment0	5938545	5982395	0.040346	0.052917	0.030534	0.012238
scaffold_430_segment0	5982403	6207886	-0.003416	-0.001778	-0.000913	0.004456
scaffold_430_segment0	6208559	6354860	-0.007590	-0.005051	-0.003047	-0.006500
scaffold_430_segment0	6354862	6412210	0.150039	0.189003	0.099485	0.059320
scaffold_430_segment0	6412219	6587792	0.306961	0.251679	0.136004	0.175067
scaffold_430_segment0	6587808	6803412	-0.181693	-0.122391	-0.056313	-0.087552
scaffold_430_segment0	6803906	6947851	-0.084330	-0.068668	-0.031953	-0.037279
scaffold_430_segment0	6948194	7080795	0.036756	0.030937	0.015822	0.017779
scaffold_430_segment0	7080808	7192526	-0.129199	-0.209396	-0.083936	-0.053980
scaffold_430_segment0	7192612	7347241	-0.050329	-0.033346	-0.020316	-0.017252
scaffold_430_segment0	7347247	7574006	0.062195	0.027411	0.017796	0.022947
scaffold_430_segment0	7574686	7608705	0.083972	0.273707	0.108238	0.037245
scaffold_430_segment0	7608709	7789292	0.017332	0.010256	0.005884	0.004555
scaffold_430_segment0	7789632	7938249	-0.011275	-0.009838	-0.006692	-0.001476
scaffold_430_segment0	7938253	8103179	-0.012151	-0.006851	-0.004153	-0.005368
scaffold_430_segment0	8103224	8380313	0.066528	0.027006	0.013902	0.031626
scaffold_430_segment0	8380321	8577642	-0.045403	-0.018558	-0.012438	-0.024632
scaffold_430_segment0	8580422	8767541	-0.135012	-0.051967	-0.035866	-0.056009
scaffold_430_segment0	8767571	8919351	0.196230	0.112315	0.071853	0.082314
scaffold_430_segment0	8919495	9136194	0.381343	0.215900	0.113682	0.172897
scaffold_430_segment0	9136197	9322239	-0.121305	-0.046462	-0.027780	-0.053177
scaffold_430_segment0	9322986	9598394	-0.175983	-0.048414	-0.033212	-0.087604
scaffold_430_segment0	9598732	9778347	-0.050889	-0.014306	-0.010527	-0.018822
scaffold_430_segment0	9780078	9962983	-0.043586	-0.013388	-0.010075	-0.015473
scaffold_430_segment0	9962990	10030533	-0.010275	-0.013144	-0.007391	-0.002179
scaffold_430_segment0	10030547	10385119	0.049462	0.017862	0.011184	0.036026
scaffold_430_segment0	10385135	10532887	-0.204460	-0.216599	-0.112847	-0.091413
scaffold_430_segment0	10532888	10806073	-0.161353	-0.033468	-0.025804	-0.077367
scaffold_430_segment0	10806274	10975315	-0.100663	-0.050340	-0.026424	-0.046194
scaffold_430_segment0	10975745	11214650	-0.017427	-0.006249	-0.004297	-0.004436
scaffold_430_segment0	11215536	11281558	-0.313739	-0.279145	-0.163450	-0.132580
scaffold_430_segment0	11281600	11289791	-0.016443	-0.375370	-0.144314	-0.006154
scaffold_430_segment0	11289792	11299040	-0.000094	-0.001484	-0.000854	0.001245
scaffold_430_segment0	11299041	11415113	-0.001873	-0.001203	-0.000894	0.002337
scaffold_430_segment0	11415753	11650631	0.068099	0.033346	0.020050	0.035827
scaffold_430_segment0	11650805	11726186	0.166469	0.164540	0.096848	0.076169
scaffold_430_segment0	11726386	11859996	0.082934	0.059803	0.032778	0.030731
scaffold_430_segment0	11859997	11962314	0.114907	0.078007	0.048659	0.045189
scaffold_430_segment0	11962334	12081675	0.002185	0.001811	0.000985	0.003941
scaffold_430_segment0	12081676	12207931	0.021398	0.010080	0.007303	0.019199
scaffold_430_segment0	12207951	12310511	0.101461	0.070620	0.040999	0.041983
scaffold_430_segment0	12310512	12527342	0.050445	0.015178	0.010498	0.015210
scaffold_430_segment0	12529547	12664321	0.047615	0.034022	0.021691	0.018150
scaffold_430_segment0	12664765	12776631	-0.194596	-0.269220	-0.102068	-0.085726
scaffold_430_segment0	12776633	12865651	0.034062	0.028106	0.016612	0.007565
scaffold_430_segment0	12865675	12908524	0.091864	0.165226	0.078334	0.028691
scaffold_430_segment0	12908528	13068927	-0.102831	-0.067833	-0.041572	-0.039936
scaffold_430_segment0	13069502	13219422	-0.060350	-0.026536	-0.017432	-0.016376
scaffold_430_segment0	13219737	13555000	-0.178698	-0.041019	-0.029977	-0.075883
scaffold_430_segment0	13555159	13774564	0.048478	0.021054	0.014152	0.033028
scaffold_430_segment0	13774586	13943991	-0.006040	-0.003139	-0.002255	0.001626
scaffold_430_segment0	13944011	14123341	0.028037	0.007248	0.006047	0.016966
scaffold_430_segment0	14123343	14425983	-0.229376	-0.057567	-0.044837	-0.093403
scaffold_430_segment0	14426214	14609670	0.010086	0.006943	0.004245	-0.001021
scaffold_430_segment0	14609671	14796367	0.095230	0.037266	0.025066	0.043928
scaffold_430_segment0	14796726	15049686	-0.093113	-0.029075	-0.021865	-0.038214
scaffold_430_segment0	15049868	15376130	-0.073938	-0.020085	-0.015659	-0.026480
scaffold_430_segment0	15376146	15532181	-0.012683	-0.006031	-0.004442	-0.004716
scaffold_430_segment0	15532409	15655216	0.059262	0.033710	0.021822	0.024966
scaffold_430_segment0	15655231	15788411	-0.078729	-0.066200	-0.037311	-0.034081
scaffold_430_segment0	15789561	15916201	-0.083039	-0.053161	-0.033755	-0.035797
scaffold_430_segment0	15916202	16067206	-0.128023	-0.070069	-0.046524	-0.061478
scaffold_430_segment0	16067207	16199858	-0.023735	-0.013026	-0.008209	-0.008006
scaffold_430_segment0	16199862	16497508	-0.212724	-0.052361	-0.038087	-0.090429
scaffold_430_segment0	16497509	16588024	-0.139529	-0.079512	-0.055071	-0.066587
scaffold_430_segment0	16588026	16715990	0.061829	0.041612	0.024132	0.017049
scaffold_430_segment0	16716244	16838974	0.008304	0.003190	0.002555	0.008224
scaffold_430_segment0	16840488	17009795	-0.006093	-0.002105	-0.001667	-0.001319
scaffold_430_segment0	17010145	17206853	-0.050777	-0.021418	-0.014651	-0.022820
scaffold_430_segment0	17207003	17454332	-0.095035	-0.024427	-0.017933	-0.030388
scaffold_430_segment0	17454878	17741575	0.019817	0.006258	0.004334	0.004840
scaffold_430_segment0	17741576	17979421	-0.122128	-0.047317	-0.035913	-0.065121
scaffold_430_segment0	17979422	18124192	-0.300062	-0.214714	-0.134462	-0.155652
scaffold_430_segment0	18124200	18403905	0.050151	0.017673	0.011606	0.024319
scaffold_430_segment0	18405293	18677427	0.026556	0.011756	0.006418	0.004326
scaffold_430_segment0	18677433	18923175	-0.055611	-0.021172	-0.014508	-0.025954
scaffold_430_segment0	18923180	19008648	-0.023565	-0.015736	-0.009719	-0.009674
scaffold_430_segment0	19010158	19130059	-0.048502	-0.048272	-0.023597	-0.020920
scaffold_430_segment0	19130060	19341566	0.391628	0.193669	0.124641	0.196196
scaffold_430_segment0	19341573	19569228	-0.098308	-0.024376	-0.017083	-0.031821
scaffold_430_segment0	19569232	19777352	-0.054464	-0.022872	-0.014285	-0.029314
scaffold_430_segment0	19777358	20244304	-0.094234	-0.020048	-0.014527	-0.037036
scaffold_430_segment0	20244316	20534009	-0.072139	-0.019512	-0.016501	-0.034759
scaffold_430_segment0	20534040	20608893	0.005103	0.004433	0.003154	0.000919
scaffold_430_segment0	20608907	20749110	-0.013411	-0.006054	-0.004743	0.009169
scaffold_430_segment0	20749113	21257889	-0.143001	-0.018715	-0.015542	-0.056845
scaffold_430_segment0	21257901	21446197	0.341195	0.185848	0.107336	0.160298
scaffold_430_segment0	21446199	21733125	0.009968	0.002448	0.001764	-0.001959
scaffold_430_segment0	21733317	21884285	-0.147506	-0.044957	-0.033130	-0.056596
scaffold_430_segment0	21884288	22125452	-0.077052	-0.016660	-0.013203	-0.038179
scaffold_430_segment0	22125781	22246194	-0.009135	-0.004269	-0.003195	-0.002138
scaffold_430_segment0	22246199	22279168	-0.011062	-0.019063	-0.011553	-0.003958
scaffold_430_segment0	22279170	22367102	-0.276500	-0.143072	-0.095364	-0.115043
scaffold_430_segment0	22367110	22545237	-0.226150	-0.253974	-0.118123	-0.113860
scaffold_430_segment0	22545412	22694010	0.511353	0.432621	0.224506	0.275594
scaffold_430_segment0	22694023	22892050	0.384702	0.275757	0.180360	0.205275
scaffold_430_segment0	22892058	23087847	-0.098858	-0.058237	-0.041017	-0.047452
scaffold_430_segment0	23087849	23353228	-0.019583	-0.005379	-0.004421	-0.004194
scaffold_430_segment0	23353251	23620916	-0.029511	-0.008263	-0.006511	-0.007649
scaffold_430_segment0	23620923	23753262	-0.242538	-0.185031	-0.120489	-0.111120
scaffold_430_segment0	23756156	23953361	-0.042749	-0.014204	-0.010521	-0.020143
scaffold_430_segment0	23953370	24266536	-0.012312	-0.002815	-0.002189	-0.009176
scaffold_430_segment0	24270819	24464626	-0.002337	-0.000799	-0.000603	0.012870
scaffold_430_segment0	24465058	24720453	-0.131804	-0.031061	-0.020996	-0.054413
scaffold_430_segment0	24720456	24902974	0.059701	0.033382	0.017711	0.027719
scaffold_430_segment0	24903392	25085730	0.050919	0.022826	0.016496	0.023249
scaffold_430_segment0	25085748	25361140	-0.173566	-0.063888	-0.040413	-0.088413
scaffold_430_segment0	25361147	25463545	0.034116	0.021445	0.013496	0.006299
scaffold_430_segment0	25463555	25752177	-0.147167	-0.040097	-0.031231	-0.061241
scaffold_430_segment0	25752178	25963568	-0.068577	-0.019978	-0.016403	-0.029650
scaffold_430_segment0	25965125	26391285	0.036078	0.005510	0.004377	0.022940
scaffold_430_segment0	26391286	26543690	-0.270798	-0.121556	-0.077354	-0.116149
scaffold_430_segment0	26544063	26780881	-0.035824	-0.011153	-0.008458	-0.015058
scaffold_430_segment0	26780932	26945286	-0.073405	-0.033170	-0.021208	-0.028503
scaffold_430_segment0	26945295	27276703	-0.027356	-0.005070	-0.004044	-0.003722
scaffold_430_segment0	27276778	27522362	-0.044464	-0.010410	-0.008007	-0.013407
scaffold_430_segment0	27522363	27786135	-0.057724	-0.014200	-0.010399	-0.036258
scaffold_430_segment0	27786141	27875313	0.008352	0.007292	0.004396	0.009199
scaffold_430_segment0	27875316	28090661	-0.040115	-0.013701	-0.009570	-0.021230
scaffold_430_segment0	28090679	28278402	0.043740	0.020015	0.013067	0.022167
scaffold_430_segment0	28278409	28385028	-0.204606	-0.208603	-0.112613	-0.102600
scaffold_430_segment0	28385030	28599817	-0.170312	-0.087086	-0.055735	-0.097926
scaffold_430_segment0	28599838	28890415	-0.036923	-0.012797	-0.008636	-0.026837
scaffold_430_segment0	28890457	29186166	-0.081296	-0.022883	-0.017208	-0.026654
scaffold_430_segment0	29186169	29409116	-0.120529	-0.037792	-0.029877	-0.039940
scaffold_430_segment0	29411277	29910684	-0.283818	-0.047830	-0.036544	-0.140459
scaffold_430_segment0	29910720	30085137	-0.024520	-0.009050	-0.006384	-0.000829
scaffold_430_segment0	30086357	30233771	-0.174422	-0.099618	-0.061572	-0.073626
scaffold_430_segment0	30234082	30481980	0.071200	0.025820	0.016283	0.040892
scaffold_430_segment0	30481981	30759445	-0.276288	-0.122184	-0.076702	-0.130589
scaffold_430_segment0	30759453	30976371	-0.161150	-0.043088	-0.033145	-0.059186
scaffold_430_segment0	30976389	31120571	-0.093657	-0.039058	-0.026980	-0.036981
scaffold_430_segment0	31120574	31425888	-0.017570	-0.004669	-0.003273	-0.006607
scaffold_430_segment0	31425903	31574085	-0.153490	-0.085576	-0.060286	-0.069691
scaffold_430_segment0	31574162	31847497	-0.055901	-0.017700	-0.012948	-0.026505
scaffold_430_segment0	31847796	32018389	-0.163354	-0.088186	-0.058584	-0.078267
scaffold_430_segment0	32018391	32149684	0.011010	0.003842	0.002885	0.006804
scaffold_430_segment0	32149689	32291630	0.035413	0.011790	0.008638	0.013200
scaffold_430_segment0	32291640	32399152	-0.011972	-0.007508	-0.004560	-0.005323
scaffold_430_segment0	32399161	32566848	0.027692	0.019551	0.011825	0.025374
scaffold_430_segment0	32566851	32694933	-0.046018	-0.032098	-0.020829	-0.017618
scaffold_430_segment0	32694942	32933205	0.109635	0.037946	0.026205	0.047115
scaffold_430_segment0	32933206	33140538	-0.101821	-0.030701	-0.020387	-0.035215
scaffold_430_segment0	33140935	33449622	-0.086130	-0.020577	-0.015290	-0.033035
scaffold_430_segment0	33449625	33542166	-0.045367	-0.064581	-0.040821	-0.014962
scaffold_430_segment0	33542167	33740337	-0.030986	-0.011281	-0.009067	-0.007362
scaffold_430_segment0	33740338	33982500	-0.140848	-0.035256	-0.026232	-0.055778
scaffold_430_segment0	33983289	34224353	-0.044353	-0.014450	-0.009218	-0.019151
scaffold_430_segment0	34224371	34378752	-0.066692	-0.025385	-0.017805	-0.033340
scaffold_430_segment0	34378770	34617529	-0.003446	-0.000954	-0.000689	0.000534
scaffold_430_segment0	34621303	34924452	-0.194594	-0.052508	-0.035833	-0.108282
scaffold_430_segment0	34924454	35187125	-0.127016	-0.027504	-0.020356	-0.050396
scaffold_430_segment0	35187128	35452372	-0.100841	-0.022216	-0.016566	-0.037590
scaffold_430_segment0	35455259	35791690	0.012403	0.003578	0.002606	0.008533
scaffold_430_segment0	35791759	35965541	0.042769	0.020069	0.015683	0.027300
scaffold_430_segment0	35965542	36221882	-0.115956	-0.042811	-0.028666	-0.038320
scaffold_430_segment0	36221889	36462632	-0.127858	-0.032472	-0.026451	-0.048737
scaffold_430_segment0	36462633	36841027	-0.209249	-0.047807	-0.035453	-0.085582
scaffold_430_segment0	36841202	37148060	-0.188454	-0.046716	-0.032272	-0.093253
scaffold_430_segment0	37148065	37426704	-0.064192	-0.014784	-0.011895	-0.020358
scaffold_430_segment0	37426774	37805450	-0.080978	-0.014380	-0.011648	-0.020644
scaffold_430_segment0	37805458	38117645	-0.048190	-0.009361	-0.007010	-0.022116
scaffold_430_segment0	38118016	38226603	-0.031928	-0.034133	-0.021745	-0.007948
scaffold_430_segment0	38227380	38453748	-0.043322	-0.017066	-0.012538	-0.013976
scaffold_430_segment0	38453751	38475522	0.036748	0.047194	0.034500	0.018990
scaffold_430_segment0	38475529	38493975	-0.052340	-0.121557	-0.067938	-0.019813
scaffold_430_segment0	38493978	38744691	0.121059	0.042033	0.029420	0.048172
scaffold_430_segment0	38744692	39079039	-0.059129	-0.013273	-0.009934	-0.023159
scaffold_430_segment0	39079715	39478549	-0.069161	-0.010967	-0.008327	-0.023101
scaffold_430_segment0	39479893	39939319	-0.071776	-0.010675	-0.009255	-0.031969
scaffold_430_segment0	39939335	40245008	-0.152098	-0.026490	-0.022364	-0.063755
scaffold_430_segment0	40245009	40557736	-0.023890	-0.004194	-0.003631	-0.008139
scaffold_430_segment0	40557763	40790401	0.030823	0.007357	0.005751	0.007666
scaffold_430_segment0	40790404	40943227	0.016906	0.006936	0.004854	0.008606
scaffold_430_segment0	40943230	41151651	0.136871	0.050058	0.036175	0.066392
scaffold_430_segment0	41151652	41435426	-0.104245	-0.027701	-0.022211	-0.042295
scaffold_430_segment0	41436330	41721718	-0.012657	-0.002760	-0.002121	-0.005958
scaffold_430_segment0	41721724	41749081	-0.057077	-0.114911	-0.064415	-0.018454
scaffold_430_segment0	41749083	41935520	0.020227	0.007384	0.005555	0.023528
scaffold_430_segment0	41937492	42300751	-0.111698	-0.024759	-0.017403	-0.058331
scaffold_430_segment0	42300754	42587866	-0.035427	-0.009788	-0.007496	-0.010878
scaffold_430_segment0	42587871	42606826	-0.086127	-0.352695	-0.116077	-0.032859
scaffold_430_segment0	42606827	42721726	0.013002	0.008712	0.005965	0.007195
scaffold_430_segment0	42721727	42930152	0.141220	0.059593	0.040639	0.046236
scaffold_430_segment0	42930725	43275155	-0.111285	-0.022090	-0.016175	-0.045236
scaffold_430_segment0	43276171	43713214	-0.058619	-0.010843	-0.008414	-0.028100
scaffold_430_segment0	43713216	44040377	0.034046	0.007383	0.005948	0.008509
scaffold_430_segment0	44040386	44467100	-0.218243	-0.054299	-0.038507	-0.142811
scaffold_430_segment0	44468427	44657597	-0.104984	-0.036598	-0.026058	-0.045959
scaffold_430_segment0	44657601	45164343	-0.102660	-0.016024	-0.012265	-0.041450
scaffold_430_segment0	45165629	45880996	-0.257509	-0.024039	-0.020224	-0.125502
scaffold_430_segment0	45881038	46313925	-0.086308	-0.014291	-0.011886	-0.033157
scaffold_430_segment0	46315956	46713456	-0.152078	-0.028729	-0.023388	-0.067723
scaffold_430_segment0	46717794	46961170	-0.094961	-0.028103	-0.023839	-0.033401
scaffold_430_segment0	46961180	47255680	-0.057083	-0.016106	-0.011146	-0.016253
scaffold_430_segment0	47255684	47718278	-0.187860	-0.030584	-0.022301	-0.082266
scaffold_430_segment0	47718279	47882030	-0.158454	-0.075158	-0.048141	-0.057467
scaffold_430_segment0	47882037	48025474	0.020438	0.009084	0.006484	0.034958
scaffold_430_segment0	48025481	48407693	-0.248951	-0.051650	-0.040939	-0.110104
scaffold_430_segment0	48407701	48678056	-0.082414	-0.021140	-0.016377	-0.030563
scaffold_430_segment0	48678117	49200097	-0.121551	-0.015181	-0.012812	-0.042657
scaffold_430_segment0	49200101	49423202	-0.051041	-0.020325	-0.015374	-0.022567
scaffold_430_segment0	49423216	49682528	-0.040550	-0.009469	-0.007571	-0.011923
scaffold_430_segment0	49683568	49935593	-0.048846	-0.015477	-0.011767	-0.017584
scaffold_430_segment0	49935594	50132355	-0.011759	-0.004135	-0.003041	-0.003881
scaffold_430_segment0	50132358	50467017	-0.057251	-0.015952	-0.012011	-0.029739
scaffold_430_segment0	50467042	50771756	-0.098565	-0.028889	-0.022278	-0.038659
scaffold_430_segment0	50771780	51029142	-0.002125	-0.001293	-0.000801	-0.005045
scaffold_430_segment0	51030533	51315967	-0.149965	-0.057838	-0.037351	-0.067754
scaffold_430_segment0	51315988	51497612	-0.076684	-0.050742	-0.030509	-0.043943
scaffold_430_segment0	51497738	51573727	-0.153829	-0.096389	-0.061317	-0.051939
contig_14_segment0	2568	31627	-0.024045	-0.059067	-0.023474	-0.016257
contig_14_segment0	31676	90329	-0.075296	-0.117612	-0.044061	-0.034004
contig_14_segment0	90358	147382	0.050946	0.058674	0.029283	0.031482
contig_14_segment0	147397	220524	0.010613	0.010986	0.004965	0.000583
contig_14_segment0	220777	277757	0.025406	0.038498	0.014820	0.014356
contig_14_segment0	277803	331075	-0.058951	-0.070446	-0.034346	-0.023973
contig_14_segment0	331082	393951	0.002309	0.002570	0.001168	0.002904
contig_14_segment0	394001	455719	-0.068153	-0.097059	-0.043457	-0.035902
contig_14_segment0	455794	519190	-0.020755	-0.024691	-0.011187	-0.015540
contig_14_segment0	519223	586392	0.018970	0.022492	0.009701	0.002948
contig_14_segment0	586436	656710	0.045864	0.053695	0.024078	0.019045
contig_14_segment0	657136	721627	-0.026199	-0.033088	-0.015087	-0.014468
contig_14_segment0	721753	794952	-0.096057	-0.119278	-0.049832	-0.042856
contig_14_segment0	795002	849088	-0.017742	-0.021569	-0.008970	-0.010196
contig_14_segment0	849091	903307	-0.009543	-0.009993	-0.005305	0.000630
contig_14_segment0	904018	981780	0.006664	0.007330	0.003395	0.009363
contig_14_segment0	982046	1080374	0.021941	0.022543	0.010924	0.011412
contig_14_segment0	1080450	1180575	0.020198	0.022719	0.010218	0.004185
contig_14_segment0	1180929	1250056	-0.046952	-0.061639	-0.025828	-0.022597
contig_14_segment0	1250064	1320555	-0.087288	-0.139905	-0.049177	-0.041257
contig_14_segment0	1320689	1413692	-0.135472	-0.138249	-0.057628	-0.072260
contig_14_segment0	1413832	1503090	0.004453	0.005540	0.002422	-0.000586
contig_14_segment0	1503342	1573663	0.043066	0.058093	0.029236	0.015578
contig_14_segment0	1573689	1582296	0.013360	0.059681	0.027913	-0.000946
contig_14_segment0	1582300	1590554	0.022045	0.072546	0.039909	0.018278
contig_14_segment0	1590579	1601815	-0.066283	-0.209185	-0.091070	-0.033616
contig_14_segment0	1601863	1620068	-0.016488	-0.012492	-0.008809	-0.006208
contig_14_segment0	1620085	1629502	0.052457	0.156947	0.075484	0.030551
contig_14_segment0	1629507	1658300	-0.019024	-0.032638	-0.013350	-0.003629
contig_14_segment0	1658328	1698344	-0.098294	-0.126669	-0.059635	-0.036662
contig_14_segment0	1698388	1742484	-0.094479	-0.118340	-0.053925	-0.038864
contig_14_segment0	1742485	1781216	-0.043786	-0.062549	-0.024906	-0.017598
contig_14_segment0	1781276	1816268	-0.019511	-0.029421	-0.011964	-0.007459
contig_14_segment0	1816332	1849022	0.036785	0.048464	0.023377	0.018656
contig_14_segment0	1849109	1883776	-0.014549	-0.020355	-0.008473	0.000824
contig_14_segment0	1883806	1919312	0.004094	0.005833	0.002528	0.003115
contig_14_segment0	1919351	1954741	0.120085	0.140618	0.070408	0.061817
contig_14_segment0	1954742	1986623	-0.003049	-0.004078	-0.001855	0.007162
contig_14_segment0	1986630	2019634	0.025802	0.034750	0.015551	0.016168
contig_14_segment0	2019640	2061842	-0.028052	-0.033731	-0.015457	-0.020740
contig_14_segment0	2061900	2103180	0.098034	0.105955	0.057268	0.051173
contig_14_segment0	2103254	2141594	-0.045369	-0.061095	-0.026637	-0.019273
contig_14_segment0	2141825	2193004	0.029510	0.026622	0.014214	0.018070
contig_14_segment0	2193144	2228753	0.004456	0.005739	0.002724	-0.002291
contig_14_segment0	2228855	2279087	-0.056239	-0.066605	-0.030774	-0.023469
contig_14_segment0	2279096	2325492	0.008843	0.009717	0.004967	0.002241
contig_14_segment0	2325516	2371439	-0.007760	-0.008692	-0.004159	-0.015787
contig_14_segment0	2371645	2413793	0.001952	0.002405	0.001132	0.009823
contig_14_segment0	2413849	2461290	0.002106	0.003043	0.001285	0.009544
contig_14_segment0	2461346	2514935	-0.005579	-0.006474	-0.003113	-0.001523
contig_14_segment0	2515033	2555968	-0.090334	-0.123236	-0.051707	-0.045033
contig_14_segment0	2555994	2612551	0.026749	0.031794	0.014808	0.016547
contig_14_segment0	2612553	2657928	0.084385	0.108114	0.055763	0.047522
contig_14_segment0	2658004	2709178	-0.065777	-0.078171	-0.035001	-0.024243
contig_14_segment0	2709222	2764169	-0.105158	-0.139826	-0.057121	-0.058500
contig_14_segment0	2764204	2824596	-0.063760	-0.081298	-0.032869	-0.030530
contig_14_segment0	2824643	2884635	-0.104537	-0.138304	-0.056474	-0.049020
contig_14_segment0	2884654	2938902	0.001208	0.001150	0.000567	-0.002497
contig_14_segment0	2938944	2983400	-0.020231	-0.026338	-0.011354	-0.001681
contig_14_segment0	2983439	3026630	0.047488	0.069117	0.029344	0.022131
contig_14_segment0	3026659	3082228	-0.025784	-0.035566	-0.013872	-0.016598
contig_14_segment0	3082240	3126117	-0.030240	-0.045720	-0.017998	-0.018629
contig_14_segment0	3126223	3173103	-0.027364	-0.044840	-0.018253	-0.014896
contig_14_segment0	3173171	3227911	-0.026075	-0.033671	-0.013678	-0.013536
contig_14_segment0	3227912	3284337	0.023126	0.025572	0.012615	0.009145
contig_14_segment0	3284388	3335849	0.065688	0.074622	0.034751	0.028045
contig_14_segment0	3335955	3404614	-0.053668	-0.062836	-0.027685	-0.028320
contig_14_segment0	3404688	3458501	-0.059830	-0.088080	-0.037462	-0.029513
contig_14_segment0	3458513	3505063	0.028068	0.035280	0.017918	0.022371
contig_14_segment0	3505184	3563964	0.004328	0.005493	0.002347	0.001949
contig_14_segment0	3564013	3617525	0.005927	0.009136	0.003523	0.000612
contig_14_segment0	3617527	3679958	-0.055666	-0.062956	-0.029868	-0.020214
contig_14_segment0	3680122	3745423	-0.068293	-0.082540	-0.036474	-0.028273
contig_14_segment0	3745427	3801502	-0.102243	-0.135602	-0.055460	-0.048270
contig_14_segment0	3801504	3867162	0.097273	0.098632	0.051406	0.062143
contig_14_segment0	3867308	3966184	0.022087	0.025493	0.011287	0.006132
contig_14_segment0	3966236	4045917	-0.007452	-0.008932	-0.004088	-0.003819
contig_14_segment0	4046186	4110411	-0.025486	-0.032360	-0.014828	-0.010863
contig_14_segment0	4110613	4186718	0.032071	0.034998	0.016591	0.017620
contig_14_segment0	4186732	4251970	0.078500	0.084254	0.037379	0.035206
contig_14_segment0	4252140	4299875	0.005702	0.007747	0.002951	-0.000406
contig_14_segment0	4299876	4354425	-0.083541	-0.102117	-0.042277	-0.035034
contig_14_segment0	4354449	4402970	-0.007204	-0.007868	-0.003969	-0.002015
contig_14_segment0	4403075	4455066	0.016741	0.016019	0.008358	0.009191
contig_14_segment0	4455265	4510889	0.015794	0.018482	0.008293	0.007586
contig_14_segment0	4510892	4574499	0.027095	0.033674	0.014139	0.013769
contig_14_segment0	4574551	4632868	-0.043947	-0.047946	-0.021620	-0.012262
contig_14_segment0	4632879	4685898	0.023684	0.025121	0.011746	0.001368
contig_14_segment0	4686065	4727543	0.046703	0.060954	0.027043	0.020769
contig_14_segment0	4727569	4793764	0.061235	0.084330	0.036514	0.029929
contig_14_segment0	4794205	4928938	0.080899	0.066406	0.037767	0.035812
contig_14_segment0	4929092	5150009	0.173250	0.173983	0.084501	0.100348
contig_14_segment0	5150026	5518402	0.189221	0.213995	0.098996	0.089535
contig_14_segment0	5518404	5524305	0.036945	0.236342	0.134588	0.014837
contig_14_segment0	5524314	5532154	-0.012534	-0.071749	-0.043851	-0.006031
contig_4_segment0	7998	66808	-0.060532	-0.140884	-0.077893	-0.035498
contig_4_segment0	66849	243289	-0.008090	-0.006029	-0.003253	0.000506
contig_4_segment0	243307	333709	-0.044831	-0.050083	-0.020991	-0.027222
contig_4_segment0	333710	402012	-0.150171	-0.211815	-0.071803	-0.059645
contig_4_segment0	402039	449605	-0.069317	-0.083827	-0.038577	-0.034984
contig_4_segment0	449655	497972	-0.004784	-0.007192	-0.002935	-0.010435
contig_4_segment0	498111	541175	0.083683	0.099153	0.048346	0.023976
contig_4_segment0	541179	584407	0.059753	0.070717	0.037113	0.022806
contig_4_segment0	584503	630715	0.095122	0.105901	0.057981	0.049350
contig_4_segment0	630724	672803	-0.042939	-0.060317	-0.027132	-0.014141
contig_4_segment0	672891	712581	0.007251	0.010241	0.004514	-0.007681
contig_4_segment0	712598	762801	0.006559	0.007320	0.003523	0.020463
contig_4_segment0	762999	827820	-0.023012	-0.029239	-0.014762	-0.009062
contig_4_segment0	827868	885789	-0.081927	-0.114769	-0.053713	-0.035779
contig_4_segment0	885790	937388	0.057320	0.073292	0.035651	0.023305
contig_4_segment0	937413	974280	0.004994	0.007256	0.003068	0.004037
contig_4_segment0	974299	1014787	-0.035536	-0.047943	-0.021982	-0.019550
contig_4_segment0	1014806	1053971	-0.056874	-0.085986	-0.034599	-0.030645
contig_4_segment0	1053987	1096615	0.020370	0.023671	0.010965	0.019048
contig_4_segment0	1096706	1134676	-0.052773	-0.075532	-0.031303	-0.012162
contig_4_segment0	1134692	1168477	-0.148669	-0.244924	-0.090170	-0.069308
contig_4_segment0	1168488	1207942	-0.094451	-0.146019	-0.056459	-0.050937
contig_4_segment0	1207968	1239545	0.001623	0.002226	0.001004	0.004550
contig_4_segment0	1239581	1277726	-0.042942	-0.063634	-0.024617	-0.020027
contig_4_segment0	1277730	1314095	0.000606	0.000815	0.000379	0.001240
contig_4_segment0	1314104	1349316	0.032112	0.043388	0.019809	0.014749
contig_4_segment0	1349369	1383167	-0.014012	-0.020846	-0.008488	-0.002401
contig_4_segment0	1383197	1418355	0.037378	0.044928	0.021590	0.019116
contig_4_segment0	1418364	1452303	-0.019747	-0.031864	-0.011862	-0.001565
contig_4_segment0	1452304	1489822	0.052270	0.066519	0.031418	0.025743
contig_4_segment0	1489862	1524122	-0.012697	-0.019702	-0.008160	-0.003611
contig_4_segment0	1524131	1560715	0.035132	0.057374	0.022209	0.020576
contig_4_segment0	1560752	1600321	0.035355	0.047506	0.022602	0.014332
contig_4_segment0	1600339	1656445	-0.088998	-0.149191	-0.063263	-0.039241
contig_4_segment0	1656465	1722891	0.011967	0.014681	0.007154	0.012305
contig_4_segment0	1722930	1779878	0.131468	0.155636	0.074615	0.056444
contig_4_segment0	1779879	1839907	-0.073999	-0.112608	-0.041383	-0.035267
contig_4_segment0	1839986	1900696	-0.059051	-0.097677	-0.038575	-0.017592
contig_4_segment0	1900697	1955714	-0.101516	-0.125672	-0.054135	-0.045629
contig_4_segment0	1955727	2003291	-0.033955	-0.047657	-0.019722	-0.016500
contig_4_segment0	2003334	2044753	-0.012206	-0.019788	-0.008008	-0.003139
contig_4_segment0	2044754	2084762	-0.013556	-0.021489	-0.009155	-0.002206
contig_4_segment0	2084772	2128643	-0.045952	-0.058609	-0.023333	-0.022122
contig_4_segment0	2128651	2176644	0.022305	0.027339	0.012147	0.013876
contig_4_segment0	2176660	2225249	-0.025647	-0.041127	-0.014226	-0.011876
contig_4_segment0	2225250	2287694	0.036760	0.044623	0.021487	0.020059
contig_4_segment0	2287723	2338332	0.006360	0.008054	0.003825	0.014830
contig_4_segment0	2338334	2403604	-0.045959	-0.050048	-0.023040	-0.025090
contig_4_segment0	2403668	2456101	0.040012	0.043372	0.022271	0.020698
contig_4_segment0	2456112	2496689	-0.037392	-0.049767	-0.020987	-0.015564
contig_4_segment0	2496718	2535100	0.137598	0.183072	0.099656	0.088321
contig_4_segment0	2535103	2618521	-0.065369	-0.071347	-0.034585	-0.025706
contig_4_segment0	2618660	2693677	-0.056403	-0.080757	-0.033461	-0.042002
contig_4_segment0	2693802	2787785	0.086237	0.093342	0.039854	0.041857
contig_4_segment0	2787819	2910021	-0.003172	-0.003344	-0.001450	-0.009955
contig_4_segment0	2910139	2966904	0.005048	0.006721	0.003264	0.011376
contig_4_segment0	2967113	3039954	0.005041	0.005960	0.002680	0.003487
contig_4_segment0	3040065	3096518	-0.059793	-0.081906	-0.033842	-0.029966
contig_4_segment0	3096570	3163821	0.078457	0.092035	0.045736	0.051054
contig_4_segment0	3163847	3243336	-0.012748	-0.013560	-0.006867	0.002335
contig_4_segment0	3243385	3316672	0.069823	0.067381	0.032825	0.034213
contig_4_segment0	3316688	3381787	0.026613	0.027271	0.013528	0.008089
contig_4_segment0	3381813	3430807	-0.055047	-0.076864	-0.031537	-0.021862
contig_4_segment0	3430848	3502290	-0.028252	-0.031822	-0.014568	-0.006069
contig_4_segment0	3502317	3559005	0.035800	0.034590	0.019715	0.015371
contig_4_segment0	3559124	3636260	0.014375	0.017949	0.007656	0.009880
contig_4_segment0	3637315	3705960	0.012387	0.016498	0.007236	0.005807
contig_4_segment0	3705970	3769686	-0.043015	-0.067396	-0.023148	-0.011012
contig_4_segment0	3769690	3827297	0.051716	0.055105	0.025820	0.030964
contig_4_segment0	3827310	3875436	-0.011715	-0.017557	-0.007138	-0.003551
contig_4_segment0	3875585	3949940	0.031655	0.040343	0.017521	0.033069
contig_4_segment0	3949943	4015734	0.024330	0.032403	0.013559	0.003351
contig_4_segment0	4015871	4077774	-0.019642	-0.025723	-0.011851	-0.008439
contig_4_segment0	4077831	4139427	-0.043726	-0.054557	-0.027414	-0.019198
contig_4_segment0	4139433	4193937	-0.057020	-0.080409	-0.035113	-0.016759
contig_4_segment0	4193942	4264252	-0.001765	-0.001933	-0.000919	0.011244
contig_4_segment0	4264254	4346550	0.050864	0.050433	0.024591	0.026117
contig_4_segment0	4346604	4419904	-0.020361	-0.026555	-0.010878	-0.001761
contig_4_segment0	4419978	4507916	-0.049628	-0.054325	-0.023654	-0.028209
contig_4_segment0	4507922	4582986	-0.009127	-0.011657	-0.004947	-0.001240
contig_4_segment0	4583000	4597693	-0.032036	-0.133818	-0.055297	-0.014330
contig_4_segment0	4597697	4623239	-0.005880	-0.019460	-0.008457	-0.000106
contig_4_segment0	4623634	4710365	0.014421	0.014981	0.007687	0.003948
contig_4_segment0	4710422	4763057	0.010414	0.013418	0.006085	0.007260
contig_4_segment0	4763074	4825242	-0.003089	-0.003933	-0.001670	-0.007739
contig_4_segment0	4825252	4885239	-0.030141	-0.040438	-0.017403	-0.015321
contig_4_segment0	4885247	4937107	0.044487	0.050228	0.022786	0.024429
contig_4_segment0	4937237	5023539	-0.098889	-0.113928	-0.050534	-0.044355
contig_4_segment0	5023542	5079552	-0.014976	-0.022307	-0.011505	-0.005909
contig_4_segment0	5079554	5149619	0.122718	0.131703	0.064650	0.067425
contig_4_segment0	5149624	5219496	0.031846	0.032722	0.016352	0.011506
contig_4_segment0	5219573	5305129	-0.029304	-0.033668	-0.013217	-0.008108
contig_4_segment0	5305132	5390322	-0.145278	-0.177310	-0.078810	-0.069899
contig_4_segment0	5390326	5463995	-0.085514	-0.114473	-0.043280	-0.042272
contig_4_segment0	5463999	5536360	-0.014741	-0.016938	-0.007504	-0.026299
contig_4_segment0	5536376	5638692	0.018570	0.020070	0.009543	0.011215
contig_4_segment0	5638984	5705614	0.034896	0.044723	0.019746	0.007897
contig_4_segment0	5705634	5782692	0.011226	0.014344	0.006250	0.006392
contig_4_segment0	5782789	5840979	0.049821	0.058626	0.026750	0.018214
contig_4_segment0	5840998	5910198	0.015828	0.016564	0.008071	0.008077
contig_4_segment0	5910294	5978370	-0.114951	-0.132827	-0.057727	-0.054207
contig_4_segment0	5978660	6053416	-0.018652	-0.022305	-0.010481	-0.011747
contig_4_segment0	6053501	6139724	-0.053750	-0.057329	-0.025573	-0.021755
contig_4_segment0	6139734	6214883	0.063088	0.066600	0.031731	0.027155
contig_4_segment0	6215551	6287139	-0.028780	-0.037070	-0.015649	-0.015484
contig_4_segment0	6287244	6390357	-0.074769	-0.077189	-0.031251	-0.029584
contig_4_segment0	6390366	6473960	0.030104	0.027850	0.014128	0.013130
contig_4_segment0	6474095	6577965	-0.082810	-0.104850	-0.042909	-0.038928
contig_4_segment0	6577986	6669260	-0.045576	-0.040656	-0.020972	-0.016126
contig_4_segment0	6669265	6785059	-0.172554	-0.149659	-0.074497	-0.082659
contig_4_segment0	6785065	6891782	-0.099267	-0.088349	-0.044254	-0.048311
contig_4_segment0	6891859	7000137	0.027454	0.027952	0.012268	0.020583
contig_4_segment0	7000150	7085068	0.021924	0.021717	0.010803	0.012548
contig_4_segment0	7085093	7158334	-0.084072	-0.130273	-0.048032	-0.039959
contig_4_segment0	7158335	7248120	0.037580	0.041506	0.017487	0.010062
contig_4_segment0	7248795	7307663	-0.060785	-0.107041	-0.043027	-0.032350
contig_4_segment0	7307762	7415610	-0.052369	-0.054204	-0.023872	-0.018536
contig_4_segment0	7415631	7535302	0.004589	0.003868	0.001876	0.005062
contig_4_segment0	7535317	7683606	-0.068413	-0.063165	-0.030400	-0.029935
contig_4_segment0	7683616	7771656	0.085857	0.088095	0.039840	0.046145
contig_4_segment0	7771781	7865946	0.006901	0.006830	0.002911	0.008176
contig_4_segment0	7866028	7995257	-0.010485	-0.009289	-0.004073	-0.000469
contig_4_segment0	7995276	8110236	-0.084678	-0.109034	-0.037997	-0.039304
contig_4_segment0	8110325	8236801	0.113818	0.085178	0.035675	0.060215
contig_4_segment0	8236802	8341032	0.018567	0.020568	0.007770	0.008050
contig_4_segment0	8341088	8421025	-0.014781	-0.016950	-0.006151	-0.001838
contig_4_segment0	8421212	8499847	0.043159	0.044374	0.018462	0.010094
contig_4_segment0	8499936	8558977	0.032502	0.038416	0.014567	0.025008
contig_4_segment0	8558997	8650658	-0.021522	-0.022694	-0.009147	-0.008361
contig_4_segment0	8650760	8736024	-0.002722	-0.002516	-0.001130	-0.007812
contig_4_segment0	8736175	8832448	0.022188	0.027762	0.009497	0.005904
contig_4_segment0	8832510	8918769	-0.023613	-0.027335	-0.011972	-0.014841
contig_4_segment0	8919402	9004283	0.037053	0.033953	0.013728	0.012346
contig_4_segment0	9004401	9165034	0.001515	0.001315	0.000481	-0.004764
contig_4_segment0	9165072	9346092	0.099293	0.056435	0.027530	0.043827
contig_4_segment0	9346110	9475286	-0.021120	-0.015225	-0.006777	-0.010772
contig_4_segment0	9475288	9654453	-0.022232	-0.015014	-0.006585	-0.003153
contig_4_segment0	9654751	9825994	-0.069720	-0.050734	-0.020600	-0.035195
contig_4_segment0	9826007	10016900	-0.039501	-0.025762	-0.012542	-0.019516
contig_4_segment0	10017011	10175894	-0.140109	-0.119907	-0.051302	-0.059980
contig_4_segment0	10176140	10345851	0.033701	0.028976	0.010746	0.010253
contig_4_segment0	10345881	10484188	0.025259	0.032745	0.009808	0.002802
contig_4_segment0	10484373	10593913	-0.037099	-0.036137	-0.015306	-0.008721
contig_4_segment0	10594889	10797638	0.008332	0.006563	0.002559	0.008862
contig_4_segment0	10797704	10979109	0.053936	0.035083	0.015862	0.024340
contig_4_segment0	10979179	11106180	-0.012084	-0.008743	-0.004629	0.000370
contig_4_segment0	11106398	11227231	0.088193	0.068378	0.035550	0.040531
contig_4_segment0	11227352	11341365	0.056240	0.056759	0.024973	0.021665
contig_4_segment0	11341391	11456562	0.164312	0.120855	0.053850	0.063818
contig_4_segment0	11456868	11580652	-0.072811	-0.095328	-0.034734	-0.034860
contig_4_segment0	11580761	11679729	0.086221	0.081900	0.037643	0.037689
contig_4_segment0	11679822	11806113	-0.048671	-0.043560	-0.021472	-0.025643
contig_4_segment0	11806213	11910724	-0.090269	-0.093674	-0.043927	-0.043573
contig_4_segment0	11910863	12102540	-0.135805	-0.116969	-0.056664	-0.063529
contig_4_segment0	12102988	12342346	-0.097697	-0.055392	-0.028215	-0.034339
contig_4_segment0	12342408	12447307	0.007217	0.006996	0.003259	0.006048
contig_4_segment0	12447308	12632087	-0.095252	-0.065526	-0.033012	-0.037349
contig_4_segment0	12632133	12807734	-0.011250	-0.007239	-0.003312	-0.008233
contig_4_segment0	12808097	12978880	-0.092344	-0.068916	-0.038601	-0.041600
contig_4_segment0	12978887	13160976	-0.053743	-0.039042	-0.019448	-0.026112
contig_4_segment0	13161373	13314753	-0.087623	-0.071044	-0.035664	-0.041539
contig_4_segment0	13314827	13490599	-0.110265	-0.096468	-0.042140	-0.043729
contig_4_segment0	13490601	13613448	-0.041459	-0.035106	-0.021516	-0.015501
contig_4_segment0	13613453	13723098	-0.076123	-0.073915	-0.039338	-0.026756
contig_4_segment0	13723288	13835983	-0.046912	-0.035314	-0.017826	-0.020426
contig_4_segment0	13835994	13934090	0.003268	0.003180	0.001570	0.004149
contig_4_segment0	13934163	14028453	-0.044728	-0.044213	-0.021241	-0.029283
contig_4_segment0	14030662	14179707	-0.120061	-0.101701	-0.047462	-0.049757
contig_4_segment0	14179751	14362990	-0.001139	-0.000710	-0.000367	0.005334
contig_4_segment0	14363015	14521393	0.016852	0.012107	0.006720	-0.000850
contig_4_segment0	14521406	14667648	-0.088597	-0.060759	-0.033344	-0.034820
contig_4_segment0	14667655	14818013	0.061679	0.041248	0.024008	0.033128
contig_4_segment0	14818160	14990315	-0.179694	-0.120661	-0.061491	-0.068600
contig_4_segment0	14990776	15165841	-0.289491	-0.234888	-0.103056	-0.165654
contig_4_segment0	15165855	15330890	-0.011833	-0.008471	-0.005018	-0.004785
contig_4_segment0	15331009	15531192	-0.138526	-0.089996	-0.048524	-0.080062
contig_4_segment0	15531318	15680990	-0.002834	-0.002636	-0.001435	-0.003206
contig_4_segment0	15682085	15965247	-0.086549	-0.043613	-0.024600	-0.030640
contig_4_segment0	15965259	16167638	-0.089605	-0.059096	-0.031369	-0.032165
contig_4_segment0	16167657	16368589	0.046767	0.019565	0.012726	0.011446
contig_4_segment0	16368954	16598927	-0.081435	-0.041441	-0.023106	-0.034563
contig_4_segment0	16598937	16768451	-0.014761	-0.009258	-0.004797	-0.015322
contig_4_segment0	16769316	17029676	-0.077475	-0.036355	-0.020981	-0.047184
contig_4_segment0	17030058	17365673	-0.181881	-0.052097	-0.038377	-0.074207
contig_4_segment0	17365831	17602220	-0.239376	-0.149580	-0.078486	-0.123035
contig_4_segment0	17602226	17729096	-0.257336	-0.225601	-0.116203	-0.122538
contig_4_segment0	17731118	17874425	-0.099167	-0.046189	-0.029231	-0.050674
contig_4_segment0	17874501	18047826	-0.125486	-0.061061	-0.041296	-0.064766
contig_4_segment0	18047842	18242125	-0.056236	-0.029609	-0.016795	-0.031829
contig_4_segment0	18242126	18464562	-0.100524	-0.049795	-0.029084	-0.031477
contig_4_segment0	18465698	18640657	-0.127965	-0.083670	-0.052500	-0.053768
contig_4_segment0	18640902	18896169	-0.104022	-0.034324	-0.023434	-0.048328
contig_4_segment0	18896332	19080162	-0.012111	-0.007767	-0.004907	-0.005962
contig_4_segment0	19080175	19269373	-0.178240	-0.070978	-0.046930	-0.077815
contig_4_segment0	19269380	19486843	-0.099652	-0.045820	-0.026742	-0.048927
contig_4_segment0	19486848	19658034	-0.008828	-0.008035	-0.003864	-0.001714
contig_4_segment0	19658035	19691267	0.110742	0.312175	0.117301	0.035159
contig_4_segment0	19691272	19853720	-0.259400	-0.244776	-0.108334	-0.144395
contig_4_segment0	19853740	20111998	-0.230522	-0.063108	-0.048561	-0.096947
contig_4_segment0	20112047	20486841	0.026961	0.008713	0.005946	0.011145
contig_4_segment0	20487772	20741711	-0.035619	-0.015250	-0.010202	-0.025538
contig_4_segment0	20741934	20945826	-0.222654	-0.134256	-0.080393	-0.105945
contig_4_segment0	20945827	21061139	-0.108542	-0.079676	-0.046929	-0.051626
contig_4_segment0	21061143	21258964	-0.195441	-0.074407	-0.051354	-0.089477
contig_4_segment0	21261934	21408408	-0.016330	-0.007380	-0.005870	-0.006709
contig_4_segment0	21408482	21540653	-0.048050	-0.038156	-0.020325	-0.025053
contig_4_segment0	21540749	21802843	-0.070916	-0.023901	-0.017005	-0.034979
contig_4_segment0	21804699	22117623	-0.029689	-0.009339	-0.007050	-0.011514
contig_4_segment0	22118084	22582660	-0.072145	-0.020127	-0.013949	-0.035044
contig_4_segment0	22582663	22904407	0.099596	0.027784	0.020500	0.055181
contig_4_segment0	22904420	23222453	-0.073763	-0.027018	-0.017532	-0.038544
contig_4_segment0	23222456	23531454	-0.046884	-0.014734	-0.010364	-0.021100
contig_4_segment0	23531460	23788925	-0.142126	-0.045148	-0.032624	-0.070307
contig_4_segment0	23788926	24359094	-0.060845	-0.009927	-0.007208	-0.024517
contig_4_segment0	24359164	24817956	-0.119165	-0.019682	-0.014864	-0.062147
contig_4_segment0	24818719	25038904	-0.062407	-0.018991	-0.015052	-0.018046
contig_4_segment0	25039401	25445429	-0.216561	-0.032841	-0.024934	-0.107116
contig_4_segment0	25453360	25832030	-0.114114	-0.022312	-0.018429	-0.045335
contig_4_segment0	25832036	26298225	-0.222853	-0.035337	-0.028336	-0.098748
contig_4_segment0	26298283	26672101	-0.162493	-0.043677	-0.028099	-0.069209
contig_4_segment0	26672125	26738602	-0.389739	-0.568598	-0.290578	-0.209382
contig_4_segment0	26738605	26900665	0.102148	0.080474	0.041082	0.057460
contig_4_segment0	26901301	27126837	0.014929	0.005844	0.003438	-0.004258
contig_4_segment0	27126996	27439095	-0.346150	-0.203006	-0.111995	-0.195176
contig_4_segment0	27439300	27750087	-0.095860	-0.027768	-0.019933	-0.033973
contig_4_segment0	27750089	28019388	-0.083470	-0.017224	-0.012869	-0.044346
contig_4_segment0	28019393	28122360	0.000960	0.000685	0.000474	0.002298
contig_4_segment0	28122362	28225189	-0.039604	-0.030192	-0.021766	-0.008136
contig_4_segment0	28225197	28591630	-0.097150	-0.017026	-0.013031	-0.039188
contig_4_segment0	28591637	28800826	0.051965	0.022547	0.015182	0.022689
contig_4_segment0	28800843	28981871	-0.030484	-0.011392	-0.008598	-0.010380
contig_4_segment0	28981880	29144613	-0.028050	-0.009426	-0.007106	-0.010949
contig_4_segment0	29144619	29571069	-0.026029	-0.005186	-0.003810	-0.006731
contig_4_segment0	29571082	30040973	-0.231316	-0.028586	-0.022730	-0.099611
contig_4_segment0	30040993	30549110	-0.068235	-0.011272	-0.008248	-0.040899
contig_4_segment0	30549114	31022156	-0.169440	-0.025089	-0.020498	-0.079012
contig_4_segment0	31022179	31376833	-0.143677	-0.028860	-0.023156	-0.070398
contig_4_segment0	31376834	31742187	-0.099125	-0.018770	-0.014107	-0.045789
contig_4_segment0	31742193	31990507	-0.223747	-0.095261	-0.063104	-0.087392
contig_4_segment0	31990514	31995376	-0.011501	-0.081850	-0.033834	-0.010438
contig_4_segment0	31995377	32016633	0.066597	0.129807	0.081142	0.055719
contig_4_segment0	32016640	32198219	-0.065217	-0.022592	-0.015424	-0.008117
contig_4_segment0	32198223	32580654	-0.081923	-0.019759	-0.014404	-0.023725
contig_4_segment0	32580671	32872638	-0.069708	-0.023100	-0.015480	-0.022584
contig_4_segment0	32872673	33437009	-0.116189	-0.015500	-0.011439	-0.052302
contig_4_segment0	33437136	33786090	-0.056269	-0.012868	-0.010008	-0.015183
contig_4_segment0	33788429	34215889	-0.149227	-0.023536	-0.017669	-0.057879
contig_4_segment0	34216100	34531802	-0.321922	-0.105037	-0.073922	-0.168760
contig_4_segment0	34532598	34891569	0.002839	0.000861	0.000595	-0.005226
contig_4_segment0	34891749	35168597	0.148009	0.045736	0.027843	0.076621
contig_4_segment0	35168602	35623718	-0.182077	-0.030821	-0.021896	-0.078267
contig_4_segment0	35626538	35899149	-0.020808	-0.008081	-0.005624	-0.004414
