chr	windowStart	windowEnd	D	f_d	f_dM	d_f
contig_1888_segment0	61057	925748	0.001644	0.003953	0.001868	-0.002868
contig_1888_segment0	264352	1049833	-0.015360	-0.040892	-0.017931	-0.010474
contig_1888_segment0	350479	1133473	0.001517	0.003781	0.001724	-0.003916
contig_1888_segment0	542399	1335921	-0.020767	-0.034540	-0.018152	-0.011366
contig_1888_segment0	759043	1572570	0.016366	0.019887	0.010892	0.005397
contig_1888_segment0	885801	1919482	0.006753	0.006011	0.003496	0.002653
contig_1888_segment0	925749	2090334	0.010555	0.008330	0.004840	0.003762
contig_1888_segment0	1049913	2339319	0.011891	0.008376	0.004961	0.004609
contig_1888_segment0	1133549	2500138	-0.006168	-0.004090	-0.002370	-0.003441
contig_1888_segment0	1335926	2675133	0.024881	0.016909	0.009428	0.009293
contig_1888_segment0	1573202	2799822	-0.000470	-0.000347	-0.000191	-0.002030
contig_1888_segment0	1919547	2884750	-0.010200	-0.009263	-0.004694	-0.005256
contig_1888_segment0	2091824	2963611	-0.009358	-0.009037	-0.004492	-0.004405
contig_1888_segment0	2339618	3058727	-0.009498	-0.009958	-0.004793	-0.002024
contig_1888_segment0	2500222	3138572	-0.004504	-0.004906	-0.002351	0.000047
contig_1888_segment0	2675140	3206447	-0.001726	-0.002018	-0.000964	0.002556
contig_1888_segment0	2799842	3304892	-0.018559	-0.022580	-0.010374	-0.003327
contig_1888_segment0	2884762	3433910	-0.010144	-0.011610	-0.005381	-0.000867
contig_1888_segment0	2963647	3582078	-0.003432	-0.003782	-0.001796	0.003529
contig_1888_segment0	3058790	3766865	0.011481	0.011951	0.005781	0.009535
contig_1888_segment0	3138659	3882157	0.020946	0.021238	0.010330	0.015025
contig_1888_segment0	3206448	3992868	0.011550	0.011312	0.005598	0.009798
contig_1888_segment0	3304908	4114486	-0.019170	-0.018704	-0.009118	-0.006487
contig_1888_segment0	3433950	4184420	-0.024048	-0.024603	-0.012085	-0.008426
contig_1888_segment0	3582091	4263170	-0.035919	-0.038048	-0.018377	-0.015758
contig_1888_segment0	3767261	4359506	-0.032835	-0.036614	-0.017140	-0.014305
contig_1888_segment0	3882392	4460717	-0.028980	-0.032176	-0.015198	-0.012393
contig_1888_segment0	3993124	4580540	-0.040700	-0.045205	-0.020595	-0.018617
contig_1888_segment0	4114513	4704151	-0.005500	-0.005988	-0.002817	-0.002759
contig_1888_segment0	4184485	4806794	-0.008322	-0.008942	-0.004191	-0.004060
contig_1888_segment0	4263171	4868976	-0.012359	-0.013834	-0.006307	-0.005865
contig_1888_segment0	4359568	4957257	-0.008427	-0.009577	-0.004422	-0.003296
contig_1888_segment0	4460801	5055779	-0.028174	-0.032270	-0.014794	-0.013309
contig_1888_segment0	4580582	5137772	-0.009716	-0.011592	-0.005230	-0.004504
contig_1888_segment0	4704193	5232351	-0.016912	-0.019978	-0.008998	-0.005421
contig_1888_segment0	4806906	5324223	-0.002532	-0.003004	-0.001356	0.001637
contig_1888_segment0	4869063	5400827	0.005272	0.006154	0.002827	0.005030
contig_1888_segment0	4957388	5482839	0.003292	0.003946	0.001781	0.002172
contig_1888_segment0	5055792	5548640	0.017067	0.021149	0.009417	0.009191
contig_1888_segment0	5137780	5621712	0.014287	0.017505	0.007999	0.008619
contig_1888_segment0	5232378	5700387	0.030385	0.038892	0.017577	0.016376
contig_1888_segment0	5324248	5790969	0.018337	0.023302	0.010561	0.008944
contig_1888_segment0	5400924	5916790	0.016825	0.020340	0.009160	0.008600
contig_1888_segment0	5482841	6046534	-0.017730	-0.020540	-0.009283	-0.008535
contig_1888_segment0	5548693	6147338	-0.028545	-0.032373	-0.014415	-0.013091
contig_1888_segment0	5621713	6225573	-0.038031	-0.044598	-0.019429	-0.019043
contig_1888_segment0	5700390	6314488	-0.047904	-0.055578	-0.024350	-0.026740
contig_1888_segment0	5790974	6413029	-0.038784	-0.045791	-0.019910	-0.022268
contig_1888_segment0	5916941	6520310	-0.035968	-0.042887	-0.018742	-0.019914
contig_1888_segment0	6046823	6643636	-0.014884	-0.017747	-0.007724	-0.009536
contig_1888_segment0	6147339	6786566	-0.001807	-0.002071	-0.000942	-0.004311
contig_1888_segment0	6225580	6892924	-0.000445	-0.000480	-0.000225	-0.001459
contig_1888_segment0	6314489	6986001	-0.004911	-0.005171	-0.002440	-0.001696
contig_1888_segment0	6413368	7089847	-0.024259	-0.024922	-0.011665	-0.010654
contig_1888_segment0	6520313	7165068	-0.026724	-0.027098	-0.012762	-0.012257
contig_1888_segment0	6643645	7232317	-0.002217	-0.002216	-0.001086	0.001247
contig_1888_segment0	6786768	7305391	-0.018691	-0.019581	-0.009371	-0.006956
contig_1888_segment0	6893144	7364529	-0.012648	-0.013794	-0.006406	-0.003405
contig_1888_segment0	6986027	7426315	-0.007096	-0.007941	-0.003675	-0.000739
contig_1888_segment0	7089875	7487861	0.007680	0.008610	0.004029	0.006196
contig_1888_segment0	7165092	7541823	0.009734	0.011177	0.005222	0.007739
contig_1888_segment0	7232336	7593293	-0.010960	-0.013244	-0.005765	-0.003546
contig_1888_segment0	7305451	7653572	0.001441	0.001723	0.000749	0.003650
contig_1888_segment0	7364588	7710417	0.002957	0.003560	0.001559	0.003111
contig_1888_segment0	7426386	7764073	-0.007494	-0.009199	-0.003941	-0.003626
contig_1888_segment0	7487899	7813978	0.002958	0.003778	0.001610	0.002207
contig_1888_segment0	7541832	7877900	0.006393	0.008218	0.003459	0.003021
contig_1888_segment0	7593363	7941415	0.002144	0.002803	0.001182	0.001115
contig_1888_segment0	7653586	8000312	-0.018006	-0.024797	-0.010128	-0.009808
contig_1888_segment0	7710444	8068478	-0.032684	-0.045530	-0.018456	-0.017950
contig_1888_segment0	7764155	8134583	-0.030454	-0.041600	-0.017190	-0.015610
contig_1888_segment0	7813984	8197206	-0.051259	-0.072008	-0.028618	-0.024608
contig_1888_segment0	7877914	8260759	-0.057322	-0.079335	-0.032042	-0.025472
contig_1888_segment0	7941471	8318209	-0.056211	-0.076635	-0.031753	-0.024733
contig_1888_segment0	8000326	8391874	-0.031073	-0.039816	-0.017168	-0.012416
contig_1888_segment0	8068541	8465905	-0.028193	-0.035807	-0.015657	-0.009572
contig_1888_segment0	8134602	8549509	-0.022385	-0.028332	-0.012236	-0.007282
contig_1888_segment0	8197363	8620881	-0.006705	-0.008177	-0.003680	-0.000911
contig_1888_segment0	8260768	8700032	0.008369	0.010314	0.004643	0.005501
contig_1888_segment0	8318315	8772978	0.014905	0.018450	0.008347	0.010906
contig_1888_segment0	8391882	8891314	0.011372	0.014178	0.006314	0.010500
contig_1888_segment0	8466006	9006448	0.001120	0.001338	0.000603	0.005565
contig_1888_segment0	8549511	9109191	0.005882	0.006822	0.003147	0.009246
contig_1888_segment0	8620882	9246899	-0.015229	-0.017036	-0.007884	0.000017
contig_1888_segment0	8700071	9364717	-0.035967	-0.039010	-0.018041	-0.009988
contig_1888_segment0	8772987	9527684	-0.041557	-0.044280	-0.020402	-0.014155
contig_1888_segment0	8891335	9675800	-0.051823	-0.054849	-0.025222	-0.020535
contig_1888_segment0	9006671	9792573	-0.035948	-0.037711	-0.017380	-0.012353
contig_1888_segment0	9109201	9888068	-0.052536	-0.055776	-0.025098	-0.020956
contig_1888_segment0	9246900	9975259	-0.034228	-0.036917	-0.016424	-0.013079
contig_1888_segment0	9364766	10065651	-0.019251	-0.021209	-0.009441	-0.006538
contig_1888_segment0	9527824	10188553	-0.007773	-0.008620	-0.003872	-0.000835
contig_1888_segment0	9675806	10346872	0.002702	0.002905	0.001338	0.004548
contig_1888_segment0	9792748	10510682	-0.009384	-0.009869	-0.004565	-0.001604
contig_1888_segment0	9888069	10597601	-0.004648	-0.004970	-0.002283	0.001661
contig_1888_segment0	9975288	10677815	-0.008795	-0.009427	-0.004348	-0.000997
contig_1888_segment0	10065891	10750320	-0.013672	-0.014636	-0.006808	-0.004288
contig_1888_segment0	10188566	10825869	-0.026044	-0.027928	-0.012860	-0.011969
contig_1888_segment0	10347001	10908623	-0.031483	-0.034722	-0.015906	-0.015198
contig_1888_segment0	10510686	11013149	-0.023311	-0.026742	-0.012056	-0.011830
contig_1888_segment0	10597658	11417481	-0.008176	-0.007785	-0.003816	-0.005888
contig_1888_segment0	10677842	11614202	0.000494	0.000480	0.000243	-0.002404
contig_235_segment0	4681	91425	0.012469	0.058084	0.026558	0.004843
contig_235_segment0	11557	108259	0.005687	0.026768	0.011793	0.002301
contig_235_segment0	40398	130852	0.002844	0.013858	0.006146	0.000939
contig_235_segment0	55107	137043	-0.007281	-0.038140	-0.016172	-0.002176
contig_235_segment0	64691	169224	-0.019633	-0.102622	-0.041369	-0.008412
scaffold_335_segment0	73817	113364	-0.024896	-0.120027	-0.049546	-0.010366
scaffold_335_segment0	91427	278923	-0.025927	-0.108989	-0.047358	-0.011196
scaffold_335_segment0	108260	348453	-0.019545	-0.076453	-0.034154	-0.007940
scaffold_335_segment0	130861	836436	-0.035627	-0.087619	-0.039941	-0.014377
scaffold_335_segment0	137055	1015642	-0.055172	-0.107709	-0.048589	-0.024437
scaffold_335_segment0	169228	1213807	-0.053096	-0.080664	-0.036698	-0.024060
scaffold_335_segment0	115104	1279879	-0.040320	-0.058244	-0.026214	-0.018623
scaffold_335_segment0	278932	1287200	-0.031111	-0.047562	-0.021169	-0.013533
scaffold_335_segment0	348566	1314924	-0.026832	-0.042205	-0.018740	-0.011417
scaffold_335_segment0	836860	1455765	-0.018856	-0.030289	-0.013402	-0.007487
scaffold_335_segment0	1015769	1685844	-0.000997	-0.001459	-0.000667	-0.000254
scaffold_335_segment0	1213874	1851536	-0.007396	-0.010771	-0.005035	-0.003575
scaffold_335_segment0	1279881	2037803	-0.032293	-0.042342	-0.019551	-0.014302
scaffold_335_segment0	1287218	2196379	-0.039768	-0.046213	-0.021130	-0.018869
scaffold_335_segment0	1314949	2339800	-0.035695	-0.037321	-0.016950	-0.017486
scaffold_335_segment0	1455852	2450741	-0.034682	-0.036922	-0.016426	-0.016262
scaffold_335_segment0	1685881	2531789	-0.038825	-0.043116	-0.018770	-0.016961
scaffold_335_segment0	1851674	2639781	-0.012739	-0.014751	-0.006206	-0.004772
scaffold_335_segment0	2037812	2731541	0.011982	0.014391	0.006087	0.006886
scaffold_335_segment0	2196521	2805133	0.008230	0.010437	0.004374	0.005003
scaffold_335_segment0	2339873	2883959	-0.007676	-0.009819	-0.004276	-0.002907
scaffold_335_segment0	2450752	3008099	-0.000596	-0.000735	-0.000337	-0.000034
scaffold_335_segment0	2531824	3171789	0.015608	0.018693	0.008828	0.008280
scaffold_335_segment0	2639956	3318346	-0.012828	-0.014949	-0.007310	-0.004032
scaffold_335_segment0	2731543	3427311	-0.023132	-0.026724	-0.012979	-0.008257
scaffold_335_segment0	2805138	3523859	-0.027826	-0.030918	-0.014801	-0.011243
scaffold_335_segment0	2883961	3604108	-0.027229	-0.030688	-0.014042	-0.011246
scaffold_335_segment0	3008142	3703204	-0.036659	-0.043252	-0.018852	-0.016395
scaffold_335_segment0	3171847	3798959	-0.056825	-0.068282	-0.029220	-0.027041
scaffold_335_segment0	3318470	3905426	-0.038478	-0.045129	-0.019535	-0.018221
scaffold_335_segment0	3427322	4009353	-0.036319	-0.042914	-0.018648	-0.018141
scaffold_335_segment0	3523944	4110831	-0.038057	-0.043833	-0.019471	-0.019322
scaffold_335_segment0	3604110	4186460	-0.029425	-0.034534	-0.015580	-0.014647
scaffold_335_segment0	3703430	4323396	-0.029234	-0.031999	-0.014956	-0.014727
scaffold_335_segment0	3798966	4511597	-0.014995	-0.015758	-0.007306	-0.008617
scaffold_335_segment0	3905735	4637674	-0.016747	-0.018073	-0.008087	-0.009454
scaffold_335_segment0	4009417	4746087	-0.026093	-0.028245	-0.012496	-0.012515
scaffold_335_segment0	4110887	4829529	-0.016257	-0.018328	-0.007860	-0.006589
scaffold_335_segment0	4186472	4913337	-0.015250	-0.016092	-0.007105	-0.005655
scaffold_335_segment0	4323772	5006488	-0.008280	-0.009140	-0.004001	-0.002618
scaffold_335_segment0	4511645	5089222	-0.012682	-0.014407	-0.006423	-0.002558
scaffold_335_segment0	4638028	5169125	-0.015524	-0.017534	-0.008040	-0.003765
scaffold_335_segment0	4746208	5209796	-0.012792	-0.014615	-0.006952	-0.003314
scaffold_335_segment0	4829593	5265833	-0.012261	-0.014364	-0.007047	-0.003955
scaffold_335_segment0	4913407	5401145	-0.021842	-0.025942	-0.012425	-0.009125
scaffold_335_segment0	5006706	5521857	-0.015918	-0.018378	-0.008926	-0.005821
scaffold_335_segment0	5089277	5604530	-0.011411	-0.013615	-0.006703	-0.004817
scaffold_335_segment0	5169140	5699777	-0.013266	-0.016007	-0.007891	-0.005683
scaffold_335_segment0	5209809	5783757	-0.013010	-0.015160	-0.007294	-0.004633
scaffold_335_segment0	5265844	5910699	-0.007815	-0.008438	-0.004113	-0.002018
scaffold_335_segment0	5401267	5990479	-0.007316	-0.008181	-0.003900	-0.002330
scaffold_335_segment0	5521872	6077593	0.007242	0.008389	0.003758	0.004730
scaffold_335_segment0	5604694	6141608	-0.004203	-0.004984	-0.002146	-0.001969
scaffold_335_segment0	5699808	6219299	-0.028600	-0.035599	-0.014769	-0.013686
scaffold_335_segment0	5784444	6296392	-0.030567	-0.039127	-0.016194	-0.015810
scaffold_335_segment0	5910700	6376364	-0.043095	-0.057964	-0.023269	-0.022457
scaffold_335_segment0	5990551	6445879	-0.037755	-0.050663	-0.020778	-0.018540
scaffold_335_segment0	6077609	6524976	-0.058487	-0.079414	-0.033936	-0.028958
scaffold_335_segment0	6141617	6579411	-0.046329	-0.060976	-0.026901	-0.022022
scaffold_335_segment0	6219301	6643204	-0.022165	-0.028881	-0.012719	-0.009178
scaffold_335_segment0	6296439	6664876	-0.017940	-0.025415	-0.010956	-0.006716
scaffold_335_segment0	6376377	6698625	-0.028840	-0.042785	-0.018384	-0.011419
scaffold_335_segment0	6445925	6744110	-0.027608	-0.043735	-0.018868	-0.011199
scaffold_335_segment0	6524978	6864982	-0.027376	-0.040232	-0.017173	-0.009707
scaffold_335_segment0	6579433	6968733	-0.014732	-0.020537	-0.008751	-0.003983
scaffold_335_segment0	6643213	7089636	-0.002686	-0.003423	-0.001522	0.000666
scaffold_335_segment0	6664890	7186117	0.029977	0.032792	0.015087	0.014915
scaffold_335_segment0	6698631	7277380	0.038221	0.039924	0.018639	0.019079
scaffold_335_segment0	6744292	7358760	0.054289	0.054132	0.025106	0.026373
scaffold_335_segment0	6865071	7465953	0.057656	0.057616	0.027726	0.026320
scaffold_335_segment0	6969796	7667478	0.028062	0.027329	0.013465	0.011828
scaffold_335_segment0	7089642	7807183	0.032142	0.030486	0.015220	0.011035
scaffold_335_segment0	7186255	7941961	0.000838	0.000813	0.000406	-0.000483
scaffold_335_segment0	7277383	8127043	-0.003747	-0.003580	-0.001771	-0.002507
scaffold_335_segment0	7358918	8279972	-0.037423	-0.033321	-0.016881	-0.017886
scaffold_335_segment0	7465987	8429755	-0.037391	-0.033011	-0.016444	-0.017573
scaffold_335_segment0	7667757	8584066	-0.015544	-0.013080	-0.006457	-0.009086
scaffold_335_segment0	7807413	8717038	-0.041428	-0.037102	-0.017107	-0.016201
scaffold_335_segment0	7943212	8873312	-0.062167	-0.054629	-0.025220	-0.026357
scaffold_335_segment0	8127044	9009914	-0.058246	-0.051504	-0.023601	-0.023934
scaffold_335_segment0	8280014	9152122	-0.048263	-0.044538	-0.019836	-0.019824
scaffold_335_segment0	8429766	9263461	-0.039739	-0.038413	-0.016222	-0.015986
scaffold_335_segment0	8584285	9451848	-0.012246	-0.012560	-0.005380	-0.003691
scaffold_335_segment0	8717045	9644946	-0.040015	-0.038793	-0.017867	-0.017626
scaffold_335_segment0	8873418	9798333	-0.024969	-0.024608	-0.011397	-0.011852
scaffold_335_segment0	9009919	9985650	-0.003311	-0.003277	-0.001530	-0.001126
scaffold_335_segment0	9152202	10197444	0.009710	0.009114	0.004363	0.005177
scaffold_335_segment0	9263494	10371721	0.016830	0.015347	0.007828	0.009106
scaffold_335_segment0	9451967	10544169	-0.015852	-0.014382	-0.007305	-0.008372
scaffold_335_segment0	9644969	10736830	0.004242	0.003916	0.001950	0.001006
scaffold_335_segment0	9798350	10930512	0.031866	0.028925	0.013587	0.013750
scaffold_335_segment0	9986003	11042015	0.036002	0.033866	0.016144	0.014769
scaffold_335_segment0	10197659	11291257	0.018364	0.016734	0.008289	0.008270
scaffold_335_segment0	10371749	11449200	-0.029010	-0.026475	-0.012633	-0.012939
scaffold_335_segment0	10544240	11581269	-0.013693	-0.013011	-0.006062	-0.006040
scaffold_335_segment0	10737223	11675303	0.013904	0.013196	0.006424	0.006969
scaffold_335_segment0	10931229	11851857	0.021950	0.020882	0.010661	0.010273
scaffold_335_segment0	11042094	12031114	0.019180	0.017115	0.008519	0.009275
scaffold_335_segment0	11291264	12187792	0.020193	0.019680	0.009182	0.009421
scaffold_335_segment0	11449206	12343468	0.029501	0.026593	0.013136	0.013666
scaffold_335_segment0	11581312	12442959	0.049659	0.043130	0.021655	0.023546
scaffold_335_segment0	11675486	12568154	0.041300	0.036195	0.017951	0.018531
scaffold_335_segment0	11851916	12784870	-0.036757	-0.031851	-0.016221	-0.018788
scaffold_335_segment0	12031260	12968893	-0.058324	-0.050074	-0.025845	-0.028815
scaffold_335_segment0	12187828	13151142	-0.055981	-0.050009	-0.025777	-0.028452
scaffold_335_segment0	12343480	13328076	-0.049158	-0.048567	-0.023939	-0.024575
scaffold_335_segment0	12442980	13543984	-0.059414	-0.057852	-0.028663	-0.031951
scaffold_335_segment0	12568462	13721619	-0.039469	-0.037255	-0.018403	-0.021000
scaffold_335_segment0	12784915	13951179	-0.019361	-0.018662	-0.009035	-0.009708
scaffold_335_segment0	12969998	14145150	0.004708	0.004642	0.002235	0.000252
scaffold_335_segment0	13151230	14381092	-0.008226	-0.007272	-0.003721	-0.005884
scaffold_335_segment0	13328077	14679547	-0.014803	-0.011550	-0.006216	-0.007572
scaffold_335_segment0	13543985	15024946	-0.074350	-0.050736	-0.028091	-0.035092
scaffold_335_segment0	13721907	15380590	-0.099753	-0.060698	-0.033914	-0.046329
scaffold_335_segment0	13951343	15634362	-0.074095	-0.044986	-0.024669	-0.035357
scaffold_335_segment0	14145446	15916328	-0.102761	-0.060836	-0.033253	-0.045849
scaffold_335_segment0	14381537	16300314	-0.086180	-0.048048	-0.026303	-0.039495
scaffold_335_segment0	14679611	16544325	-0.076696	-0.043187	-0.023294	-0.036804
scaffold_335_segment0	15025120	16749159	-0.051598	-0.031623	-0.016839	-0.025567
scaffold_335_segment0	15380831	16916466	-0.051121	-0.034825	-0.018167	-0.023603
scaffold_335_segment0	15635846	17021089	-0.050905	-0.035941	-0.018988	-0.023994
scaffold_335_segment0	15916972	17161413	-0.032076	-0.022925	-0.012179	-0.018351
scaffold_335_segment0	16300372	17306207	-0.023090	-0.018627	-0.009410	-0.013363
scaffold_335_segment0	16544332	17508121	-0.044292	-0.037960	-0.018530	-0.023269
scaffold_335_segment0	16749240	17673213	-0.040818	-0.038540	-0.017983	-0.020841
scaffold_335_segment0	16916788	17823006	-0.052502	-0.053213	-0.023546	-0.026545
scaffold_335_segment0	17021512	17967055	-0.056529	-0.054661	-0.024462	-0.028011
scaffold_335_segment0	17161680	18113625	-0.079765	-0.075039	-0.034053	-0.036950
scaffold_335_segment0	17306449	18247082	-0.087710	-0.083756	-0.037423	-0.040735
scaffold_335_segment0	17508619	18412198	-0.063326	-0.060904	-0.027329	-0.029169
scaffold_335_segment0	17673241	18617767	-0.049324	-0.044555	-0.020454	-0.022010
scaffold_335_segment0	17823122	18801159	-0.051329	-0.044125	-0.021836	-0.024758
scaffold_335_segment0	17967084	18968866	-0.066281	-0.056399	-0.026857	-0.032458
scaffold_335_segment0	18113626	19225814	-0.045594	-0.037448	-0.017817	-0.023202
scaffold_335_segment0	18247093	19397697	-0.056227	-0.048040	-0.023047	-0.028577
scaffold_335_segment0	18413080	19671648	-0.096118	-0.082418	-0.040521	-0.049649
scaffold_335_segment0	18617806	19904627	-0.116010	-0.101577	-0.050865	-0.062743
scaffold_335_segment0	18801163	20149365	-0.137010	-0.119418	-0.059990	-0.077435
scaffold_335_segment0	18968886	20347709	-0.103314	-0.089226	-0.046082	-0.058407
scaffold_335_segment0	19225888	20640215	-0.143437	-0.123715	-0.065135	-0.080257
scaffold_335_segment0	19397710	20853213	-0.147181	-0.121602	-0.064313	-0.082900
scaffold_335_segment0	19671824	21008717	-0.121692	-0.102236	-0.053144	-0.065771
scaffold_335_segment0	19904782	21270493	-0.111641	-0.091410	-0.045830	-0.058572
scaffold_335_segment0	20149432	21423663	-0.083282	-0.068825	-0.034160	-0.040199
scaffold_335_segment0	20348691	21636253	-0.089684	-0.076647	-0.038871	-0.043851
scaffold_335_segment0	20641332	21834295	-0.053029	-0.049103	-0.024636	-0.026701
scaffold_335_segment0	20853214	22000482	0.009490	0.008589	0.004285	0.004174
scaffold_335_segment0	21008842	22252805	-0.000121	-0.000103	-0.000050	-0.000831
scaffold_335_segment0	21270567	22437582	0.005657	0.004894	0.002467	0.004096
scaffold_335_segment0	21423748	22823272	0.005631	0.004488	0.002300	0.002378
scaffold_335_segment0	21636255	23010711	-0.012404	-0.010056	-0.005032	-0.006645
scaffold_335_segment0	21834369	23315709	-0.024626	-0.019215	-0.009668	-0.012915
scaffold_335_segment0	22000946	23997486	-0.121081	-0.060738	-0.036878	-0.053945
scaffold_335_segment0	22253355	24633817	-0.129210	-0.049779	-0.033970	-0.057344
scaffold_335_segment0	22437783	25183154	-0.138917	-0.046907	-0.032997	-0.059612
scaffold_335_segment0	22823752	25752899	-0.203344	-0.065642	-0.046915	-0.096481
scaffold_335_segment0	23010715	26232490	-0.154268	-0.045308	-0.032206	-0.078541
scaffold_335_segment0	23315714	26536581	-0.147376	-0.040748	-0.029357	-0.074654
scaffold_335_segment0	23997954	26741033	-0.140286	-0.045790	-0.032113	-0.070448
scaffold_335_segment0	24634132	26868185	-0.100673	-0.041605	-0.027855	-0.051456
scaffold_335_segment0	25183155	27054493	-0.109500	-0.050323	-0.032696	-0.060129
scaffold_335_segment0	25752905	27250803	0.004318	0.002354	0.001450	-0.000996
scaffold_335_segment0	26232997	27461484	-0.021984	-0.016139	-0.009406	-0.013460
scaffold_335_segment0	26536761	27606851	-0.005812	-0.005334	-0.002804	-0.004479
scaffold_335_segment0	26741070	27788387	0.006992	0.007068	0.003412	0.001986
scaffold_335_segment0	26868319	28095340	-0.062730	-0.056840	-0.027759	-0.034172
scaffold_335_segment0	27055792	28373115	-0.055061	-0.048353	-0.023978	-0.026879
scaffold_335_segment0	27250810	28689117	-0.048362	-0.040985	-0.020882	-0.023198
scaffold_335_segment0	27462939	28998729	-0.044640	-0.032105	-0.017649	-0.021665
scaffold_335_segment0	27607190	29095648	-0.057711	-0.041931	-0.024030	-0.025836
scaffold_335_segment0	27788393	29521160	-0.046481	-0.028231	-0.017404	-0.020832
scaffold_335_segment0	28096466	29744122	0.065334	0.041029	0.025469	0.028586
scaffold_335_segment0	28373131	30020826	0.076975	0.049317	0.030108	0.034477
scaffold_335_segment0	28689337	30294675	0.072561	0.046952	0.028005	0.032816
scaffold_335_segment0	28999706	30567325	0.106719	0.078770	0.043410	0.050855
scaffold_335_segment0	29095870	30724523	0.105635	0.075566	0.040662	0.052781
scaffold_335_segment0	29521972	30864286	0.115562	0.097117	0.048569	0.057071
scaffold_335_segment0	29744808	30957421	0.080115	0.069501	0.034126	0.036703
scaffold_335_segment0	30021399	31084924	0.104868	0.093866	0.046877	0.051115
scaffold_335_segment0	30294815	31205213	0.098655	0.094793	0.047559	0.047185
scaffold_335_segment0	30567534	31425370	0.099796	0.081682	0.045271	0.047322
scaffold_335_segment0	30724533	31655185	0.140387	0.099544	0.059204	0.067976
scaffold_335_segment0	30864790	31883255	0.091765	0.064184	0.039552	0.046357
scaffold_335_segment0	30957480	32195918	0.051899	0.032946	0.020998	0.025255
scaffold_335_segment0	31085124	32445815	-0.008309	-0.005156	-0.003269	-0.006727
scaffold_335_segment0	31205401	32900842	0.014039	0.007717	0.004907	0.003991
scaffold_335_segment0	31425378	33251894	-0.022366	-0.012895	-0.008120	-0.013035
scaffold_335_segment0	31656304	33651920	-0.052739	-0.028991	-0.017866	-0.026209
scaffold_335_segment0	31883263	33945315	-0.006318	-0.003159	-0.001943	-0.005233
scaffold_335_segment0	32195921	34157648	0.026141	0.014187	0.008402	0.010584
scaffold_335_segment0	32446762	34428569	0.115094	0.063738	0.036629	0.050512
scaffold_335_segment0	32901793	34656955	0.069489	0.043959	0.024092	0.030238
scaffold_335_segment0	33251908	34805233	0.042336	0.029413	0.015602	0.021564
scaffold_335_segment0	33651921	34911764	0.021656	0.019105	0.009532	0.011099
scaffold_335_segment0	33946940	35023549	0.031361	0.032879	0.015990	0.016239
scaffold_335_segment0	34158110	35171870	0.014738	0.015915	0.007670	0.006889
scaffold_335_segment0	34428962	35407775	-0.023744	-0.025971	-0.012340	-0.013925
scaffold_335_segment0	34656959	35703660	-0.063036	-0.069404	-0.033114	-0.031553
scaffold_335_segment0	34806007	35899175	-0.040005	-0.043350	-0.020391	-0.020827
scaffold_335_segment0	34911783	36277603	-0.060165	-0.054164	-0.026794	-0.028978
scaffold_335_segment0	35023550	36613728	-0.075845	-0.059999	-0.030695	-0.037238
scaffold_335_segment0	35172503	36935863	-0.086092	-0.061187	-0.032588	-0.041030
scaffold_335_segment0	35408321	37138717	-0.072669	-0.046805	-0.026758	-0.034358
scaffold_335_segment0	35703675	37296262	-0.058360	-0.040299	-0.022523	-0.028282
scaffold_335_segment0	35899176	37437064	-0.058732	-0.038598	-0.022168	-0.027718
scaffold_335_segment0	36277673	37570382	-0.013654	-0.009589	-0.005551	-0.007687
scaffold_335_segment0	36613732	37747576	-0.035249	-0.027276	-0.015533	-0.015736
scaffold_335_segment0	36935889	37990339	-0.020577	-0.016315	-0.009327	-0.009202
scaffold_335_segment0	37139107	38195686	-0.052571	-0.045507	-0.024649	-0.023999
scaffold_335_segment0	37296266	38447125	-0.063201	-0.051170	-0.029685	-0.027622
scaffold_335_segment0	37437071	38723414	-0.091040	-0.076398	-0.044680	-0.042669
scaffold_335_segment0	37570383	38887884	-0.158017	-0.147577	-0.082032	-0.074146
scaffold_335_segment0	37747646	39063128	-0.164963	-0.165261	-0.086614	-0.081033
scaffold_335_segment0	37990461	39207312	-0.160114	-0.183995	-0.091857	-0.077956
scaffold_335_segment0	38196057	39406099	-0.135384	-0.150788	-0.075720	-0.066178
scaffold_335_segment0	38447134	39574869	-0.145316	-0.167327	-0.081314	-0.070043
scaffold_335_segment0	38724594	39838723	-0.119088	-0.140642	-0.063975	-0.049428
scaffold_335_segment0	38888005	40130658	-0.057544	-0.050248	-0.025139	-0.021305
scaffold_335_segment0	39063361	40258576	-0.026489	-0.021953	-0.011183	-0.007096
scaffold_335_segment0	39207342	40404537	0.065218	0.052137	0.026927	0.032430
scaffold_335_segment0	39406195	40485328	0.039251	0.035299	0.018059	0.020007
scaffold_335_segment0	39574888	40613249	0.081885	0.073804	0.037096	0.035876
scaffold_335_segment0	39838771	40751705	0.070665	0.061570	0.031749	0.030527
scaffold_335_segment0	40130817	40870221	0.045962	0.049473	0.024939	0.021217
scaffold_335_segment0	40258684	40982365	0.057765	0.059670	0.031615	0.028576
scaffold_335_segment0	40404667	41099527	-0.010566	-0.011607	-0.006204	-0.005265
scaffold_335_segment0	40485334	41272784	0.005760	0.005473	0.002994	0.002001
scaffold_335_segment0	40613408	41453134	-0.032063	-0.030695	-0.016806	-0.016901
scaffold_335_segment0	40751713	41589831	-0.022812	-0.024077	-0.012723	-0.014183
scaffold_335_segment0	40870223	41750487	-0.015647	-0.014893	-0.007923	-0.011939
scaffold_335_segment0	40982367	41890761	-0.076890	-0.073714	-0.038528	-0.039154
scaffold_335_segment0	41099546	42034568	-0.071741	-0.064224	-0.033641	-0.038344
scaffold_335_segment0	41273580	42191101	-0.080942	-0.077183	-0.039635	-0.042883
scaffold_335_segment0	41453255	42379498	-0.047411	-0.044350	-0.022470	-0.025763
scaffold_335_segment0	41589887	42623641	-0.007330	-0.006338	-0.003246	-0.005529
scaffold_335_segment0	41751038	42904562	0.007391	0.005872	0.003051	0.001435
scaffold_335_segment0	41891008	43126830	0.046143	0.036320	0.018587	0.019500
scaffold_335_segment0	42034883	43299756	0.059788	0.049661	0.024331	0.027165
scaffold_335_segment0	42191105	43561842	0.041241	0.033461	0.016006	0.017771
scaffold_335_segment0	42379511	43795254	0.045658	0.034332	0.016682	0.022864
scaffold_335_segment0	42623656	44147576	0.079057	0.054897	0.027576	0.039135
scaffold_335_segment0	42904978	44484779	0.073952	0.052850	0.026467	0.039650
scaffold_335_segment0	43126905	44824631	0.059524	0.041280	0.021038	0.031122
scaffold_335_segment0	43299810	45114574	0.038076	0.025037	0.013134	0.021422
scaffold_335_segment0	43561923	45263637	0.065353	0.044525	0.023528	0.035878
scaffold_335_segment0	43795257	45489873	0.060662	0.042845	0.022584	0.029937
scaffold_335_segment0	44147579	45731229	-0.035893	-0.026519	-0.014217	-0.016484
scaffold_335_segment0	44484812	45955882	-0.027888	-0.021995	-0.011573	-0.014379
scaffold_335_segment0	44824635	46170685	-0.018162	-0.014933	-0.007769	-0.009254
scaffold_335_segment0	45114589	46413738	-0.023162	-0.018773	-0.009526	-0.014096
scaffold_335_segment0	45263728	46607441	-0.039157	-0.030387	-0.015213	-0.021031
scaffold_335_segment0	45490254	46770485	-0.043761	-0.033977	-0.016733	-0.020413
scaffold_335_segment0	45731745	46948719	-0.008317	-0.006820	-0.003234	-0.005404
scaffold_335_segment0	45955893	47079519	-0.027487	-0.022720	-0.010703	-0.012074
scaffold_335_segment0	46170705	47244190	-0.022931	-0.018801	-0.008788	-0.011146
scaffold_335_segment0	46414010	47410928	-0.022586	-0.019353	-0.009054	-0.010046
scaffold_335_segment0	46607482	47603955	-0.009664	-0.008171	-0.003901	-0.004549
scaffold_335_segment0	46770656	47697284	-0.027322	-0.025178	-0.011847	-0.012952
scaffold_335_segment0	46948756	47807019	-0.061125	-0.059454	-0.026605	-0.028127
scaffold_335_segment0	47079645	47966883	-0.062053	-0.064515	-0.027470	-0.027329
scaffold_335_segment0	47244630	48084710	-0.058885	-0.063548	-0.026122	-0.026014
scaffold_335_segment0	47411133	48208559	-0.048081	-0.053368	-0.021986	-0.021565
scaffold_335_segment0	47604071	48367230	-0.054483	-0.062711	-0.025515	-0.025231
scaffold_335_segment0	47697288	48480153	-0.026602	-0.028835	-0.012198	-0.012198
scaffold_335_segment0	47807054	48612604	-0.006524	-0.006876	-0.002916	-0.004039
scaffold_335_segment0	47966951	48748855	0.002688	0.002790	0.001205	-0.001513
scaffold_335_segment0	48085082	48867829	0.014652	0.015141	0.006726	0.005214
scaffold_335_segment0	48208571	48972132	0.039441	0.043158	0.018490	0.017016
scaffold_335_segment0	48367422	49101179	0.039930	0.044487	0.019100	0.018436
scaffold_335_segment0	48480189	49276948	0.029397	0.031767	0.013600	0.012443
scaffold_335_segment0	48612796	49425406	0.029060	0.031006	0.013681	0.012308
scaffold_335_segment0	48749000	49549658	0.028976	0.030188	0.013392	0.013357
scaffold_335_segment0	48867956	49709035	0.002568	0.002657	0.001165	0.001560
scaffold_335_segment0	48972140	49817101	-0.026438	-0.026682	-0.011973	-0.010786
scaffold_335_segment0	49101248	49893111	-0.007730	-0.008421	-0.003659	-0.004438
scaffold_335_segment0	49277011	50014945	-0.022342	-0.026186	-0.011218	-0.010364
scaffold_335_segment0	49425533	50115225	-0.028730	-0.033189	-0.014660	-0.013068
scaffold_335_segment0	49550226	50224244	-0.035977	-0.041560	-0.018430	-0.017198
scaffold_335_segment0	49709071	50330763	-0.017744	-0.021028	-0.009370	-0.008397
scaffold_335_segment0	49817133	50478604	-0.003194	-0.003472	-0.001601	-0.002117
scaffold_335_segment0	49893131	50617569	0.007260	0.006971	0.003458	0.003486
scaffold_335_segment0	50014966	50785007	0.020292	0.018164	0.008934	0.009235
scaffold_335_segment0	50115676	50902717	0.022123	0.020458	0.009931	0.009585
scaffold_335_segment0	50224267	51047587	0.032143	0.030016	0.014344	0.013940
scaffold_335_segment0	50330844	51242533	0.041490	0.037525	0.017885	0.018183
scaffold_335_segment0	50478643	51423823	0.026467	0.025492	0.011788	0.011972
scaffold_335_segment0	50617582	51584755	0.002419	0.002392	0.001066	0.001675
scaffold_335_segment0	50785266	51736703	-0.000702	-0.000662	-0.000314	0.000089
scaffold_335_segment0	50902732	51904924	-0.002441	-0.002181	-0.001049	0.000844
scaffold_335_segment0	51047704	52085150	-0.006898	-0.005896	-0.002932	-0.001660
scaffold_335_segment0	51242931	52244642	-0.010979	-0.009392	-0.004775	-0.004220
scaffold_335_segment0	51423960	52412885	-0.008925	-0.007347	-0.003839	-0.003690
scaffold_335_segment0	51584810	52548242	-0.017815	-0.014687	-0.007686	-0.008087
scaffold_335_segment0	51736844	52678520	-0.018603	-0.016580	-0.008283	-0.009095
scaffold_335_segment0	51904939	52783472	-0.025900	-0.024573	-0.011749	-0.014109
scaffold_335_segment1	37402	741695	-0.008806	-0.009044	-0.004195	-0.004928
scaffold_335_segment1	126252	858219	-0.002721	-0.002750	-0.001277	-0.000446
scaffold_335_segment1	251363	917976	-0.008726	-0.009390	-0.004273	-0.002045
scaffold_335_segment1	355275	994993	0.009083	0.010106	0.004565	0.007300
scaffold_335_segment1	487438	1075855	0.006468	0.007348	0.003352	0.004910
scaffold_335_segment1	593833	1159380	0.000557	0.000654	0.000298	0.002736
scaffold_335_segment1	741784	1239224	-0.016291	-0.020399	-0.008988	-0.004888
scaffold_335_segment1	858265	1311348	-0.020156	-0.026003	-0.011294	-0.007259
scaffold_335_segment1	918127	1394250	-0.038837	-0.048165	-0.020880	-0.016673
scaffold_335_segment1	995189	1492170	-0.067673	-0.085059	-0.035854	-0.030305
scaffold_335_segment1	1075859	1579386	-0.104114	-0.136530	-0.055497	-0.043749
scaffold_335_segment1	1159398	1707772	-0.097590	-0.123934	-0.050877	-0.042100
scaffold_335_segment1	1239275	1837997	-0.080841	-0.100944	-0.041921	-0.034003
scaffold_335_segment1	1311372	1925841	-0.068941	-0.085444	-0.035521	-0.029584
scaffold_335_segment1	1394681	1987887	-0.053799	-0.067139	-0.028587	-0.021535
scaffold_335_segment1	1492177	2050278	-0.029807	-0.036609	-0.015600	-0.008696
scaffold_335_segment1	1579430	2104499	0.010750	0.013358	0.005780	0.007564
scaffold_335_segment1	1707784	2151871	-0.003216	-0.004361	-0.001822	0.001546
scaffold_335_segment1	1838000	2212560	-0.005988	-0.008484	-0.003546	-0.000470
scaffold_335_segment1	1925844	2271554	-0.010195	-0.014646	-0.006184	-0.002527
scaffold_335_segment1	1988071	2337686	-0.013482	-0.019261	-0.008124	-0.004855
scaffold_335_segment1	2050370	2412596	-0.013782	-0.019303	-0.008446	-0.006423
scaffold_335_segment1	2104542	2489842	-0.011039	-0.014908	-0.006629	-0.004749
scaffold_335_segment1	2151919	2542699	0.004687	0.006122	0.002777	0.002796
scaffold_335_segment1	2212562	2614421	-0.007029	-0.009046	-0.004094	-0.002474
scaffold_335_segment1	2271586	2658327	0.004841	0.006386	0.002869	0.003071
scaffold_335_segment1	2337691	2715966	0.005981	0.008092	0.003577	0.003288
scaffold_335_segment1	2412639	2779271	0.004512	0.006385	0.002756	0.001111
scaffold_335_segment1	2489910	2836501	-0.001750	-0.002548	-0.001083	-0.001078
scaffold_335_segment1	2542711	2907391	-0.010236	-0.014995	-0.006297	-0.004684
scaffold_335_segment1	2614428	2965155	0.000540	0.000807	0.000334	0.000217
scaffold_335_segment1	2658419	3021354	-0.000745	-0.001096	-0.000455	-0.001294
scaffold_335_segment1	2716010	3067673	0.002244	0.003305	0.001385	-0.000201
scaffold_335_segment1	2779287	3102986	0.012629	0.018808	0.008046	0.005769
scaffold_335_segment1	2836505	3137518	0.017545	0.026923	0.011307	0.007595
scaffold_335_segment1	2907394	3171965	0.030043	0.047090	0.019799	0.015135
scaffold_335_segment1	2965177	3194485	0.014512	0.023795	0.009849	0.008950
scaffold_335_segment1	3021416	3229307	0.004441	0.007294	0.003030	0.007786
scaffold_335_segment1	3067775	3270130	0.005392	0.008518	0.003587	0.009637
scaffold_335_segment1	3102992	3300945	-0.006886	-0.010561	-0.004424	0.005619
scaffold_335_segment1	3137551	3335542	-0.011681	-0.017238	-0.007401	0.002594
scaffold_335_segment1	3172029	3369422	-0.036208	-0.052763	-0.022341	-0.009330
scaffold_335_segment1	3194516	3395377	-0.027011	-0.038210	-0.016622	-0.006439
scaffold_335_segment1	3229456	3434855	-0.025626	-0.035716	-0.015808	-0.008193
scaffold_335_segment1	3270137	3481741	-0.020175	-0.028615	-0.012645	-0.005372
scaffold_335_segment1	3300967	3519669	-0.015586	-0.022765	-0.009967	-0.004949
scaffold_335_segment1	3335549	3572575	-0.008343	-0.012347	-0.005380	-0.000625
scaffold_335_segment1	3369423	3623718	0.012494	0.017954	0.008122	0.008078
scaffold_335_segment1	3395410	3683456	0.017193	0.024803	0.010986	0.013153
scaffold_335_segment1	3435023	3753053	0.021163	0.030444	0.013288	0.015443
scaffold_335_segment1	3481742	3824467	-0.002907	-0.004184	-0.001778	0.004184
scaffold_335_segment1	3519764	3875542	-0.012486	-0.017529	-0.007577	0.000680
scaffold_335_segment1	3573136	3924619	-0.001904	-0.002645	-0.001165	0.004739
scaffold_335_segment1	3623728	3957546	0.005565	0.007784	0.003444	0.008606
scaffold_335_segment1	3683467	3999323	0.010758	0.014583	0.006578	0.010718
scaffold_335_segment1	3753072	4045524	-0.003779	-0.005213	-0.002356	0.004371
scaffold_335_segment1	3824475	4085235	-0.000731	-0.001005	-0.000466	0.005764
scaffold_335_segment1	3875557	4121567	0.005636	0.007688	0.003597	0.008385
scaffold_335_segment1	3924657	4160851	0.001762	0.002376	0.001097	0.006917
scaffold_335_segment1	3957583	4210961	-0.004275	-0.005772	-0.002646	0.003835
scaffold_335_segment1	3999324	4274900	-0.000257	-0.000350	-0.000161	0.004897
scaffold_335_segment1	4045617	4346757	0.021720	0.029055	0.013472	0.015652
scaffold_335_segment1	4085237	4444648	0.021240	0.027126	0.012875	0.015701
scaffold_335_segment1	4121579	4652820	0.007568	0.009345	0.004445	0.008347
scaffold_335_segment1	4160871	4807954	-0.008523	-0.010942	-0.005353	0.000425
scaffold_335_segment1	4211055	4818105	-0.013592	-0.020057	-0.009914	-0.002562
scaffold_335_segment1	4274909	4837655	-0.019858	-0.033000	-0.017035	-0.006236
scaffold_430_segment0	22220	1013937	-0.040054	-0.031236	-0.020582	-0.014638
scaffold_430_segment0	36789	1424476	-0.070039	-0.036551	-0.025424	-0.027464
scaffold_430_segment0	167541	1745737	-0.070557	-0.029624	-0.021154	-0.026861
scaffold_430_segment0	445222	1957037	-0.097798	-0.036630	-0.026784	-0.037365
scaffold_430_segment0	666292	2161912	-0.092956	-0.034118	-0.024652	-0.037203
scaffold_430_segment0	863794	2394847	-0.097355	-0.035825	-0.025478	-0.041008
scaffold_430_segment0	1013938	2578741	-0.099532	-0.037570	-0.026554	-0.041405
scaffold_430_segment0	1424483	2686596	-0.045986	-0.022555	-0.015199	-0.019338
scaffold_430_segment0	1745755	2820430	-0.068749	-0.041673	-0.026469	-0.030723
scaffold_430_segment0	1957042	3069538	-0.050905	-0.033862	-0.020832	-0.023907
scaffold_430_segment0	2161913	3223114	-0.027994	-0.020090	-0.012446	-0.013148
scaffold_430_segment0	2394848	3428635	-0.021891	-0.016322	-0.010269	-0.009132
scaffold_430_segment0	2578779	3766734	-0.033603	-0.022335	-0.013618	-0.013525
scaffold_430_segment0	2686626	3978527	-0.056441	-0.033030	-0.020047	-0.023434
scaffold_430_segment0	2820431	4142768	-0.065630	-0.038469	-0.022705	-0.026603
scaffold_430_segment0	3069550	4293168	-0.069813	-0.043530	-0.025289	-0.026615
scaffold_430_segment0	3224071	4442620	-0.082671	-0.046880	-0.027902	-0.031428
scaffold_430_segment0	3429235	4666265	-0.085080	-0.045744	-0.027384	-0.031857
scaffold_430_segment0	3766741	4924210	0.018803	0.010316	0.006222	0.007381
scaffold_430_segment0	3978539	5054015	0.012170	0.007008	0.004247	0.005455
scaffold_430_segment0	4142913	5363170	0.051484	0.026627	0.016567	0.020713
scaffold_430_segment0	4293170	5621514	0.061187	0.029489	0.018436	0.025405
scaffold_430_segment0	4442644	5788134	0.053695	0.028657	0.016989	0.025096
scaffold_430_segment0	4666283	5955527	0.048677	0.028099	0.015962	0.021483
scaffold_430_segment0	4924211	6122295	-0.001722	-0.001026	-0.000585	-0.001101
scaffold_430_segment0	5054553	6354860	0.002978	0.001744	0.000992	0.001611
scaffold_430_segment0	5363183	6456594	0.044851	0.029760	0.016613	0.020084
scaffold_430_segment0	5622510	6741142	0.045428	0.034161	0.018267	0.018650
scaffold_430_segment0	5788142	6947851	0.033474	0.025329	0.013160	0.011696
scaffold_430_segment0	5955542	7093763	0.042238	0.033558	0.017292	0.017350
scaffold_430_segment0	6122937	7308988	0.028417	0.023515	0.012025	0.010887
scaffold_430_segment0	6354862	7574006	0.034500	0.027057	0.014283	0.013352
scaffold_430_segment0	6458643	7629487	0.001005	0.000888	0.000461	-0.001819
scaffold_430_segment0	6741217	7816626	-0.008554	-0.007563	-0.003989	-0.004440
scaffold_430_segment0	6948194	8103179	0.005290	0.004189	0.002400	0.001804
scaffold_430_segment0	7093766	8450839	0.019021	0.012917	0.007472	0.007642
scaffold_430_segment0	7308996	8671545	0.011438	0.006956	0.004167	0.003099
scaffold_430_segment0	7574686	8919351	0.021505	0.012835	0.007788	0.007964
scaffold_430_segment0	7629532	9217272	0.049235	0.023651	0.014453	0.019728
scaffold_430_segment0	7816627	9518129	0.037560	0.015564	0.009703	0.014053
scaffold_430_segment0	8103224	9778347	0.016307	0.006277	0.003982	0.004588
scaffold_430_segment0	8451094	9966597	-0.000368	-0.000142	-0.000094	-0.002090
scaffold_430_segment0	8672077	10318134	0.009925	0.003832	0.002534	0.003520
scaffold_430_segment0	8919495	10532887	-0.019816	-0.008386	-0.005386	-0.007714
scaffold_430_segment0	9217342	10875418	-0.084007	-0.031990	-0.021318	-0.037325
scaffold_430_segment0	9518131	11137179	-0.088338	-0.034780	-0.023207	-0.038243
scaffold_430_segment0	9780078	11281558	-0.106801	-0.049446	-0.032040	-0.045573
scaffold_430_segment0	9966600	11292528	-0.101537	-0.056581	-0.035793	-0.041340
scaffold_430_segment0	10318845	11329732	-0.095368	-0.063237	-0.040082	-0.036429
scaffold_430_segment0	10532888	11650631	-0.075588	-0.044469	-0.028979	-0.029469
scaffold_430_segment0	10875419	11760623	-0.025418	-0.019420	-0.012043	-0.008715
scaffold_430_segment0	11137324	11912877	-0.004069	-0.003719	-0.002239	-0.001210
scaffold_430_segment0	11281600	12081675	0.051701	0.046876	0.028355	0.019770
scaffold_430_segment0	11292531	12244261	0.063092	0.044633	0.027831	0.026987
scaffold_430_segment0	11329821	12441053	0.081278	0.049471	0.030186	0.035831
scaffold_430_segment0	11650805	12664321	0.075275	0.046143	0.028865	0.031122
scaffold_430_segment0	11760821	12789054	0.017038	0.010753	0.006567	0.006698
scaffold_430_segment0	11913061	12885983	0.022718	0.015469	0.009309	0.008047
scaffold_430_segment0	12081676	13068927	0.006149	0.004210	0.002547	0.000752
scaffold_430_segment0	12244273	13256687	-0.009052	-0.006028	-0.003624	-0.006064
scaffold_430_segment0	12441062	13655073	-0.041329	-0.023577	-0.014954	-0.018665
scaffold_430_segment0	12664765	13943991	-0.042507	-0.024197	-0.015334	-0.017789
scaffold_430_segment0	12789060	14272750	-0.022128	-0.009267	-0.006530	-0.007976
scaffold_430_segment0	12885984	14526644	-0.065693	-0.025566	-0.018229	-0.023631
scaffold_430_segment0	13069502	14796367	-0.036585	-0.012990	-0.009344	-0.011496
scaffold_430_segment0	13256694	15126019	-0.040940	-0.013905	-0.010160	-0.013822
scaffold_430_segment0	13655247	15503189	-0.030102	-0.010267	-0.007644	-0.008923
scaffold_430_segment0	13944011	15655216	-0.027984	-0.009919	-0.007331	-0.009105
scaffold_430_segment0	14275351	15875317	-0.043208	-0.018699	-0.012990	-0.017038
scaffold_430_segment0	14526650	16032042	-0.034086	-0.015060	-0.010434	-0.013967
scaffold_430_segment0	14796726	16199858	-0.056526	-0.026636	-0.018379	-0.022744
scaffold_430_segment0	15126061	16518634	-0.071553	-0.033001	-0.022684	-0.029484
scaffold_430_segment0	15503190	16672109	-0.068891	-0.036540	-0.023925	-0.031729
scaffold_430_segment0	15655231	16838974	-0.072341	-0.036093	-0.024282	-0.033065
scaffold_430_segment0	15877058	17100494	-0.058363	-0.027082	-0.018925	-0.026870
scaffold_430_segment0	16032048	17345091	-0.046765	-0.019122	-0.013558	-0.019833
scaffold_430_segment0	16199862	17741575	-0.048294	-0.017505	-0.012535	-0.021775
scaffold_430_segment0	16518647	18010530	-0.055946	-0.021657	-0.015552	-0.025416
scaffold_430_segment0	16672111	18250498	-0.067457	-0.026812	-0.018991	-0.028003
scaffold_430_segment0	16840488	18677427	-0.070309	-0.026857	-0.018396	-0.031237
scaffold_430_segment0	17100500	18936548	-0.072486	-0.028718	-0.019227	-0.032271
scaffold_430_segment0	17346423	19114852	-0.077727	-0.033197	-0.021776	-0.035852
scaffold_430_segment0	17741576	19341566	-0.001897	-0.000933	-0.000595	-0.004559
scaffold_430_segment0	18010533	19648821	0.022068	0.009787	0.006207	0.007462
scaffold_430_segment0	18250591	19964155	0.032782	0.013708	0.008765	0.008830
scaffold_430_segment0	18677433	20534009	0.022044	0.008182	0.005614	0.004582
scaffold_430_segment0	18936549	20676394	0.028669	0.010901	0.007581	0.008582
scaffold_430_segment0	19114856	20991845	0.024975	0.008346	0.006079	0.008105
scaffold_430_segment0	19341573	21446197	0.005085	0.001512	0.001110	0.000798
scaffold_430_segment0	19650129	21783308	0.009365	0.002768	0.002049	-0.000343
scaffold_430_segment0	19964614	22001320	0.010995	0.003079	0.002330	0.002996
scaffold_430_segment0	20534040	22246194	0.014856	0.004472	0.003342	0.004193
scaffold_430_segment0	20676430	22289868	0.008824	0.002846	0.002107	0.001832
scaffold_430_segment0	20991846	22477107	-0.049298	-0.018254	-0.012974	-0.022246
scaffold_430_segment0	21446199	22694010	-0.006420	-0.002863	-0.001958	-0.004205
scaffold_430_segment0	21783437	22933070	0.055739	0.030779	0.020522	0.024753
scaffold_430_segment0	22001333	23276150	0.056042	0.031578	0.021239	0.023800
scaffold_430_segment0	22246199	23620916	0.063769	0.037229	0.024855	0.028385
scaffold_430_segment0	22290105	23821392	0.032899	0.018002	0.012044	0.013621
scaffold_430_segment0	22477112	24186416	0.095667	0.043164	0.030383	0.038671
scaffold_430_segment0	22694023	24464626	0.007494	0.002907	0.002170	0.003135
scaffold_430_segment0	22933071	24818270	-0.080883	-0.026382	-0.019329	-0.031629
scaffold_430_segment0	23276152	25010882	-0.052613	-0.018851	-0.013399	-0.021193
scaffold_430_segment0	23620923	25361140	-0.064506	-0.023750	-0.016350	-0.028679
scaffold_430_segment0	23821405	25562661	-0.033812	-0.011900	-0.008209	-0.015254
scaffold_430_segment0	24186430	25856517	-0.038059	-0.014341	-0.009823	-0.016184
scaffold_430_segment0	24465058	26391285	-0.038041	-0.011756	-0.008360	-0.018094
scaffold_430_segment0	24818277	26611879	-0.058207	-0.019358	-0.013920	-0.025658
scaffold_430_segment0	25011170	26877003	-0.083152	-0.026248	-0.019018	-0.035360
scaffold_430_segment0	25361147	27276703	-0.075338	-0.021502	-0.016096	-0.028944
scaffold_430_segment0	25563305	27611899	-0.075728	-0.019450	-0.014738	-0.028822
scaffold_430_segment0	25856893	27872916	-0.072558	-0.018860	-0.014083	-0.028326
scaffold_430_segment0	26391286	28090661	-0.074697	-0.023790	-0.017156	-0.028469
scaffold_430_segment0	26611889	28302199	-0.039794	-0.013209	-0.009504	-0.014772
scaffold_430_segment0	26877018	28545695	-0.082384	-0.029854	-0.020966	-0.033511
scaffold_430_segment0	27276778	28890415	-0.076225	-0.030812	-0.021036	-0.033766
scaffold_430_segment0	27611906	29247903	-0.082479	-0.035698	-0.024192	-0.036237
scaffold_430_segment0	27872919	29771992	-0.111013	-0.041581	-0.029105	-0.047126
scaffold_430_segment0	28090679	30085137	-0.118418	-0.042221	-0.029754	-0.050876
scaffold_430_segment0	28302204	30270755	-0.130994	-0.047331	-0.033047	-0.056902
scaffold_430_segment0	28545836	30676449	-0.098247	-0.032402	-0.022773	-0.038423
scaffold_430_segment0	28890457	30976371	-0.132595	-0.041619	-0.029725	-0.050958
scaffold_430_segment0	29247910	31249033	-0.125079	-0.040181	-0.028099	-0.048468
scaffold_430_segment0	29772053	31548108	-0.108824	-0.039603	-0.027221	-0.042834
scaffold_430_segment0	30086357	31847497	-0.109520	-0.041091	-0.028178	-0.044531
scaffold_430_segment0	30270760	32071666	-0.110556	-0.039667	-0.027775	-0.046842
scaffold_430_segment0	30678635	32231234	-0.101853	-0.037432	-0.026809	-0.041887
scaffold_430_segment0	30976389	32399152	-0.059061	-0.023454	-0.016435	-0.025563
scaffold_430_segment0	31249061	32586154	-0.045747	-0.020503	-0.014350	-0.018771
scaffold_430_segment0	31548171	32815459	-0.011083	-0.005315	-0.003610	-0.003830
scaffold_430_segment0	31847796	33140538	-0.017059	-0.007592	-0.005133	-0.004983
scaffold_430_segment0	32071667	33539189	-0.006691	-0.002714	-0.001857	-0.000444
scaffold_430_segment0	32236132	33647253	-0.009349	-0.004205	-0.002882	-0.000624
scaffold_430_segment0	32399161	33982500	-0.034750	-0.013873	-0.009787	-0.010462
scaffold_430_segment0	32586159	34274688	-0.050428	-0.017915	-0.012560	-0.018233
scaffold_430_segment0	32815469	34473522	-0.062515	-0.021405	-0.015187	-0.023849
scaffold_430_segment0	33140935	34924452	-0.077693	-0.025499	-0.018102	-0.032364
scaffold_430_segment0	33539190	35286739	-0.080749	-0.025539	-0.018165	-0.032991
scaffold_430_segment0	33647285	35728978	-0.089979	-0.023943	-0.017087	-0.039676
scaffold_430_segment0	33983289	35965541	-0.065117	-0.018694	-0.013318	-0.026197
scaffold_430_segment0	34274692	36299265	-0.073870	-0.021123	-0.015268	-0.027811
scaffold_430_segment0	34473537	36702560	-0.089001	-0.023411	-0.017365	-0.033391
scaffold_430_segment0	34924454	37148060	-0.104318	-0.027931	-0.020541	-0.039164
scaffold_430_segment0	35286761	37521184	-0.099929	-0.026685	-0.019994	-0.036267
scaffold_430_segment0	35730827	37991683	-0.100761	-0.025991	-0.019743	-0.035116
scaffold_430_segment0	35965542	38226603	-0.110491	-0.029075	-0.021790	-0.040907
scaffold_430_segment0	36299789	38460337	-0.096702	-0.026519	-0.020037	-0.035883
scaffold_430_segment0	36702937	38481543	-0.077714	-0.026439	-0.019492	-0.027622
scaffold_430_segment0	37148065	38744691	-0.015822	-0.005935	-0.004452	-0.004158
scaffold_430_segment0	37521198	39249130	-0.018006	-0.006320	-0.004631	-0.005861
scaffold_430_segment0	37991690	39840878	-0.018215	-0.006172	-0.004615	-0.006132
scaffold_430_segment0	38227380	40245008	-0.029619	-0.008475	-0.006583	-0.011287
scaffold_430_segment0	38460349	40643985	-0.023487	-0.005808	-0.004628	-0.009099
scaffold_430_segment0	38481551	40879950	-0.018222	-0.003975	-0.003166	-0.007405
scaffold_430_segment0	38744692	41151651	-0.020706	-0.004419	-0.003514	-0.006798
scaffold_430_segment0	39249554	41520410	-0.023365	-0.005310	-0.004298	-0.008542
scaffold_430_segment0	39842951	41742451	-0.018207	-0.004822	-0.003813	-0.005200
scaffold_430_segment0	40245009	41935520	-0.000894	-0.000275	-0.000213	0.003738
scaffold_430_segment0	40645091	42418485	-0.019050	-0.005952	-0.004393	-0.004286
scaffold_430_segment0	40879970	42605450	-0.040234	-0.013799	-0.010039	-0.013798
scaffold_430_segment0	41151652	42721726	-0.049794	-0.018745	-0.013675	-0.017848
scaffold_430_segment0	41520418	42978244	-0.011895	-0.004863	-0.003441	-0.005324
scaffold_430_segment0	41742452	43563557	-0.020870	-0.007191	-0.005144	-0.010642
scaffold_430_segment0	41937492	44040377	-0.024733	-0.007343	-0.005371	-0.014330
scaffold_430_segment0	42421615	44482447	-0.048266	-0.015124	-0.011040	-0.025066
scaffold_430_segment0	42605451	44983885	-0.049750	-0.013623	-0.010020	-0.026571
scaffold_430_segment0	42721727	45880996	-0.082155	-0.016825	-0.012807	-0.044035
scaffold_430_segment0	42978249	46482014	-0.124432	-0.022391	-0.017422	-0.059180
scaffold_430_segment0	43563561	46886293	-0.132256	-0.024684	-0.019491	-0.060851
scaffold_430_segment0	44040386	47255680	-0.139366	-0.027524	-0.021417	-0.061940
scaffold_430_segment0	44482456	47762342	-0.133436	-0.024274	-0.018964	-0.055082
scaffold_430_segment0	44984080	47954249	-0.115901	-0.023128	-0.018029	-0.044197
scaffold_430_segment0	45881038	48407693	-0.119719	-0.028880	-0.022024	-0.044851
scaffold_430_segment0	46482027	48892363	-0.123376	-0.030638	-0.023273	-0.045983
scaffold_430_segment0	46886302	49385203	-0.115842	-0.028046	-0.021195	-0.042738
scaffold_430_segment0	47255684	49682528	-0.109774	-0.026298	-0.020180	-0.040317
scaffold_430_segment0	47762431	49971836	-0.081572	-0.021727	-0.016898	-0.027693
scaffold_430_segment0	47954321	50375869	-0.088268	-0.021532	-0.016938	-0.033962
scaffold_430_segment0	48407701	50771756	-0.063100	-0.016098	-0.012618	-0.023981
scaffold_430_segment0	48892631	51143211	-0.047659	-0.014267	-0.010806	-0.019067
scaffold_430_segment0	49385373	51423330	-0.070071	-0.025414	-0.018400	-0.029749
scaffold_430_segment0	49683568	51573727	-0.076784	-0.031477	-0.021912	-0.032343
contig_14_segment0	9023	473230	-0.016175	-0.020848	-0.009229	-0.006967
contig_14_segment0	77466	567186	-0.012919	-0.015865	-0.007091	-0.005451
contig_14_segment0	147397	656710	-0.005522	-0.006671	-0.002973	-0.004179
contig_14_segment0	240412	755826	-0.014732	-0.018125	-0.008073	-0.008794
contig_14_segment0	314492	831918	-0.029499	-0.036149	-0.015844	-0.016681
contig_14_segment0	394001	903307	-0.021064	-0.025455	-0.011445	-0.012153
contig_14_segment0	473232	1017460	-0.013423	-0.015658	-0.007068	-0.007334
contig_14_segment0	567296	1156074	-0.004639	-0.005308	-0.002428	-0.002150
contig_14_segment0	657136	1250056	-0.017863	-0.020653	-0.009399	-0.008304
contig_14_segment0	755849	1351432	-0.031467	-0.037096	-0.016347	-0.014549
contig_14_segment0	831955	1473133	-0.024710	-0.028540	-0.012751	-0.011486
contig_14_segment0	904018	1573663	-0.022387	-0.026761	-0.011761	-0.011448
contig_14_segment0	1017513	1584117	-0.021585	-0.029907	-0.012991	-0.011602
contig_14_segment0	1156174	1598074	-0.028152	-0.044854	-0.019512	-0.013897
contig_14_segment0	1250064	1620068	-0.029655	-0.044262	-0.021059	-0.014202
contig_14_segment0	1351886	1633394	-0.004414	-0.007240	-0.003687	-0.001843
contig_14_segment0	1473136	1686038	-0.008997	-0.015553	-0.007912	-0.002188
contig_14_segment0	1573689	1742484	-0.027816	-0.047195	-0.023879	-0.008371
contig_14_segment0	1584133	1794140	-0.039753	-0.059964	-0.028946	-0.013027
contig_14_segment0	1598086	1837879	-0.025035	-0.034214	-0.016310	-0.006753
contig_14_segment0	1620085	1883776	-0.026309	-0.039150	-0.017097	-0.006386
contig_14_segment0	1633396	1931529	-0.017012	-0.023055	-0.010154	-0.003625
contig_14_segment0	1686050	1977693	-0.004001	-0.005309	-0.002378	0.003000
contig_14_segment0	1742485	2019634	0.013578	0.018463	0.008163	0.010340
contig_14_segment0	1794178	2077838	0.016787	0.021766	0.009966	0.010920
contig_14_segment0	1837925	2129011	0.018400	0.023725	0.010925	0.011480
contig_14_segment0	1883806	2193004	0.025506	0.030424	0.014584	0.014854
contig_14_segment0	1931558	2247329	0.014003	0.016685	0.008026	0.008594
contig_14_segment0	1977694	2310648	0.005287	0.006169	0.002999	0.003347
contig_14_segment0	2019640	2371439	0.001427	0.001615	0.000790	-0.000962
contig_14_segment0	2077890	2427121	0.005169	0.005944	0.002884	0.002771
contig_14_segment0	2129016	2497717	-0.008786	-0.010237	-0.004916	-0.002986
contig_14_segment0	2193144	2555968	-0.017058	-0.020866	-0.009728	-0.008213
contig_14_segment0	2247344	2632371	-0.002232	-0.002651	-0.001251	0.000506
contig_14_segment0	2310708	2692710	-0.002797	-0.003463	-0.001602	0.000580
contig_14_segment0	2371645	2764169	-0.017401	-0.022009	-0.009982	-0.005235
contig_14_segment0	2427245	2848626	-0.025592	-0.032043	-0.014302	-0.010787
contig_14_segment0	2497725	2920624	-0.030430	-0.036909	-0.016546	-0.013830
contig_14_segment0	2555994	2983400	-0.030079	-0.036542	-0.016317	-0.012199
contig_14_segment0	2632379	3049320	-0.042102	-0.053524	-0.023093	-0.018928
contig_14_segment0	2692750	3114487	-0.035448	-0.045527	-0.019184	-0.016929
contig_14_segment0	2764204	3173103	-0.028016	-0.037035	-0.015601	-0.013615
contig_14_segment0	2848847	3245083	-0.016900	-0.022313	-0.009481	-0.008112
contig_14_segment0	2920626	3317894	-0.006319	-0.008405	-0.003599	-0.004662
contig_14_segment0	2983439	3404614	-0.003009	-0.003943	-0.001692	-0.004106
contig_14_segment0	3049321	3467983	-0.010853	-0.014351	-0.006251	-0.006820
contig_14_segment0	3114493	3544271	-0.016026	-0.020480	-0.009150	-0.009090
contig_14_segment0	3173171	3617525	-0.001311	-0.001657	-0.000736	-0.001062
contig_14_segment0	3245127	3704220	-0.012107	-0.015076	-0.006845	-0.005518
contig_14_segment0	3317963	3783137	-0.031393	-0.039853	-0.017491	-0.012895
contig_14_segment0	3404688	3867162	-0.017988	-0.022514	-0.010145	-0.004393
contig_14_segment0	3467992	3992040	-0.011107	-0.013306	-0.005995	-0.002505
contig_14_segment0	3544469	4092177	-0.010633	-0.012837	-0.005770	-0.001732
contig_14_segment0	3617527	4186718	-0.012530	-0.014598	-0.006724	-0.002692
contig_14_segment0	3704235	4266944	0.009180	0.010701	0.004809	0.006630
contig_14_segment0	3783151	4335453	0.018738	0.021730	0.009795	0.009770
contig_14_segment0	3867308	4402970	0.003171	0.003719	0.001661	0.000931
contig_14_segment0	3992044	4475635	0.005026	0.005764	0.002614	0.002053
contig_14_segment0	4092192	4554266	0.006892	0.007796	0.003536	0.002700
contig_14_segment0	4186732	4632868	0.002066	0.002345	0.001053	0.001812
contig_14_segment0	4266998	4701750	-0.003429	-0.003861	-0.001755	-0.001596
contig_14_segment0	4335480	4773321	0.004785	0.005458	0.002523	0.003094
contig_14_segment0	4403075	4928938	0.026669	0.029283	0.013806	0.012709
contig_14_segment0	4475668	5276829	0.057174	0.062850	0.029740	0.027927
contig_14_segment0	4554316	5522555	0.074525	0.086429	0.041001	0.034364
contig_14_segment0	4632879	5532154	0.075649	0.102032	0.049457	0.032105
contig_4_segment0	19912	598944	-0.023322	-0.027461	-0.012715	-0.013846
contig_4_segment0	207676	660494	-0.003332	-0.004124	-0.001862	-0.003975
contig_4_segment0	333710	712581	-0.003637	-0.004675	-0.002121	-0.004191
contig_4_segment0	418430	778779	0.024088	0.029930	0.014497	0.009793
contig_4_segment0	482519	864390	0.021079	0.026152	0.012721	0.010089
contig_4_segment0	541179	937388	0.009056	0.011391	0.005562	0.006144
contig_4_segment0	599576	986972	-0.010007	-0.013130	-0.006178	-0.002306
contig_4_segment0	660566	1040849	-0.016988	-0.022420	-0.010408	-0.007454
contig_4_segment0	712598	1096615	-0.014759	-0.019212	-0.008877	-0.003842
contig_4_segment0	778807	1147702	-0.031734	-0.043421	-0.019385	-0.012553
contig_4_segment0	864562	1194839	-0.045454	-0.064175	-0.027582	-0.019522
contig_4_segment0	937413	1239545	-0.045391	-0.064526	-0.027201	-0.019102
contig_4_segment0	987014	1290933	-0.047164	-0.067167	-0.027917	-0.020292
contig_4_segment0	1042029	1339480	-0.043680	-0.061705	-0.025863	-0.017892
contig_4_segment0	1096706	1383167	-0.036830	-0.053298	-0.022272	-0.015800
contig_4_segment0	1147716	1429278	-0.024905	-0.035504	-0.015102	-0.011149
contig_4_segment0	1195161	1478766	-0.004436	-0.006162	-0.002656	-0.000944
contig_4_segment0	1239581	1524122	0.004401	0.006159	0.002662	0.004182
contig_4_segment0	1290936	1573680	0.012281	0.017204	0.007479	0.008569
contig_4_segment0	1339485	1640275	0.009947	0.014166	0.006160	0.006955
contig_4_segment0	1383197	1722891	0.007238	0.010220	0.004503	0.006273
contig_4_segment0	1429312	1791202	0.014877	0.020728	0.009172	0.008019
contig_4_segment0	1478865	1886711	0.009559	0.013568	0.005892	0.007353
contig_4_segment0	1524131	1955714	-0.013979	-0.019658	-0.008472	-0.004256
contig_4_segment0	1573720	2018121	-0.022041	-0.031036	-0.013327	-0.008746
contig_4_segment0	1640282	2070625	-0.017817	-0.025173	-0.010707	-0.005587
contig_4_segment0	1722930	2128643	-0.027522	-0.038843	-0.016064	-0.011000
contig_4_segment0	1791387	2191635	-0.035322	-0.050119	-0.020486	-0.012554
contig_4_segment0	1886730	2273351	-0.028094	-0.039205	-0.016193	-0.011041
contig_4_segment0	1955727	2338332	-0.008611	-0.011846	-0.005013	-0.001150
contig_4_segment0	2018160	2418187	-0.005853	-0.007560	-0.003315	-0.000256
contig_4_segment0	2070873	2485190	-0.008832	-0.011066	-0.004875	-0.002256
contig_4_segment0	2128651	2535100	0.019490	0.024358	0.011214	0.013341
contig_4_segment0	2191695	2649016	0.004735	0.005782	0.002697	0.005131
contig_4_segment0	2273428	2742708	0.002786	0.003459	0.001622	0.004219
contig_4_segment0	2338334	2910021	0.009249	0.010828	0.004990	0.004753
contig_4_segment0	2418209	2992295	0.009109	0.011069	0.005087	0.007038
contig_4_segment0	2485197	3078830	0.005495	0.006688	0.003053	0.004521
contig_4_segment0	2535103	3163821	-0.002065	-0.002481	-0.001115	-0.000409
contig_4_segment0	2649017	3270887	0.010339	0.012231	0.005556	0.007572
contig_4_segment0	2742783	3367578	0.026024	0.028730	0.013510	0.015353
contig_4_segment0	2910139	3430807	0.006584	0.007690	0.003607	0.006874
contig_4_segment0	2992523	3519423	0.010091	0.011416	0.005371	0.008068
contig_4_segment0	3078883	3613238	0.015965	0.017594	0.008485	0.011625
contig_4_segment0	3163847	3705960	0.007507	0.008391	0.003991	0.005859
contig_4_segment0	3270920	3791321	0.007432	0.008610	0.003955	0.005468
contig_4_segment0	3367649	3862167	-0.005286	-0.006471	-0.002873	0.000083
contig_4_segment0	3430848	3949940	0.008143	0.009959	0.004440	0.008876
contig_4_segment0	3519651	4036025	0.015620	0.019749	0.008653	0.010431
contig_4_segment0	3613249	4121038	0.002143	0.002811	0.001212	0.003728
contig_4_segment0	3705970	4193937	-0.008066	-0.010629	-0.004619	0.000733
contig_4_segment0	3791333	4295772	-0.008479	-0.010693	-0.004779	0.001176
contig_4_segment0	3862388	4388278	-0.003842	-0.004751	-0.002164	0.003833
contig_4_segment0	3949943	4507916	-0.013541	-0.016283	-0.007400	-0.003939
contig_4_segment0	4036093	4591611	-0.025195	-0.030997	-0.013946	-0.008572
contig_4_segment0	4121194	4603820	-0.014099	-0.019455	-0.008720	-0.002676
contig_4_segment0	4193942	4710365	-0.005655	-0.007567	-0.003455	-0.000370
contig_4_segment0	4296738	4776678	-0.000146	-0.000205	-0.000093	0.000792
contig_4_segment0	4388336	4866940	-0.012650	-0.018071	-0.008042	-0.006546
contig_4_segment0	4507922	4937107	-0.000808	-0.001168	-0.000524	-0.000528
contig_4_segment0	4591642	5054086	-0.007332	-0.009966	-0.004566	-0.003261
contig_4_segment0	4603867	5122859	-0.005247	-0.006554	-0.003014	-0.002785
contig_4_segment0	4710422	5219496	0.008716	0.010488	0.004855	0.004030
contig_4_segment0	4776679	5334062	-0.003000	-0.003521	-0.001592	-0.000946
contig_4_segment0	4866953	5441735	-0.022666	-0.026668	-0.012115	-0.009627
contig_4_segment0	4937237	5536360	-0.030491	-0.036141	-0.016154	-0.015671
contig_4_segment0	5054088	5668009	-0.017317	-0.020703	-0.009216	-0.009039
contig_4_segment0	5123075	5755497	-0.016555	-0.019085	-0.008462	-0.009253
contig_4_segment0	5219573	5840979	-0.023506	-0.028251	-0.012208	-0.012997
contig_4_segment0	5334918	5931021	-0.019875	-0.023565	-0.010561	-0.012012
contig_4_segment0	5441761	6028646	-0.006911	-0.008115	-0.003628	-0.006860
contig_4_segment0	5536376	6139724	-0.008369	-0.009623	-0.004392	-0.004728
contig_4_segment0	5668022	6231767	-0.006421	-0.007421	-0.003389	-0.004882
contig_4_segment0	5755673	6359776	-0.021524	-0.024322	-0.010945	-0.011285
contig_4_segment0	5840998	6473960	-0.022948	-0.024869	-0.011343	-0.010916
contig_4_segment0	5931029	6611386	-0.030835	-0.034039	-0.015144	-0.014281
contig_4_segment0	6028656	6744717	-0.034372	-0.035387	-0.016370	-0.015808
contig_4_segment0	6139734	6891782	-0.051789	-0.051956	-0.024325	-0.023928
contig_4_segment0	6231813	7028154	-0.047384	-0.046114	-0.021677	-0.020957
contig_4_segment0	6359807	7137008	-0.041343	-0.041210	-0.019330	-0.017101
contig_4_segment0	6474095	7248120	-0.051226	-0.053206	-0.024393	-0.022955
contig_4_segment0	6611389	7340640	-0.049647	-0.053381	-0.024289	-0.022405
contig_4_segment0	6744984	7504577	-0.034471	-0.037607	-0.016839	-0.014125
contig_4_segment0	6891859	7683606	-0.023192	-0.025076	-0.011209	-0.008922
contig_4_segment0	7028357	7815944	-0.018771	-0.020275	-0.009006	-0.006252
contig_4_segment0	7137454	7959385	-0.017789	-0.018534	-0.008206	-0.006513
contig_4_segment0	7248795	8110236	-0.020857	-0.021477	-0.009411	-0.007027
contig_4_segment0	7340796	8272479	-0.004726	-0.004497	-0.001965	0.000874
contig_4_segment0	7505068	8384221	0.005708	0.005667	0.002366	0.005584
contig_4_segment0	7683616	8499847	0.020749	0.020814	0.008468	0.011289
contig_4_segment0	7816044	8589638	0.008205	0.008552	0.003370	0.005684
contig_4_segment0	7959396	8705045	0.011936	0.012700	0.004926	0.005656
contig_4_segment0	8110325	8832448	0.023542	0.024268	0.009595	0.010717
contig_4_segment0	8272812	8947989	0.008957	0.009559	0.003810	0.002648
contig_4_segment0	8384239	9114451	0.008782	0.009076	0.003617	0.001206
contig_4_segment0	8499936	9346092	0.016337	0.015538	0.006384	0.005989
contig_4_segment0	8589670	9528976	0.017226	0.015009	0.006358	0.004421
contig_4_segment0	8705124	9774552	-0.000841	-0.000667	-0.000289	-0.001162
contig_4_segment0	8832510	10016900	-0.008175	-0.006173	-0.002686	-0.004721
contig_4_segment0	8948312	10263461	-0.020214	-0.014735	-0.006351	-0.010250
contig_4_segment0	9114886	10448422	-0.019560	-0.014672	-0.006228	-0.009765
contig_4_segment0	9346110	10593913	-0.033904	-0.027307	-0.011325	-0.015910
contig_4_segment0	9528979	10865092	-0.032955	-0.026775	-0.010807	-0.014756
contig_4_segment0	9774599	11057342	-0.015983	-0.013248	-0.005461	-0.006616
contig_4_segment0	10017011	11227231	0.000350	0.000292	0.000124	0.000987
contig_4_segment0	10263477	11391096	0.035653	0.030245	0.013014	0.017081
contig_4_segment0	10448447	11546903	0.029735	0.024706	0.010909	0.014477
contig_4_segment0	10594889	11679729	0.043023	0.035663	0.016095	0.019994
contig_4_segment0	10865274	11831674	0.024487	0.021070	0.009967	0.010450
contig_4_segment0	11057704	12032260	0.006079	0.005550	0.002582	0.001617
contig_4_segment0	11227352	12342346	-0.022347	-0.019685	-0.009090	-0.010252
contig_4_segment0	11392049	12498652	-0.043478	-0.039090	-0.018169	-0.018772
contig_4_segment0	11546943	12749414	-0.045734	-0.037024	-0.018116	-0.019045
contig_4_segment0	11679822	12978880	-0.072664	-0.056353	-0.027759	-0.031257
contig_4_segment0	11831681	13224317	-0.070284	-0.051917	-0.025704	-0.029568
contig_4_segment0	12032407	13430569	-0.072494	-0.053045	-0.026385	-0.030130
contig_4_segment0	12342408	13613448	-0.060953	-0.047029	-0.023515	-0.025901
contig_4_segment0	12498707	13753680	-0.067409	-0.051397	-0.026035	-0.028982
contig_4_segment0	12749439	13894982	-0.069522	-0.056973	-0.028797	-0.030540
contig_4_segment0	12978887	14028453	-0.056206	-0.048047	-0.024215	-0.024884
contig_4_segment0	13224459	14239418	-0.054205	-0.047455	-0.023408	-0.023233
contig_4_segment0	13430585	14465027	-0.039760	-0.033312	-0.016840	-0.017037
contig_4_segment0	13613453	14667648	-0.044403	-0.035472	-0.018192	-0.018997
contig_4_segment0	13753703	14877990	-0.026264	-0.019662	-0.010360	-0.012109
contig_4_segment0	13895223	15113144	-0.076644	-0.056825	-0.029239	-0.035218
contig_4_segment0	14030662	15330890	-0.079782	-0.056831	-0.029757	-0.036168
contig_4_segment0	14240077	15577949	-0.086243	-0.060572	-0.032708	-0.041204
contig_4_segment0	14465225	15881749	-0.085512	-0.059843	-0.032065	-0.041447
contig_4_segment0	14667655	16167638	-0.092941	-0.063862	-0.034180	-0.043592
contig_4_segment0	14878057	16466208	-0.098057	-0.062403	-0.034024	-0.045674
contig_4_segment0	15113419	16698618	-0.047468	-0.028691	-0.016164	-0.022550
contig_4_segment0	15331009	17029676	-0.057156	-0.032674	-0.018368	-0.028648
contig_4_segment0	15578446	17464554	-0.064647	-0.032135	-0.018960	-0.031326
contig_4_segment0	15881949	17686777	-0.108474	-0.055166	-0.032365	-0.050687
contig_4_segment0	16167657	17874425	-0.117010	-0.058373	-0.034750	-0.057323
contig_4_segment0	16466392	18098923	-0.142208	-0.073866	-0.044264	-0.069882
contig_4_segment0	16698769	18382039	-0.142131	-0.073702	-0.043975	-0.068209
contig_4_segment0	17030058	18640657	-0.150192	-0.077681	-0.047485	-0.068902
contig_4_segment0	17464742	18961172	-0.131522	-0.068548	-0.041683	-0.059766
contig_4_segment0	17687123	19186881	-0.098010	-0.048240	-0.030406	-0.043523
contig_4_segment0	17874501	19486843	-0.100141	-0.047502	-0.029870	-0.044704
contig_4_segment0	18098994	19686446	-0.065070	-0.033236	-0.020108	-0.027872
contig_4_segment0	18382077	19770202	-0.053680	-0.030305	-0.018230	-0.023243
contig_4_segment0	18640902	20111998	-0.104465	-0.054754	-0.033770	-0.048290
contig_4_segment0	18961184	20548433	-0.094269	-0.049753	-0.030751	-0.044200
contig_4_segment0	19186882	20905358	-0.112856	-0.058027	-0.035723	-0.054805
contig_4_segment0	19486848	21061139	-0.102591	-0.058099	-0.035569	-0.048803
contig_4_segment0	19686615	21319096	-0.141739	-0.068099	-0.044544	-0.064988
contig_4_segment0	19770212	21513501	-0.155513	-0.069566	-0.046213	-0.071478
contig_4_segment0	20112047	21802843	-0.093220	-0.043273	-0.028692	-0.042539
contig_4_segment0	20548462	22312831	-0.100502	-0.044379	-0.029997	-0.045707
contig_4_segment0	20905360	22827661	-0.056548	-0.022811	-0.015734	-0.025632
contig_4_segment0	21061143	23222453	-0.052447	-0.018787	-0.013114	-0.024226
contig_4_segment0	21319103	23551230	-0.031890	-0.011550	-0.008014	-0.016277
contig_4_segment0	21513504	24268103	-0.049320	-0.014476	-0.010320	-0.025009
contig_4_segment0	21804699	24817956	-0.051078	-0.013473	-0.009668	-0.025630
contig_4_segment0	22313141	25177336	-0.059185	-0.015018	-0.010914	-0.028368
contig_4_segment0	22827667	25645704	-0.096202	-0.022256	-0.016429	-0.044174
contig_4_segment0	23222456	26298225	-0.122323	-0.024876	-0.018918	-0.053634
contig_4_segment0	23551241	26733485	-0.220515	-0.047373	-0.034987	-0.100932
contig_4_segment0	24269069	26805366	-0.176117	-0.049391	-0.036008	-0.078611
contig_4_segment0	24818719	27126837	-0.144722	-0.045321	-0.031816	-0.064181
contig_4_segment0	25177639	27551902	-0.175996	-0.062365	-0.041619	-0.081901
contig_4_segment0	25645714	27922088	-0.170679	-0.062471	-0.041748	-0.078987
contig_4_segment0	26298283	28122360	-0.142938	-0.063547	-0.040326	-0.064213
contig_4_segment0	26733837	28309929	-0.055523	-0.025981	-0.017073	-0.022425
contig_4_segment0	26805372	28729281	-0.066794	-0.023936	-0.016185	-0.027086
contig_4_segment0	27126996	28981871	-0.092536	-0.033000	-0.023381	-0.036629
contig_4_segment0	27551909	29264862	-0.037405	-0.012101	-0.008980	-0.014153
contig_4_segment0	27922093	29882144	-0.040260	-0.012324	-0.009039	-0.014101
contig_4_segment0	28122362	30549110	-0.054838	-0.013289	-0.009950	-0.021467
contig_4_segment0	28311467	31125366	-0.073120	-0.015025	-0.011422	-0.030557
contig_4_segment0	28731512	31596879	-0.096842	-0.019252	-0.014859	-0.042732
contig_4_segment0	28981880	31990507	-0.125601	-0.024741	-0.018855	-0.054794
contig_4_segment0	29265281	31997112	-0.119802	-0.027196	-0.020609	-0.051727
contig_4_segment0	29882147	32070166	-0.086594	-0.024107	-0.018194	-0.027968
contig_4_segment0	30549114	32580654	-0.088782	-0.027844	-0.020718	-0.027341
contig_4_segment0	31125396	32998693	-0.077566	-0.026294	-0.018831	-0.020585
contig_4_segment0	31596885	33612224	-0.069053	-0.024420	-0.017000	-0.017047
contig_4_segment0	31990514	34215889	-0.057239	-0.016576	-0.011996	-0.012676
contig_4_segment0	31997126	34636289	-0.115525	-0.028670	-0.020777	-0.036664
contig_4_segment0	32070194	35088594	-0.101194	-0.023390	-0.016803	-0.041019
contig_4_segment0	32580671	35623718	-0.098111	-0.022153	-0.015699	-0.040911
contig_4_segment0	33005400	36036797	-0.091272	-0.021388	-0.015150	-0.038913
contig_4_segment0	33612226	36426141	-0.081248	-0.020519	-0.014390	-0.033050
contig_4_segment0	34216100	36713439	-0.075134	-0.024152	-0.016297	-0.033114
contig_4_segment0	34636311	37083558	-0.038151	-0.014038	-0.009079	-0.016837
contig_4_segment0	35088603	37393403	-0.029422	-0.012068	-0.007686	-0.013634
contig_4_segment0	35626538	37929858	-0.036497	-0.014694	-0.009711	-0.016549
contig_4_segment0	36037161	38425471	-0.045197	-0.016551	-0.011041	-0.021530
contig_4_segment0	36426557	38971267	-0.039487	-0.013714	-0.009231	-0.019649
contig_4_segment0	36714762	39633711	-0.033272	-0.009249	-0.006553	-0.015146
contig_4_segment0	37083564	40330201	-0.052586	-0.010865	-0.008101	-0.025622
contig_4_segment0	37393687	40717333	-0.104842	-0.019553	-0.014989	-0.047078
contig_4_segment0	37929861	41221177	-0.098819	-0.018677	-0.014364	-0.044055
contig_4_segment0	38425506	41394569	-0.102729	-0.022292	-0.016966	-0.049824
contig_4_segment0	38974018	41635106	-0.098397	-0.022641	-0.017336	-0.050141
contig_4_segment0	39633889	42087643	-0.106745	-0.026694	-0.019506	-0.055684
contig_4_segment0	40330369	42390663	-0.097353	-0.031196	-0.021858	-0.051859
contig_4_segment0	40718521	42714912	-0.090939	-0.028191	-0.019462	-0.050190
contig_4_segment0	41221181	43118479	-0.101373	-0.034199	-0.023028	-0.054718
contig_4_segment0	41394803	43543971	-0.093466	-0.028409	-0.019854	-0.046897
contig_4_segment0	41635203	43944965	-0.116393	-0.032498	-0.022825	-0.056160
contig_4_segment0	42088381	44426613	-0.129341	-0.038172	-0.027021	-0.059958
contig_4_segment0	42390672	44789842	-0.061290	-0.020129	-0.014270	-0.028188
contig_4_segment0	42715176	45111951	-0.096318	-0.038513	-0.026315	-0.043631
contig_4_segment0	43118783	45371784	-0.079815	-0.035196	-0.023725	-0.034088
contig_4_segment0	43543977	45749524	-0.116766	-0.060075	-0.038060	-0.054756
contig_4_segment0	43944970	46540437	-0.120031	-0.053847	-0.035740	-0.055103
contig_4_segment0	44426618	47250465	-0.118384	-0.043663	-0.030405	-0.055182
contig_4_segment0	44790154	47792777	-0.152817	-0.047196	-0.032838	-0.069535
contig_4_segment0	45113516	48373048	-0.121095	-0.029931	-0.021258	-0.055056
contig_4_segment0	45372323	48938673	-0.127778	-0.025595	-0.018789	-0.060353
contig_4_segment0	45751107	49419363	-0.091239	-0.015941	-0.011944	-0.039192
contig_4_segment0	46542465	49877884	-0.057533	-0.010745	-0.007962	-0.022795
contig_4_segment0	47250625	50266904	-0.013060	-0.002919	-0.002131	-0.004726
contig_4_segment0	47792993	50849623	-0.050959	-0.011248	-0.008247	-0.021470
contig_4_segment0	48373800	51424250	-0.050714	-0.011683	-0.008611	-0.020671
contig_4_segment0	48938674	51785315	-0.021192	-0.005927	-0.004174	-0.007334
contig_4_segment0	49419373	52510445	-0.025405	-0.006540	-0.004717	-0.008966
contig_4_segment0	49877915	53391114	-0.046212	-0.011099	-0.008110	-0.020517
contig_4_segment0	50267029	53900071	-0.070959	-0.015758	-0.011402	-0.030445
contig_4_segment0	50850435	54523074	-0.042041	-0.008928	-0.006632	-0.017066
contig_4_segment0	51424259	54771200	-0.038235	-0.008853	-0.006658	-0.016013
scaffold_13_segment0	6002	595374	-0.008678	-0.013984	-0.005731	-0.002993
scaffold_13_segment0	16022	731129	-0.015783	-0.020988	-0.008832	-0.006143
scaffold_13_segment0	86327	969544	0.009822	0.010718	0.004630	0.006000
scaffold_13_segment0	186549	1162464	0.006290	0.006384	0.002645	0.005416
scaffold_13_segment0	296616	1265439	0.017881	0.018327	0.007773	0.009674
scaffold_13_segment0	455438	1595354	0.021015	0.019241	0.008827	0.011503
