chr	windowStart	windowEnd	D	f_d	f_dM	d_f
contig_1888_segment0	60935	924154	-0.009826	-0.015496	-0.008843	-0.006132
contig_1888_segment0	263271	1048516	0.009634	0.015747	0.008672	-0.000745
contig_1888_segment0	350109	1123086	0.004365	0.006540	0.003737	-0.001451
contig_1888_segment0	507503	1311608	0.047601	0.061540	0.035932	0.015687
contig_1888_segment0	741270	1541638	0.092261	0.108458	0.061245	0.038274
contig_1888_segment0	874026	1889340	0.118468	0.129173	0.072379	0.054574
contig_1888_segment0	924156	2061314	0.108414	0.114959	0.062539	0.052009
contig_1888_segment0	1048520	2325418	0.061819	0.061850	0.034055	0.031268
contig_1888_segment0	1124160	2488747	0.053203	0.053879	0.028796	0.028745
contig_1888_segment0	1311711	2675161	0.021494	0.022667	0.011589	0.011653
contig_1888_segment0	1541641	2803959	0.007913	0.008731	0.004488	0.003276
contig_1888_segment0	1889354	2900519	0.001673	0.001931	0.000970	0.001531
contig_1888_segment0	2061334	2992449	0.003735	0.004224	0.002151	0.004689
contig_1888_segment0	2326111	3087995	0.045863	0.053928	0.027204	0.030143
contig_1888_segment0	2488892	3168053	0.047195	0.056290	0.028271	0.030014
contig_1888_segment0	2675162	3234910	0.067956	0.081551	0.041700	0.043371
contig_1888_segment0	2804009	3386442	0.058705	0.070499	0.034958	0.037088
contig_1888_segment0	2900790	3540140	0.049821	0.057979	0.029422	0.032502
contig_1888_segment0	2992451	3731451	0.071725	0.078385	0.041158	0.045052
contig_1888_segment0	3088094	3865980	0.068806	0.074352	0.038629	0.043857
contig_1888_segment0	3168143	3978374	0.130635	0.138841	0.073753	0.085200
contig_1888_segment0	3235099	4112968	0.124727	0.131939	0.068245	0.080657
contig_1888_segment0	3386483	4184311	0.115549	0.125988	0.065629	0.074988
contig_1888_segment0	3540350	4266362	0.107106	0.122436	0.062059	0.064783
contig_1888_segment0	3731457	4370495	0.086150	0.106278	0.051310	0.051997
contig_1888_segment0	3866078	4472405	0.090306	0.109228	0.054294	0.054687
contig_1888_segment0	3978408	4613176	0.032793	0.037787	0.018486	0.019387
contig_1888_segment0	4113091	4744061	0.018328	0.020420	0.010321	0.010599
contig_1888_segment0	4184313	4833060	0.023145	0.024640	0.012586	0.013500
contig_1888_segment0	4266634	4916491	0.034724	0.036483	0.018547	0.020956
contig_1888_segment0	4370497	5010159	0.063316	0.064407	0.033806	0.036220
contig_1888_segment0	4472406	5107909	0.045902	0.047561	0.024520	0.025790
contig_1888_segment0	4613364	5208649	0.050384	0.054343	0.027485	0.028010
contig_1888_segment0	4744490	5316404	0.061471	0.065867	0.033761	0.037662
contig_1888_segment0	4833061	5405612	0.057525	0.063159	0.032342	0.034269
contig_1888_segment0	4916492	5492412	0.021217	0.023570	0.012235	0.012249
contig_1888_segment0	5010237	5560216	0.011619	0.013322	0.006735	0.007713
contig_1888_segment0	5107913	5647426	0.034618	0.039235	0.020042	0.022770
contig_1888_segment0	5208984	5744271	0.028331	0.032178	0.016641	0.018455
contig_1888_segment0	5316558	5870421	0.022505	0.025773	0.013206	0.012082
contig_1888_segment0	5405709	6020519	-0.011345	-0.012912	-0.006468	-0.010169
contig_1888_segment0	5492459	6135785	0.038357	0.041704	0.020917	0.021472
contig_1888_segment0	5560329	6222901	0.027110	0.029105	0.014757	0.013189
contig_1888_segment0	5647590	6313849	0.004711	0.005242	0.002590	-0.002631
contig_1888_segment0	5744282	6427101	0.008738	0.009683	0.004826	0.000664
contig_1888_segment0	5870804	6544718	0.004186	0.004678	0.002298	-0.001246
contig_1888_segment0	6020694	6687246	0.049671	0.055020	0.027149	0.026377
contig_1888_segment0	6136067	6806811	0.041715	0.047663	0.023755	0.022057
contig_1888_segment0	6223453	6919456	0.051735	0.059001	0.029336	0.028708
contig_1888_segment0	6313917	7014069	0.046904	0.053282	0.026180	0.025670
contig_1888_segment0	6427128	7110393	0.050057	0.057972	0.027201	0.028473
contig_1888_segment0	6544772	7181503	0.071023	0.084678	0.039573	0.041204
contig_1888_segment0	6687413	7248915	0.082359	0.099597	0.047809	0.049291
contig_1888_segment0	6806987	7319343	0.063616	0.077877	0.036450	0.037186
contig_1888_segment0	6919482	7387921	0.054469	0.069481	0.031676	0.032998
contig_1888_segment0	7014096	7453417	0.071471	0.090473	0.042234	0.044784
contig_1888_segment0	7110399	7521466	0.088775	0.110352	0.053694	0.055527
contig_1888_segment0	7181554	7578925	0.060804	0.079294	0.036465	0.037931
contig_1888_segment0	7248979	7636025	0.051203	0.068257	0.030500	0.032525
contig_1888_segment0	7319351	7699232	0.063348	0.084249	0.037934	0.040669
contig_1888_segment0	7387924	7758120	0.055902	0.075423	0.033418	0.034673
contig_1888_segment0	7453440	7816706	0.069930	0.093292	0.041623	0.043004
contig_1888_segment0	7521811	7883159	0.055580	0.075319	0.033100	0.034367
contig_1888_segment0	7579005	7953501	0.067134	0.086937	0.039374	0.039524
contig_1888_segment0	7636114	8030018	0.057994	0.073383	0.033483	0.034577
contig_1888_segment0	7699304	8100900	0.047342	0.060275	0.027487	0.025733
contig_1888_segment0	7758148	8168458	0.050086	0.062949	0.029013	0.027286
contig_1888_segment0	7816798	8238617	0.032544	0.041336	0.018875	0.017752
contig_1888_segment0	7883207	8302967	0.025466	0.032195	0.014701	0.013132
contig_1888_segment0	7953506	8372552	0.031126	0.039319	0.018183	0.017183
contig_1888_segment0	8030096	8453408	0.044619	0.056262	0.026384	0.024689
contig_1888_segment0	8101359	8543123	0.050156	0.062132	0.029175	0.029740
contig_1888_segment0	8168460	8620881	0.056666	0.069620	0.033446	0.034358
contig_1888_segment0	8238623	8700433	0.068497	0.084716	0.040538	0.040702
contig_1888_segment0	8303082	8780413	0.088951	0.109670	0.052888	0.054129
contig_1888_segment0	8372640	8899018	0.115048	0.141465	0.068788	0.072458
contig_1888_segment0	8453449	9016743	0.116632	0.143230	0.069313	0.073362
contig_1888_segment0	8543134	9115827	0.128579	0.158351	0.076991	0.081174
contig_1888_segment0	8620882	9267974	0.123510	0.145675	0.071021	0.079696
contig_1888_segment0	8700632	9438428	0.117141	0.132219	0.064915	0.075453
contig_1888_segment0	8780594	9610986	0.116866	0.126802	0.062382	0.076241
contig_1888_segment0	8899394	9754882	0.091081	0.099631	0.049487	0.059705
contig_1888_segment0	9016932	9854705	0.095030	0.104599	0.050837	0.061465
contig_1888_segment0	9115831	9949722	0.086026	0.092680	0.045241	0.056120
contig_1888_segment0	9268006	10045897	0.097904	0.107366	0.052150	0.061760
contig_1888_segment0	9438560	10161293	0.099411	0.111781	0.054754	0.062609
contig_1888_segment0	9611179	10319290	0.094862	0.109180	0.053760	0.059897
contig_1888_segment0	9754898	10477937	0.093551	0.106438	0.051314	0.057973
contig_1888_segment0	9854861	10581833	0.065514	0.073478	0.035917	0.042937
contig_1888_segment0	9949752	10665948	0.065724	0.076167	0.036612	0.041646
contig_1888_segment0	10046108	10749026	0.042605	0.049058	0.023753	0.026935
contig_1888_segment0	10162600	10832107	0.027470	0.031893	0.015099	0.015810
contig_1888_segment0	10319439	10914053	0.015948	0.018675	0.008831	0.008251
contig_1888_segment0	10477938	11037619	-0.002297	-0.002636	-0.001275	-0.002533
contig_1888_segment0	10581940	11499539	-0.005190	-0.005322	-0.002679	-0.005588
contig_1888_segment0	10665955	11615018	-0.007537	-0.008178	-0.004161	-0.007320
contig_235_segment0	5614	93047	0.006652	0.029264	0.013801	0.001713
contig_235_segment0	13636	115951	0.007937	0.032807	0.015493	0.002753
contig_235_segment0	41542	132271	0.004430	0.018338	0.008875	0.001419
contig_235_segment0	57115	144575	-0.001897	-0.008649	-0.003942	0.000084
scaffold_335_segment0	80168	171641	-0.018529	-0.064313	-0.031389	-0.007914
scaffold_335_segment0	93060	306225	-0.016060	-0.045686	-0.024256	-0.006507
scaffold_335_segment0	115952	480503	-0.015359	-0.033343	-0.019228	-0.005260
scaffold_335_segment0	132286	951500	-0.002010	-0.002312	-0.001381	-0.001542
scaffold_335_segment0	144576	1189719	-0.019605	-0.017418	-0.010307	-0.011481
scaffold_335_segment0	2460	1280222	-0.001050	-0.000827	-0.000497	-0.002832
scaffold_335_segment0	171648	1287493	0.001788	0.001535	0.000908	-0.000500
scaffold_335_segment0	306231	1351997	-0.000194	-0.000171	-0.000100	-0.000967
scaffold_335_segment0	481023	1536058	0.005589	0.004751	0.002742	0.000976
scaffold_335_segment0	951506	1768959	0.004684	0.004738	0.002650	0.001332
scaffold_335_segment0	1189725	1962611	0.026166	0.028444	0.015352	0.013135
scaffold_335_segment0	1280223	2153024	0.023170	0.024619	0.013154	0.011622
scaffold_335_segment0	1287498	2316754	0.024202	0.023532	0.012342	0.012307
scaffold_335_segment0	1352255	2451590	0.040438	0.037551	0.019258	0.023171
scaffold_335_segment0	1536081	2545301	0.036152	0.035062	0.017479	0.020855
scaffold_335_segment0	1769055	2647101	0.013519	0.014272	0.006784	0.007419
scaffold_335_segment0	1962857	2755522	0.037517	0.040000	0.019369	0.022330
scaffold_335_segment0	2153041	2834959	0.039336	0.044923	0.021633	0.023610
scaffold_335_segment0	2316994	2939385	0.051265	0.058855	0.028902	0.030484
scaffold_335_segment0	2451740	3090308	0.053210	0.062176	0.031082	0.030258
scaffold_335_segment0	2545616	3261508	0.074468	0.082735	0.043293	0.043450
scaffold_335_segment0	2647110	3408803	0.089668	0.091300	0.049864	0.053440
scaffold_335_segment0	2755841	3513824	0.071023	0.073756	0.039554	0.042959
scaffold_335_segment0	2835104	3606352	0.033905	0.034541	0.018060	0.021375
scaffold_335_segment0	2939387	3708706	-0.001466	-0.001553	-0.000788	0.000129
scaffold_335_segment0	3090910	3823251	-0.046943	-0.048671	-0.024834	-0.030396
scaffold_335_segment0	3262003	3941093	-0.076607	-0.082300	-0.041360	-0.048389
scaffold_335_segment0	3409002	4047662	-0.067370	-0.074434	-0.037064	-0.042832
scaffold_335_segment0	3513867	4160332	-0.073352	-0.081413	-0.041520	-0.047260
scaffold_335_segment0	3606360	4238511	-0.033568	-0.037032	-0.019413	-0.024437
scaffold_335_segment0	3708723	4444442	-0.052812	-0.055472	-0.029570	-0.036741
scaffold_335_segment0	3823311	4619749	-0.035466	-0.036952	-0.019326	-0.024760
scaffold_335_segment0	3941202	4756744	-0.008104	-0.008176	-0.004288	-0.008230
scaffold_335_segment0	4047790	4856371	0.010852	0.011021	0.005698	0.005290
scaffold_335_segment0	4161382	4953339	0.007871	0.007971	0.004105	0.003724
scaffold_335_segment0	4238827	5056558	0.016509	0.016662	0.008518	0.011680
scaffold_335_segment0	4444456	5143037	0.064945	0.064877	0.033432	0.042600
scaffold_335_segment0	4619793	5198475	0.078555	0.083147	0.043631	0.049443
scaffold_335_segment0	4756778	5225006	0.066431	0.077078	0.039949	0.039813
scaffold_335_segment0	4856444	5384930	0.046911	0.051927	0.027573	0.028057
scaffold_335_segment0	4953754	5521916	0.070105	0.074833	0.040387	0.041525
scaffold_335_segment0	5056560	5642859	0.043073	0.041336	0.023136	0.024870
scaffold_335_segment0	5143044	5740514	0.040163	0.037184	0.021503	0.021289
scaffold_335_segment0	5198513	5875497	0.033538	0.029664	0.017075	0.021016
scaffold_335_segment0	5225007	5981974	0.028270	0.023324	0.013365	0.017629
scaffold_335_segment0	5384955	6072911	0.044189	0.037220	0.020636	0.027423
scaffold_335_segment0	5521920	6145837	0.025836	0.022414	0.012236	0.015246
scaffold_335_segment0	5642865	6232271	0.018436	0.017842	0.009194	0.008532
scaffold_335_segment0	5740533	6317639	0.015281	0.015506	0.007763	0.007632
scaffold_335_segment0	5875523	6398130	0.031843	0.033549	0.016254	0.014332
scaffold_335_segment0	5982027	6471687	0.053913	0.061638	0.029476	0.027333
scaffold_335_segment0	6072916	6556535	0.020988	0.023995	0.011791	0.008845
scaffold_335_segment0	6145841	6627939	0.029503	0.033496	0.016345	0.014707
scaffold_335_segment0	6232639	6659188	0.030683	0.036302	0.017934	0.018164
scaffold_335_segment0	6317640	6691540	0.025081	0.031248	0.015158	0.015179
scaffold_335_segment0	6398248	6720883	0.028210	0.037415	0.018376	0.015906
scaffold_335_segment0	6471690	6837751	0.038003	0.047424	0.023328	0.021164
scaffold_335_segment0	6556537	6939535	0.057329	0.074933	0.035503	0.030965
scaffold_335_segment0	6627942	7063506	0.042856	0.055896	0.026397	0.024030
scaffold_335_segment0	6659993	7159356	0.043858	0.054654	0.025626	0.022905
scaffold_335_segment0	6691544	7248538	0.043360	0.053148	0.024990	0.023198
scaffold_335_segment0	6721382	7345349	0.040602	0.045803	0.021806	0.022633
scaffold_335_segment0	6837842	7467717	0.012988	0.014859	0.007132	0.005625
scaffold_335_segment0	6939536	7680908	0.009020	0.009589	0.004845	0.003035
scaffold_335_segment0	7063568	7831914	-0.010618	-0.010777	-0.005668	-0.010660
scaffold_335_segment0	7159610	7987627	0.006991	0.006672	0.003621	0.002548
scaffold_335_segment0	7248540	8155260	-0.002232	-0.002046	-0.001120	-0.004211
scaffold_335_segment0	7345376	8347472	-0.024113	-0.022196	-0.011997	-0.018059
scaffold_335_segment0	7467949	8529604	0.002989	0.002741	0.001477	-0.003469
scaffold_335_segment0	7680936	8659644	0.011589	0.011074	0.005703	0.003318
scaffold_335_segment0	7831924	8814138	0.027613	0.025849	0.013226	0.015878
scaffold_335_segment0	7987721	8993980	0.010826	0.010270	0.005167	0.003151
scaffold_335_segment0	8155408	9157678	0.026505	0.025024	0.012543	0.012710
scaffold_335_segment0	8347481	9285168	0.015870	0.015329	0.007460	0.007436
scaffold_335_segment0	8529666	9480554	0.011148	0.010235	0.005138	0.006862
scaffold_335_segment0	8659683	9692535	0.017222	0.015367	0.007952	0.008072
scaffold_335_segment0	8814141	9882428	0.001196	0.001144	0.000582	-0.001356
scaffold_335_segment0	8993994	10082093	0.022032	0.021344	0.010835	0.012886
scaffold_335_segment0	9157722	10270629	0.028729	0.028001	0.014300	0.019162
scaffold_335_segment0	9286232	10426762	0.037690	0.034672	0.018822	0.024608
scaffold_335_segment0	9480897	10660938	0.027465	0.025019	0.013264	0.016281
scaffold_335_segment0	9692639	10869635	0.003968	0.003552	0.001859	0.002876
scaffold_335_segment0	9882610	11024854	0.040949	0.035410	0.018458	0.022396
scaffold_335_segment0	10082192	11177753	0.047577	0.041209	0.021954	0.024965
scaffold_335_segment0	10270898	11412262	0.027936	0.022677	0.012187	0.012412
scaffold_335_segment0	10426937	11586480	0.036617	0.029048	0.015656	0.017872
scaffold_335_segment0	10660954	11728597	0.030215	0.024821	0.013543	0.015700
scaffold_335_segment0	10869735	11905960	0.016669	0.013900	0.007734	0.008363
scaffold_335_segment0	11024989	12119094	0.059061	0.045308	0.025243	0.035796
scaffold_335_segment0	11177763	12299776	0.030009	0.022682	0.012668	0.017526
scaffold_335_segment0	11412548	12416529	0.025687	0.020595	0.011440	0.016033
scaffold_335_segment0	11586487	12525693	-0.009044	-0.007840	-0.004290	-0.006790
scaffold_335_segment0	11728610	12731526	0.021308	0.018193	0.010003	0.012866
scaffold_335_segment0	11906329	12936830	0.039043	0.033098	0.018066	0.024000
scaffold_335_segment0	12119506	13194060	0.020299	0.017675	0.009915	0.011899
scaffold_335_segment0	12299788	13392128	0.027212	0.023690	0.013208	0.016856
scaffold_335_segment0	12416538	13653135	0.022109	0.018253	0.010385	0.013698
scaffold_335_segment0	12526189	13948718	0.050282	0.037221	0.021595	0.032853
scaffold_335_segment0	12732158	14200421	0.009957	0.007348	0.004242	0.003491
scaffold_335_segment0	12937135	14473964	0.027315	0.019887	0.011962	0.017205
scaffold_335_segment0	13194085	14809647	0.022851	0.016271	0.009827	0.014438
scaffold_335_segment0	13392157	15183919	-0.014659	-0.010491	-0.006234	-0.011891
scaffold_335_segment0	13653479	15513664	-0.013384	-0.008912	-0.005264	-0.010743
scaffold_335_segment0	13948728	15828948	0.010708	0.007491	0.004322	0.006395
scaffold_335_segment0	14200439	16083350	0.030521	0.021270	0.012188	0.019705
scaffold_335_segment0	14474643	16417849	0.023844	0.016799	0.009245	0.013256
scaffold_335_segment0	14809661	16647341	-0.028190	-0.019391	-0.010759	-0.020391
scaffold_335_segment0	15183943	16840240	0.006049	0.004148	0.002317	0.000887
scaffold_335_segment0	15513798	16949211	0.005410	0.004342	0.002349	0.000628
scaffold_335_segment0	15830222	17097569	-0.026418	-0.022023	-0.012073	-0.017322
scaffold_335_segment0	16083362	17234210	-0.049642	-0.044030	-0.023456	-0.031899
scaffold_335_segment0	16420059	17444484	-0.079723	-0.065256	-0.035719	-0.045711
scaffold_335_segment0	16647408	17643251	-0.040528	-0.034832	-0.018461	-0.024656
scaffold_335_segment0	16840604	17807829	-0.013384	-0.011323	-0.005877	-0.008737
scaffold_335_segment0	16949212	17964978	0.008447	0.006788	0.003595	0.003787
scaffold_335_segment0	17097607	18086565	0.029271	0.023175	0.012085	0.015430
scaffold_335_segment0	17234425	18202016	0.038706	0.030491	0.015707	0.022570
scaffold_335_segment0	17445988	18385765	0.024194	0.020569	0.010394	0.015211
scaffold_335_segment0	17643256	18566082	0.024290	0.023094	0.011319	0.015302
scaffold_335_segment0	17807840	18755104	-0.010747	-0.010114	-0.005265	-0.006145
scaffold_335_segment0	17965001	18929727	-0.014256	-0.013407	-0.006832	-0.009875
scaffold_335_segment0	18086569	19115390	-0.002445	-0.002261	-0.001147	-0.002089
scaffold_335_segment0	18202613	19421870	0.024447	0.019757	0.010681	0.012897
scaffold_335_segment0	18385849	19881237	0.000640	0.000420	0.000245	-0.002782
scaffold_335_segment0	18566234	20183464	-0.009684	-0.005815	-0.003526	-0.010457
scaffold_335_segment0	18755130	20428535	0.003982	0.002369	0.001386	-0.001330
scaffold_335_segment0	18930233	20708478	0.020499	0.011837	0.007101	0.010348
scaffold_335_segment0	19115505	20962852	0.025041	0.013929	0.008543	0.013045
scaffold_335_segment0	19422742	21193816	-0.031829	-0.018842	-0.011252	-0.024754
scaffold_335_segment0	19881450	21423806	-0.004974	-0.003370	-0.001930	-0.005239
scaffold_335_segment0	20183466	21710193	-0.003568	-0.002305	-0.001327	-0.004125
scaffold_335_segment0	20428551	21975295	-0.006188	-0.003444	-0.002096	-0.004811
scaffold_335_segment0	20709023	22244989	-0.012169	-0.006542	-0.003918	-0.008181
scaffold_335_segment0	20962987	22416259	0.012335	0.006736	0.004066	0.008175
scaffold_335_segment0	21193839	22765595	0.051443	0.027228	0.016860	0.028396
scaffold_335_segment0	21424097	22925266	0.049006	0.027374	0.016617	0.026790
scaffold_335_segment0	21710357	23123069	0.051730	0.032820	0.019033	0.027819
scaffold_335_segment0	21975296	23742748	0.088335	0.055424	0.032675	0.043896
scaffold_335_segment0	22245464	24220229	0.080352	0.051567	0.031364	0.034038
scaffold_335_segment0	22416490	24736065	0.013328	0.007461	0.004694	0.003210
scaffold_335_segment0	22765597	25480871	0.006370	0.002794	0.001885	0.000908
scaffold_335_segment0	22925316	26035931	0.061938	0.021393	0.014899	0.028081
scaffold_335_segment0	23123085	26468239	-0.009194	-0.002837	-0.001997	-0.005805
scaffold_335_segment0	23742890	26718942	-0.020232	-0.006571	-0.004616	-0.011871
scaffold_335_segment0	24220241	26870567	-0.016226	-0.005450	-0.003831	-0.009329
scaffold_335_segment0	24736068	27049600	-0.034487	-0.012391	-0.008511	-0.019861
scaffold_335_segment0	25486910	27287217	-0.018302	-0.007703	-0.005104	-0.011688
scaffold_335_segment0	26035953	27531181	-0.080444	-0.042397	-0.026211	-0.043654
scaffold_335_segment0	26468478	27695754	-0.014992	-0.009735	-0.005556	-0.009474
scaffold_335_segment0	26719116	27943058	0.018307	0.012484	0.006861	0.008249
scaffold_335_segment0	26871027	28364994	0.059384	0.043544	0.022927	0.030061
scaffold_335_segment0	27049606	28577702	0.058304	0.043495	0.023280	0.031297
scaffold_335_segment0	27287219	28905388	0.032829	0.024774	0.013146	0.015808
scaffold_335_segment0	27531208	29045480	0.024658	0.021064	0.011311	0.010377
scaffold_335_segment0	27696286	29308224	0.000969	0.000828	0.000466	-0.000937
scaffold_335_segment0	27943124	29631264	-0.056296	-0.046974	-0.026630	-0.026803
scaffold_335_segment0	28365856	29953306	-0.131966	-0.095279	-0.057094	-0.061885
scaffold_335_segment0	28577812	30209630	-0.080578	-0.051372	-0.031176	-0.039103
scaffold_335_segment0	28905392	30559847	-0.136362	-0.089611	-0.052401	-0.069828
scaffold_335_segment0	29045521	30725863	-0.093027	-0.055804	-0.033039	-0.049836
scaffold_335_segment0	29308688	30874505	-0.022256	-0.013748	-0.007931	-0.015075
scaffold_335_segment0	29631268	30977234	-0.031457	-0.021402	-0.012244	-0.020865
scaffold_335_segment0	29953311	31091454	0.013098	0.009645	0.005472	0.004851
scaffold_335_segment0	30209641	31288967	-0.037927	-0.029133	-0.016516	-0.023985
scaffold_335_segment0	30559852	31506243	0.025305	0.017765	0.010656	0.010814
scaffold_335_segment0	30725987	31684015	0.053366	0.035963	0.022163	0.025824
scaffold_335_segment0	30874509	31889205	0.020693	0.013318	0.008453	0.009577
scaffold_335_segment0	30977241	32288998	0.032433	0.018846	0.012152	0.013953
scaffold_335_segment0	31091461	32557605	-0.016714	-0.009582	-0.006142	-0.011863
scaffold_335_segment0	31289185	33060784	-0.020207	-0.011685	-0.007369	-0.014694
scaffold_335_segment0	31506244	33364473	0.006587	0.003721	0.002359	0.000672
scaffold_335_segment0	31685999	33824476	-0.043449	-0.022302	-0.013939	-0.023869
scaffold_335_segment0	31889222	34109157	-0.053376	-0.027175	-0.016887	-0.028041
scaffold_335_segment0	32289004	34397842	0.003268	0.001673	0.001034	0.002742
scaffold_335_segment0	32557958	34655966	0.012985	0.006536	0.003946	0.006092
scaffold_335_segment0	33060824	34791452	0.069429	0.038228	0.022172	0.034667
scaffold_335_segment0	33364495	34911634	0.073221	0.045406	0.025216	0.038540
scaffold_335_segment0	33824543	35023515	0.073664	0.055272	0.029802	0.036770
scaffold_335_segment0	34109158	35166134	0.056816	0.046056	0.024208	0.026950
scaffold_335_segment0	34401200	35371635	-0.004912	-0.004413	-0.002222	-0.004179
scaffold_335_segment0	34656087	35705537	-0.008031	-0.007578	-0.003860	-0.004639
scaffold_335_segment0	34791624	35923935	0.020875	0.018583	0.009893	0.008610
scaffold_335_segment0	34911635	36367115	0.010131	0.007982	0.004455	0.002269
scaffold_335_segment0	35023520	36630010	0.008774	0.006906	0.003806	0.001898
scaffold_335_segment0	35166325	36963927	0.039549	0.026235	0.015440	0.018682
scaffold_335_segment0	35371829	37178760	0.130996	0.086965	0.052585	0.073953
scaffold_335_segment0	35705545	37356642	0.147686	0.096109	0.058140	0.081836
scaffold_335_segment0	35924290	37480355	0.113628	0.073433	0.044663	0.057666
scaffold_335_segment0	36367144	37606574	0.120984	0.087248	0.052048	0.058680
scaffold_335_segment0	36630868	37790264	0.153004	0.111387	0.067092	0.074595
scaffold_335_segment0	36964011	38017414	0.116229	0.096771	0.056775	0.054608
scaffold_335_segment0	37178834	38253182	0.012809	0.010782	0.006265	0.003094
scaffold_335_segment0	37356657	38554715	0.054939	0.051948	0.030644	0.025563
scaffold_335_segment0	37480357	38811764	0.042216	0.040681	0.023173	0.021000
scaffold_335_segment0	37606627	38931106	0.047233	0.046570	0.025766	0.024151
scaffold_335_segment0	37790383	39186431	0.061155	0.050551	0.028802	0.033134
scaffold_335_segment0	38017415	39407276	0.100716	0.076395	0.044364	0.059528
scaffold_335_segment0	38253207	39705467	0.102135	0.071442	0.042757	0.062091
scaffold_335_segment0	38555050	40056410	0.069832	0.043776	0.025500	0.040770
scaffold_335_segment0	38811767	40235460	0.090429	0.057257	0.033328	0.052388
scaffold_335_segment0	38931300	40352168	0.099542	0.064122	0.037264	0.060224
scaffold_335_segment0	39186437	40467964	0.086110	0.064185	0.036253	0.051329
scaffold_335_segment0	39407277	40549426	0.063201	0.056275	0.030336	0.035540
scaffold_335_segment0	39705470	40713139	0.034391	0.037721	0.018324	0.017214
scaffold_335_segment0	40056819	40836245	0.013578	0.018166	0.008606	0.007224
scaffold_335_segment0	40235507	40928897	-0.009719	-0.013188	-0.006484	-0.005067
scaffold_335_segment0	40352260	41040585	-0.051086	-0.066478	-0.034453	-0.026577
scaffold_335_segment0	40467987	41177933	-0.052490	-0.067144	-0.035026	-0.027530
scaffold_335_segment0	40549687	41395854	-0.089093	-0.096226	-0.051534	-0.048450
scaffold_335_segment0	40713152	41571519	-0.079242	-0.082460	-0.045133	-0.044215
scaffold_335_segment0	40836268	41735221	-0.074684	-0.071355	-0.039393	-0.043252
scaffold_335_segment0	40928978	41875224	0.015782	0.014580	0.008082	0.006190
scaffold_335_segment0	41040711	42009779	0.058365	0.053312	0.029451	0.028509
scaffold_335_segment0	41177936	42183970	0.030380	0.027369	0.015382	0.014280
scaffold_335_segment0	41396141	42439508	-0.008207	-0.007462	-0.004202	-0.008169
scaffold_335_segment0	41571520	42682193	0.009372	0.008675	0.004746	0.005272
scaffold_335_segment0	41735232	42934190	0.014074	0.012822	0.006891	0.007380
scaffold_335_segment0	41875613	43216292	-0.006390	-0.004708	-0.002645	-0.007640
scaffold_335_segment0	42009859	43533267	-0.059104	-0.041512	-0.022640	-0.042891
scaffold_335_segment0	42184029	43766516	-0.053408	-0.036440	-0.019040	-0.038414
scaffold_335_segment0	42440210	44147574	-0.050995	-0.033824	-0.017617	-0.035898
scaffold_335_segment0	42683215	44507381	-0.054201	-0.032486	-0.017588	-0.037045
scaffold_335_segment0	42934642	44921050	0.030761	0.019418	0.010601	0.021846
scaffold_335_segment0	43216364	45170564	0.030881	0.022382	0.011967	0.023589
scaffold_335_segment0	43533459	45373652	0.089481	0.066709	0.036368	0.061641
scaffold_335_segment0	43766711	45601012	0.064324	0.049071	0.027418	0.043495
scaffold_335_segment0	44147576	45862013	0.082266	0.065661	0.036749	0.053796
scaffold_335_segment0	44507444	46111602	0.058597	0.052550	0.028803	0.038896
scaffold_335_segment0	44921908	46393761	-0.060054	-0.055763	-0.030137	-0.039568
scaffold_335_segment0	45170858	46610166	-0.106769	-0.097791	-0.050823	-0.068841
scaffold_335_segment0	45374020	46793426	-0.133015	-0.117300	-0.060577	-0.085130
scaffold_335_segment0	45601342	46949019	-0.126121	-0.116457	-0.059294	-0.078431
scaffold_335_segment0	45862063	47089118	-0.095783	-0.086953	-0.044075	-0.058421
scaffold_335_segment0	46112546	47286191	-0.090529	-0.079604	-0.040362	-0.053702
scaffold_335_segment0	46394519	47470328	-0.062916	-0.052861	-0.027112	-0.036623
scaffold_335_segment0	46610171	47630449	-0.067710	-0.059272	-0.030314	-0.039762
scaffold_335_segment0	46793783	47738037	-0.042796	-0.040039	-0.020050	-0.024300
scaffold_335_segment0	46949142	47911750	0.014032	0.012127	0.006131	0.008523
scaffold_335_segment0	47089392	48061180	0.022131	0.019865	0.009714	0.013879
scaffold_335_segment0	47286665	48192585	0.040253	0.038461	0.018540	0.022540
scaffold_335_segment0	47472224	48371828	0.057418	0.056620	0.026855	0.031842
scaffold_335_segment0	47630477	48501914	0.078557	0.078124	0.038081	0.045240
scaffold_335_segment0	47738044	48647542	0.067264	0.067649	0.032755	0.037610
scaffold_335_segment0	47911766	48794564	0.019216	0.020747	0.010111	0.008336
scaffold_335_segment0	48061183	48909669	0.019974	0.021009	0.010545	0.009113
scaffold_335_segment0	48192702	49062423	0.023172	0.023401	0.011777	0.012769
scaffold_335_segment0	48371869	49229234	0.011907	0.012386	0.006136	0.007229
scaffold_335_segment0	48502147	49385881	-0.000692	-0.000721	-0.000351	-0.002163
scaffold_335_segment0	48647666	49524475	-0.022732	-0.023244	-0.011657	-0.013495
scaffold_335_segment0	48794719	49713630	-0.009696	-0.009438	-0.004760	-0.005333
scaffold_335_segment0	48909717	49822149	-0.012549	-0.013117	-0.006473	-0.007575
scaffold_335_segment0	49062477	49916054	-0.017565	-0.020115	-0.009572	-0.011157
scaffold_335_segment0	49229312	50055971	-0.002110	-0.002216	-0.001123	-0.002562
scaffold_335_segment0	49385891	50175556	0.004011	0.004248	0.002159	0.001135
scaffold_335_segment0	49524580	50277765	0.020913	0.021638	0.011076	0.012031
scaffold_335_segment0	49713634	50409447	0.036661	0.039938	0.020227	0.020174
scaffold_335_segment0	49822151	50557627	0.016575	0.018107	0.009216	0.008803
scaffold_335_segment0	49916108	50705431	0.072651	0.072948	0.039010	0.043568
scaffold_335_segment0	50055991	50853986	0.039289	0.043886	0.022015	0.023229
scaffold_335_segment0	50175616	51018478	0.028965	0.031213	0.015817	0.018551
scaffold_335_segment0	50278208	51277756	0.058878	0.058646	0.029825	0.036181
scaffold_335_segment0	50409666	51468376	0.058429	0.054624	0.028410	0.036150
scaffold_335_segment0	50558120	51635787	0.082713	0.075666	0.039425	0.052213
scaffold_335_segment0	50705439	51779896	0.038426	0.035685	0.018407	0.023460
scaffold_335_segment0	50854042	51947873	0.083541	0.072868	0.038734	0.051978
scaffold_335_segment0	51018757	52113132	0.112433	0.098111	0.051995	0.065809
scaffold_335_segment0	51277919	52280629	0.074075	0.070897	0.037944	0.042815
scaffold_335_segment0	51468509	52428371	0.074277	0.073284	0.039021	0.042512
scaffold_335_segment0	51636044	52577410	0.074129	0.072542	0.038378	0.041866
scaffold_335_segment0	51780493	52702561	0.080017	0.078897	0.040956	0.045096
scaffold_335_segment0	51947958	52820911	0.052595	0.053643	0.026926	0.027759
scaffold_335_segment1	69746	842174	0.092384	0.094356	0.047282	0.050794
scaffold_335_segment1	171452	913913	0.104421	0.110062	0.055145	0.059761
scaffold_335_segment1	304365	1004260	0.099533	0.106494	0.053804	0.058703
scaffold_335_segment1	423178	1090940	0.087656	0.095574	0.047812	0.051242
scaffold_335_segment1	553641	1183426	0.071247	0.079253	0.039356	0.042238
scaffold_335_segment1	705396	1263477	0.063739	0.075144	0.036564	0.040091
scaffold_335_segment1	842290	1349587	0.041267	0.049508	0.023948	0.027647
scaffold_335_segment1	913976	1445318	0.004878	0.005967	0.002786	0.004309
scaffold_335_segment1	1004261	1536946	0.003002	0.003755	0.001679	0.009223
scaffold_335_segment1	1091119	1672278	0.000040	0.000047	0.000022	0.007007
scaffold_335_segment1	1183429	1814531	0.005980	0.007042	0.003292	0.010265
scaffold_335_segment1	1263577	1925533	0.017155	0.019885	0.009314	0.015940
scaffold_335_segment1	1349597	1989394	0.006499	0.007726	0.003615	0.009879
scaffold_335_segment1	1445330	2058196	0.021262	0.025194	0.011834	0.021169
scaffold_335_segment1	1537014	2110718	0.032013	0.037861	0.018453	0.019769
scaffold_335_segment1	1672729	2174341	0.034964	0.044637	0.020858	0.021778
scaffold_335_segment1	1814698	2235549	0.021224	0.028340	0.013020	0.013256
scaffold_335_segment1	1925552	2309471	0.022911	0.030707	0.014422	0.014462
scaffold_335_segment1	1989415	2388021	0.038835	0.049700	0.023847	0.022812
scaffold_335_segment1	2058200	2479658	0.047663	0.058904	0.029169	0.027074
scaffold_335_segment1	2110924	2537538	0.036895	0.045237	0.022418	0.021485
scaffold_335_segment1	2174360	2613355	0.034061	0.041870	0.020848	0.019398
scaffold_335_segment1	2235565	2662645	0.053651	0.065154	0.032589	0.030748
scaffold_335_segment1	2309474	2728212	0.045583	0.055428	0.027449	0.025862
scaffold_335_segment1	2388056	2803134	0.042959	0.053143	0.025792	0.022127
scaffold_335_segment1	2479664	2875441	0.029723	0.037812	0.018173	0.014926
scaffold_335_segment1	2537573	2950991	0.036643	0.046444	0.022028	0.018002
scaffold_335_segment1	2613785	3010268	0.053195	0.066104	0.031811	0.028094
scaffold_335_segment1	2662646	3065907	0.036470	0.044761	0.021574	0.018510
scaffold_335_segment1	2728243	3102590	0.030089	0.037994	0.018439	0.014873
scaffold_335_segment1	2803142	3139865	0.033655	0.043839	0.021087	0.019556
scaffold_335_segment1	2875466	3175762	0.046405	0.062302	0.029815	0.026887
scaffold_335_segment1	2951040	3215564	0.037517	0.050511	0.024260	0.024581
scaffold_335_segment1	3010274	3255589	0.040957	0.055545	0.026270	0.027976
scaffold_335_segment1	3065968	3295781	0.036593	0.049507	0.023278	0.027661
scaffold_335_segment1	3102606	3333598	0.047638	0.062838	0.029307	0.035931
scaffold_335_segment1	3139931	3370138	0.021919	0.028906	0.013314	0.021357
scaffold_335_segment1	3175797	3398823	-0.002059	-0.002739	-0.001266	0.005670
scaffold_335_segment1	3215570	3441023	0.019566	0.026350	0.012260	0.015766
scaffold_335_segment1	3255591	3495762	0.013764	0.018773	0.008666	0.012376
scaffold_335_segment1	3295786	3543751	0.026265	0.037094	0.017003	0.016672
scaffold_335_segment1	3333615	3602527	0.026368	0.037298	0.017206	0.016803
scaffold_335_segment1	3370146	3670634	0.053132	0.074446	0.035088	0.032729
scaffold_335_segment1	3398872	3742271	0.065918	0.088418	0.041818	0.040355
scaffold_335_segment1	3441027	3824681	0.053462	0.070812	0.032715	0.034563
scaffold_335_segment1	3495768	3877368	0.040962	0.055607	0.025715	0.026543
scaffold_335_segment1	3543758	3928816	0.053193	0.072076	0.033778	0.034629
scaffold_335_segment1	3602534	3962572	0.052418	0.072416	0.033665	0.032179
scaffold_335_segment1	3670732	4018275	0.056892	0.078077	0.036103	0.033290
scaffold_335_segment1	3742272	4059910	0.063034	0.088534	0.040389	0.036186
scaffold_335_segment1	3824756	4106915	0.067959	0.095178	0.044279	0.040373
scaffold_335_segment1	3877399	4155804	0.095918	0.123729	0.059721	0.056136
scaffold_335_segment1	3929052	4208978	0.084992	0.107854	0.051810	0.050546
scaffold_335_segment1	3962574	4286086	0.085513	0.106437	0.051311	0.052143
scaffold_335_segment1	4018288	4357394	0.075279	0.093810	0.045322	0.047099
scaffold_335_segment1	4059929	4463576	0.083434	0.105884	0.051367	0.052382
scaffold_335_segment1	4106920	4679630	0.056136	0.070570	0.034495	0.034318
scaffold_335_segment1	4155976	4808411	0.027721	0.040014	0.018980	0.017861
scaffold_335_segment1	4208982	4819029	0.015782	0.027084	0.012856	0.010898
scaffold_335_segment1	4286620	4837995	0.003220	0.006926	0.003298	0.003248
scaffold_430_segment0	25574	1188067	0.104109	0.082707	0.054483	0.050247
scaffold_430_segment0	43477	1577659	0.101467	0.060995	0.041462	0.051656
scaffold_430_segment0	264463	1857326	0.079583	0.044519	0.029787	0.041933
scaffold_430_segment0	545288	2063674	0.040038	0.021603	0.014456	0.020256
scaffold_430_segment0	757436	2387717	0.061410	0.029630	0.020025	0.031570
scaffold_430_segment0	932962	2576832	0.058000	0.029656	0.019593	0.032700
scaffold_430_segment0	1188100	2656938	0.027276	0.015271	0.010040	0.015776
scaffold_430_segment0	1577682	2817513	0.032000	0.019777	0.012664	0.018038
scaffold_430_segment0	1857331	3074316	0.010321	0.006066	0.003972	0.004485
scaffold_430_segment0	2063681	3246362	0.003478	0.002083	0.001394	0.001929
scaffold_430_segment0	2387721	3446673	-0.018038	-0.012145	-0.008060	-0.008130
scaffold_430_segment0	2576847	3766933	-0.025584	-0.016810	-0.010740	-0.011941
scaffold_430_segment0	2657119	3985631	-0.051119	-0.029883	-0.018965	-0.026870
scaffold_430_segment0	2817676	4166134	-0.060118	-0.036309	-0.022251	-0.030541
scaffold_430_segment0	3074326	4308568	-0.044608	-0.030784	-0.018100	-0.021295
scaffold_430_segment0	3246363	4476144	-0.031168	-0.022461	-0.012728	-0.013247
scaffold_430_segment0	3447554	4725266	-0.052410	-0.036470	-0.020484	-0.024247
scaffold_430_segment0	3766940	4940720	-0.082778	-0.060881	-0.034003	-0.039887
scaffold_430_segment0	3985716	5170087	-0.078439	-0.055878	-0.032136	-0.041495
scaffold_430_segment0	4166137	5493014	-0.086751	-0.057446	-0.033766	-0.047199
scaffold_430_segment0	4308583	5701501	-0.121959	-0.082592	-0.047531	-0.067116
scaffold_430_segment0	4476161	5921573	-0.130742	-0.085724	-0.049189	-0.076327
scaffold_430_segment0	4725280	6060970	-0.093798	-0.063402	-0.036377	-0.055368
scaffold_430_segment0	4940784	6353442	-0.049635	-0.029909	-0.017728	-0.029555
scaffold_430_segment0	5170088	6463473	-0.105796	-0.068329	-0.039983	-0.056395
scaffold_430_segment0	5493038	6759451	-0.148413	-0.104163	-0.059831	-0.081893
scaffold_430_segment0	5701516	7000284	-0.104626	-0.067648	-0.039316	-0.059597
scaffold_430_segment0	5921741	7125980	-0.062295	-0.040075	-0.023536	-0.034435
scaffold_430_segment0	6060984	7404114	-0.074244	-0.046026	-0.027089	-0.041046
scaffold_430_segment0	6353559	7605419	-0.142232	-0.105962	-0.060339	-0.081474
scaffold_430_segment0	6463560	7728980	-0.085385	-0.068066	-0.038330	-0.049054
scaffold_430_segment0	6762439	7938276	-0.007837	-0.006284	-0.003643	-0.003980
scaffold_430_segment0	7000799	8154365	-0.017011	-0.014264	-0.008365	-0.008074
scaffold_430_segment0	7126256	8535122	-0.053645	-0.042906	-0.024928	-0.028710
scaffold_430_segment0	7404119	8788139	-0.047298	-0.038051	-0.022068	-0.025225
scaffold_430_segment0	7605428	9067747	-0.036772	-0.027972	-0.016325	-0.019153
scaffold_430_segment0	7730480	9287416	-0.012417	-0.008428	-0.004861	-0.007419
scaffold_430_segment0	7938278	9639477	-0.042089	-0.027001	-0.015365	-0.024121
scaffold_430_segment0	8154394	9925501	-0.074812	-0.042418	-0.025533	-0.041504
scaffold_430_segment0	8535143	10094913	-0.068024	-0.040399	-0.024891	-0.035279
scaffold_430_segment0	8788149	10428995	-0.060837	-0.034352	-0.021217	-0.030001
scaffold_430_segment0	9068194	10776378	0.005598	0.002764	0.001777	0.004771
scaffold_430_segment0	9287418	11010698	0.011291	0.005517	0.003552	0.008600
scaffold_430_segment0	9640139	11277344	0.022795	0.010988	0.007131	0.016254
scaffold_430_segment0	9927646	11288909	0.051469	0.030766	0.019346	0.027800
scaffold_430_segment0	10094914	11300860	0.046159	0.030991	0.019285	0.022897
scaffold_430_segment0	10429099	11586948	0.014248	0.010175	0.006353	0.008450
scaffold_430_segment0	10776387	11745610	-0.009229	-0.007144	-0.004399	-0.001830
scaffold_430_segment0	11010699	11908128	-0.016075	-0.012244	-0.007902	-0.005194
scaffold_430_segment0	11277371	12099997	-0.031815	-0.023787	-0.015723	-0.012097
scaffold_430_segment0	11288924	12278396	-0.011086	-0.007079	-0.004664	-0.002351
scaffold_430_segment0	11300882	12518310	-0.013406	-0.007157	-0.004699	-0.004350
scaffold_430_segment0	11587457	12707352	-0.002029	-0.001116	-0.000724	-0.002763
scaffold_430_segment0	11745836	12862265	-0.031973	-0.019049	-0.012054	-0.015736
scaffold_430_segment0	11908165	12941196	-0.070373	-0.047373	-0.029408	-0.034440
scaffold_430_segment0	12100044	13147875	-0.043024	-0.031686	-0.019249	-0.020603
scaffold_430_segment0	12278397	13456865	-0.046827	-0.032582	-0.019963	-0.025043
scaffold_430_segment0	12518998	13802938	-0.031616	-0.021653	-0.013259	-0.015728
scaffold_430_segment0	12707355	14111176	-0.025871	-0.016493	-0.010519	-0.009739
scaffold_430_segment0	12862287	14427778	0.019608	0.010178	0.006952	0.011081
scaffold_430_segment0	12941197	14736468	0.064929	0.026255	0.018492	0.032315
scaffold_430_segment0	13148394	15028737	0.050433	0.019041	0.013697	0.025493
scaffold_430_segment0	13456888	15451893	0.041331	0.014506	0.010689	0.021623
scaffold_430_segment0	13802953	15613208	0.006545	0.002448	0.001822	0.004570
scaffold_430_segment0	14111177	15834718	0.001656	0.000600	0.000444	0.001655
scaffold_430_segment0	14427793	16012954	-0.015886	-0.006509	-0.004657	-0.007416
scaffold_430_segment0	14736482	16196714	-0.013733	-0.006225	-0.004432	-0.005274
scaffold_430_segment0	15028747	16512618	-0.006940	-0.003104	-0.002185	-0.003020
scaffold_430_segment0	15457522	16643889	-0.054881	-0.028078	-0.019163	-0.026666
scaffold_430_segment0	15613214	16818318	-0.040369	-0.018747	-0.013091	-0.020547
scaffold_430_segment0	15835129	17099570	-0.045432	-0.021960	-0.015394	-0.023455
scaffold_430_segment0	16016254	17353703	-0.024541	-0.011373	-0.008008	-0.011357
scaffold_430_segment0	16196728	17809306	-0.038042	-0.016192	-0.011326	-0.018187
scaffold_430_segment0	16512620	18092036	-0.051746	-0.021992	-0.015528	-0.024649
scaffold_430_segment0	16644752	18413312	-0.028893	-0.011273	-0.007988	-0.012199
scaffold_430_segment0	16818325	18767160	-0.051107	-0.020262	-0.013888	-0.025925
scaffold_430_segment0	17100215	18970441	-0.028439	-0.011588	-0.007867	-0.014432
scaffold_430_segment0	17354583	19136346	-0.042526	-0.018256	-0.012272	-0.023580
scaffold_430_segment0	17809810	19424284	-0.083881	-0.040921	-0.026611	-0.043655
scaffold_430_segment0	18092763	19700431	-0.071709	-0.035964	-0.022802	-0.037132
scaffold_430_segment0	18413341	20311668	-0.049671	-0.022852	-0.014733	-0.027253
scaffold_430_segment0	18767173	20542635	-0.023134	-0.011335	-0.007479	-0.012313
scaffold_430_segment0	18970446	20743380	-0.043780	-0.021626	-0.014379	-0.020612
scaffold_430_segment0	19136390	21316052	-0.055205	-0.021922	-0.015320	-0.024988
scaffold_430_segment0	19424993	21626077	-0.018917	-0.007062	-0.005018	-0.009412
scaffold_430_segment0	19700444	21872078	0.000880	0.000346	0.000245	-0.000728
scaffold_430_segment0	20311693	22159484	0.001271	0.000554	0.000389	-0.000946
scaffold_430_segment0	20542654	22266829	0.003776	0.001665	0.001164	0.000733
scaffold_430_segment0	20743402	22366965	0.011045	0.005113	0.003518	0.005315
scaffold_430_segment0	21316063	22629172	0.055880	0.030590	0.019715	0.026554
scaffold_430_segment0	21626097	22893943	0.068495	0.038125	0.024549	0.033062
scaffold_430_segment0	21872086	23193232	0.036348	0.016995	0.011750	0.016938
scaffold_430_segment0	22159492	23588726	0.036962	0.015606	0.011175	0.019516
scaffold_430_segment0	22266834	23790056	0.040349	0.016602	0.011882	0.020025
scaffold_430_segment0	22366975	24186108	0.024419	0.008975	0.006486	0.010164
scaffold_430_segment0	22629175	24475448	-0.005246	-0.001964	-0.001455	-0.001236
scaffold_430_segment0	22893946	24818363	0.014783	0.005583	0.004030	0.006414
scaffold_430_segment0	23193233	25015752	0.024215	0.011015	0.007535	0.011736
scaffold_430_segment0	23589287	25361306	-0.038255	-0.020561	-0.013089	-0.020432
scaffold_430_segment0	23790259	25576360	-0.031340	-0.017200	-0.010818	-0.017315
scaffold_430_segment0	24186130	25913699	-0.027839	-0.016696	-0.010341	-0.015587
scaffold_430_segment0	24475478	26398700	-0.033630	-0.017686	-0.011364	-0.020948
scaffold_430_segment0	24818369	26621980	-0.038276	-0.022267	-0.014487	-0.021570
scaffold_430_segment0	25015755	26882494	-0.021883	-0.012277	-0.008031	-0.013663
scaffold_430_segment0	25361327	27294938	0.055033	0.030309	0.020097	0.026442
scaffold_430_segment0	25576363	27612456	0.031815	0.015634	0.010612	0.016484
scaffold_430_segment0	25913701	27873718	0.069754	0.034384	0.023134	0.036065
scaffold_430_segment0	26400340	28104131	0.049255	0.028588	0.018583	0.024844
scaffold_430_segment0	26621996	28302184	0.070309	0.040586	0.026517	0.035300
scaffold_430_segment0	26882972	28564262	0.008460	0.004813	0.003129	0.005578
scaffold_430_segment0	27295184	29001959	-0.015302	-0.007790	-0.005184	-0.007606
scaffold_430_segment0	27612458	29317378	-0.016889	-0.008177	-0.005610	-0.007256
scaffold_430_segment0	27873812	29911310	-0.045672	-0.019430	-0.013614	-0.020523
scaffold_430_segment0	28106214	30116844	-0.021114	-0.008576	-0.006046	-0.006377
scaffold_430_segment0	28302188	30454891	-0.027178	-0.009941	-0.007028	-0.009753
scaffold_430_segment0	28565108	30792121	0.007140	0.002416	0.001723	0.010482
scaffold_430_segment0	29001971	31051033	0.033713	0.011443	0.008247	0.024091
scaffold_430_segment0	29317379	31445328	0.039892	0.014356	0.010005	0.028984
scaffold_430_segment0	29911316	31773748	0.032251	0.012491	0.008676	0.022920
scaffold_430_segment0	30116852	31988617	0.011666	0.004469	0.003122	0.009817
scaffold_430_segment0	30455331	32163551	-0.003936	-0.001601	-0.001130	0.001297
scaffold_430_segment0	30792146	32376436	-0.048587	-0.022123	-0.015275	-0.022552
scaffold_430_segment0	31051127	32566282	-0.042353	-0.022900	-0.015247	-0.018359
scaffold_430_segment0	31445338	32732922	-0.044591	-0.027272	-0.018022	-0.020953
scaffold_430_segment0	31774368	33067051	-0.026078	-0.016011	-0.010355	-0.010671
scaffold_430_segment0	31988624	33481076	-0.001796	-0.001062	-0.000674	0.002260
scaffold_430_segment0	32163553	33544041	0.003059	0.002101	0.001312	0.004198
scaffold_430_segment0	32376451	33957777	0.059455	0.035227	0.023149	0.029646
scaffold_430_segment0	32566305	34261235	-0.016255	-0.008792	-0.005748	-0.007374
scaffold_430_segment0	32732940	34442390	0.005283	0.002640	0.001757	0.003474
scaffold_430_segment0	33067052	34895903	-0.008744	-0.004366	-0.002890	-0.006035
scaffold_430_segment0	33481082	35187509	-0.041062	-0.021177	-0.013998	-0.023050
scaffold_430_segment0	33544043	35586355	-0.039539	-0.017752	-0.011686	-0.024720
scaffold_430_segment0	33957795	35954167	-0.026160	-0.012052	-0.007961	-0.014363
scaffold_430_segment0	34266800	36240673	0.028676	0.012628	0.008579	0.017600
scaffold_430_segment0	34442933	36609304	0.010163	0.004308	0.002970	0.008701
scaffold_430_segment0	34895906	37107592	-0.001231	-0.000477	-0.000332	0.004064
scaffold_430_segment0	35187515	37464579	0.031450	0.011914	0.008403	0.020581
scaffold_430_segment0	35586356	37967518	0.043484	0.015476	0.011163	0.026701
scaffold_430_segment0	35954168	38226519	0.033172	0.012817	0.009089	0.020077
scaffold_430_segment0	36241045	38459835	0.003720	0.001449	0.001037	0.003312
scaffold_430_segment0	36609316	38481592	0.009133	0.004252	0.002972	0.006494
scaffold_430_segment0	37107720	38749820	0.008989	0.004893	0.003430	0.006143
scaffold_430_segment0	37464589	39296201	0.033815	0.016474	0.011456	0.017245
scaffold_430_segment0	37967526	39916421	0.024515	0.010726	0.007802	0.012217
scaffold_430_segment0	38226524	40367130	0.014032	0.005115	0.003872	0.007231
scaffold_430_segment0	38459976	40677747	0.007396	0.002568	0.001953	0.003689
scaffold_430_segment0	38481599	40919662	-0.017432	-0.005701	-0.004297	-0.009359
scaffold_430_segment0	38752514	41213415	0.006352	0.002050	0.001550	0.004128
scaffold_430_segment0	39296716	41662281	-0.043243	-0.013927	-0.010782	-0.020584
scaffold_430_segment0	39916422	41749205	-0.049430	-0.019590	-0.014722	-0.021698
scaffold_430_segment0	40367192	42074199	-0.036911	-0.016241	-0.011899	-0.014574
scaffold_430_segment0	40677776	42578158	-0.072404	-0.033385	-0.023452	-0.033007
scaffold_430_segment0	40919735	42606826	-0.066107	-0.033360	-0.023162	-0.027907
scaffold_430_segment0	41216121	42785414	-0.126449	-0.069407	-0.047494	-0.058854
scaffold_430_segment0	41662297	43151543	-0.105877	-0.062221	-0.041651	-0.050217
scaffold_430_segment0	41749223	43712876	-0.069519	-0.033359	-0.022713	-0.036885
scaffold_430_segment0	42074231	44131244	-0.100903	-0.044075	-0.030682	-0.054618
scaffold_430_segment0	42578214	44525862	-0.115655	-0.051538	-0.036055	-0.062944
scaffold_430_segment0	42606827	45022205	-0.084878	-0.033646	-0.023722	-0.051836
scaffold_430_segment0	42785415	45964672	-0.032874	-0.011066	-0.007917	-0.025121
scaffold_430_segment0	43153288	46514615	-0.040202	-0.012973	-0.009347	-0.027014
scaffold_430_segment0	43712877	46960173	-0.083557	-0.028227	-0.020497	-0.049008
scaffold_430_segment0	44131252	47352711	-0.055683	-0.019936	-0.014014	-0.031369
scaffold_430_segment0	44525868	47808768	0.006720	0.002298	0.001599	0.000928
scaffold_430_segment0	45022225	48015679	-0.008782	-0.003139	-0.002181	-0.001968
scaffold_430_segment0	45965234	48505876	-0.021168	-0.008051	-0.005589	-0.006072
scaffold_430_segment0	46515481	49079259	-0.010476	-0.004177	-0.002858	-0.001350
scaffold_430_segment0	46960178	49427777	-0.008976	-0.003538	-0.002426	0.000844
scaffold_430_segment0	47352723	49794800	-0.011826	-0.004821	-0.003357	-0.001285
scaffold_430_segment0	47808825	50102218	0.015688	0.006127	0.004416	0.010562
scaffold_430_segment0	48017687	50532383	-0.000421	-0.000146	-0.000108	-0.000787
scaffold_430_segment0	48505918	50937895	-0.002664	-0.000904	-0.000677	-0.001886
scaffold_430_segment0	49079361	51324842	-0.025599	-0.008699	-0.006462	-0.011432
scaffold_430_segment0	49428792	51551203	-0.005139	-0.001912	-0.001373	-0.002359
contig_14_segment0	1045	479204	0.056568	0.071440	0.034713	0.033809
contig_14_segment0	48467	578572	0.044782	0.053480	0.026203	0.027197
contig_14_segment0	133754	681786	0.061623	0.072496	0.035477	0.035431
contig_14_segment0	222762	786774	0.053323	0.063457	0.030579	0.030022
contig_14_segment0	307784	866050	0.054759	0.064142	0.030855	0.029294
contig_14_segment0	392119	968995	0.051108	0.058049	0.028618	0.028186
contig_14_segment0	479395	1127927	0.053834	0.059822	0.029647	0.030284
contig_14_segment0	578630	1239912	0.065091	0.071574	0.035850	0.037346
contig_14_segment0	681885	1359892	0.054612	0.060322	0.029554	0.029992
contig_14_segment0	786846	1482063	0.069401	0.075012	0.037288	0.037826
contig_14_segment0	866052	1574744	0.060021	0.066577	0.033372	0.031472
contig_14_segment0	969100	1584472	0.050803	0.064571	0.031537	0.022994
contig_14_segment0	1128006	1598310	0.040690	0.058840	0.028313	0.016780
contig_14_segment0	1239929	1621002	0.026267	0.043040	0.020489	0.009989
contig_14_segment0	1360068	1636430	0.025510	0.050270	0.024504	0.011853
contig_14_segment0	1482092	1692439	0.030925	0.061741	0.030721	0.016840
contig_14_segment0	1574749	1754905	0.036496	0.069384	0.034006	0.022165
contig_14_segment0	1584507	1812360	0.038668	0.063278	0.030312	0.024298
contig_14_segment0	1598334	1860078	0.050678	0.073316	0.035635	0.031678
contig_14_segment0	1621013	1908818	0.058509	0.080430	0.038607	0.037432
contig_14_segment0	1636431	1960636	0.082303	0.101858	0.050184	0.050393
contig_14_segment0	1692501	2006345	0.086877	0.106594	0.052709	0.051882
contig_14_segment0	1754954	2062582	0.073421	0.092203	0.044770	0.041361
contig_14_segment0	1812385	2124386	0.079433	0.094284	0.047436	0.045424
contig_14_segment0	1860079	2186315	0.057597	0.068051	0.034201	0.034032
contig_14_segment0	1909037	2247219	0.049294	0.057303	0.029043	0.027580
contig_14_segment0	1960639	2311899	0.041779	0.049611	0.024836	0.022975
contig_14_segment0	2006482	2378471	0.018927	0.022451	0.011080	0.007772
contig_14_segment0	2062630	2441262	0.026499	0.030971	0.015485	0.014238
contig_14_segment0	2124416	2521781	0.026323	0.031336	0.015674	0.013816
contig_14_segment0	2186449	2583341	0.039316	0.047143	0.023447	0.019872
contig_14_segment0	2247230	2648726	0.056561	0.066145	0.033627	0.031654
contig_14_segment0	2311900	2720106	0.040584	0.047215	0.023927	0.023361
contig_14_segment0	2378573	2789279	0.030579	0.037462	0.018382	0.017398
contig_14_segment0	2441266	2879202	0.018576	0.022985	0.011117	0.010073
contig_14_segment0	2521868	2952506	0.018790	0.023551	0.011184	0.011635
contig_14_segment0	2583344	3015408	0.025378	0.032001	0.015090	0.016723
contig_14_segment0	2648727	3098307	0.006369	0.008344	0.003775	0.005001
contig_14_segment0	2720141	3163533	0.002500	0.003359	0.001494	0.000627
contig_14_segment0	2789302	3245402	0.018135	0.023133	0.010654	0.011345
contig_14_segment0	2879210	3317548	0.035337	0.044993	0.021019	0.019785
contig_14_segment0	2952867	3414277	0.032790	0.040743	0.019163	0.016577
contig_14_segment0	3015508	3479208	0.023419	0.029572	0.013863	0.011772
contig_14_segment0	3098309	3567510	0.035866	0.043958	0.020952	0.018020
contig_14_segment0	3163538	3654211	0.037246	0.044903	0.021659	0.020316
contig_14_segment0	3245483	3738006	0.050072	0.061966	0.029413	0.027355
contig_14_segment0	3317894	3818195	0.053633	0.065033	0.030934	0.030675
contig_14_segment0	3414333	3941716	0.064537	0.078985	0.037627	0.037917
contig_14_segment0	3479249	4060593	0.066540	0.078282	0.037846	0.038999
contig_14_segment0	3567532	4155138	0.067569	0.080261	0.038947	0.040393
contig_14_segment0	3654219	4250198	0.085983	0.100580	0.048865	0.052348
contig_14_segment0	3738019	4324080	0.086504	0.098938	0.047893	0.052469
contig_14_segment0	3818285	4396812	0.078052	0.091048	0.043787	0.047218
contig_14_segment0	3941724	4468908	0.085105	0.100503	0.048255	0.051100
contig_14_segment0	4060601	4546332	0.082520	0.099217	0.046550	0.048351
contig_14_segment0	4155141	4627980	0.095202	0.111658	0.052822	0.057859
contig_14_segment0	4250273	4697112	0.084329	0.100430	0.047070	0.047951
contig_14_segment0	4324099	4779102	0.071934	0.086821	0.041638	0.041569
contig_14_segment0	4396885	4986400	0.121850	0.143972	0.070702	0.070270
contig_14_segment0	4468927	5276958	0.102401	0.118261	0.058303	0.058250
contig_14_segment0	4546547	5522342	0.093093	0.106671	0.054421	0.050635
contig_14_segment0	4627981	5532075	0.068967	0.092685	0.047414	0.033216
contig_4_segment0	19801	621844	-0.007606	-0.008966	-0.004548	-0.008220
contig_4_segment0	204091	684896	-0.007031	-0.008000	-0.004062	-0.006820
contig_4_segment0	336788	743766	0.006495	0.008772	0.004120	0.002824
contig_4_segment0	425504	829566	0.024274	0.031873	0.015933	0.012166
contig_4_segment0	496319	910082	0.048396	0.064577	0.032128	0.026819
contig_4_segment0	565995	967620	0.062131	0.082494	0.040712	0.033327
contig_4_segment0	622035	1023021	0.048047	0.065853	0.031498	0.026162
contig_4_segment0	684908	1084161	0.048693	0.068203	0.031640	0.026438
contig_4_segment0	743799	1140451	0.036124	0.049605	0.023061	0.020795
contig_4_segment0	829567	1190132	0.007804	0.011277	0.004977	0.004613
contig_4_segment0	910083	1240866	0.004815	0.006806	0.002989	0.002469
contig_4_segment0	967635	1297091	0.027204	0.038485	0.016704	0.015308
contig_4_segment0	1023041	1343691	0.033871	0.047696	0.020777	0.018086
contig_4_segment0	1084163	1393073	0.035274	0.050121	0.021846	0.020036
contig_4_segment0	1140453	1444498	0.040584	0.056923	0.025208	0.022001
contig_4_segment0	1190138	1499260	0.061280	0.082690	0.037956	0.036307
contig_4_segment0	1240940	1548893	0.054417	0.074928	0.034089	0.034120
contig_4_segment0	1297119	1607881	0.047329	0.064877	0.030149	0.029668
contig_4_segment0	1343719	1689618	0.041682	0.057249	0.026818	0.027937
contig_4_segment0	1393077	1777664	0.046781	0.062962	0.030432	0.029679
contig_4_segment0	1444591	1865177	0.046977	0.061826	0.030037	0.029969
contig_4_segment0	1499267	1940624	0.041946	0.056634	0.027058	0.025130
contig_4_segment0	1549074	2011314	0.022911	0.030439	0.014624	0.012545
contig_4_segment0	1608348	2069516	0.014757	0.019823	0.009452	0.010016
contig_4_segment0	1689836	2128364	0.024850	0.032749	0.015295	0.014685
contig_4_segment0	1777721	2200090	0.025118	0.033067	0.015197	0.015879
contig_4_segment0	1865193	2282066	0.030987	0.042149	0.018902	0.017992
contig_4_segment0	1940639	2353720	0.041822	0.057093	0.025551	0.024860
contig_4_segment0	2011318	2435124	0.063040	0.084574	0.038546	0.035478
contig_4_segment0	2069584	2498739	0.066633	0.088094	0.039820	0.036355
contig_4_segment0	2128421	2558535	0.086288	0.116155	0.054159	0.049972
contig_4_segment0	2200359	2672809	0.059331	0.081381	0.037409	0.032559
contig_4_segment0	2282289	2795274	0.034638	0.046647	0.021623	0.020700
contig_4_segment0	2353721	2923190	0.011759	0.015557	0.007272	0.007294
contig_4_segment0	2435138	3011634	0.016697	0.023383	0.010598	0.011266
contig_4_segment0	2498751	3096465	0.030286	0.041706	0.019126	0.019038
contig_4_segment0	2558554	3183775	0.019595	0.025909	0.011991	0.012441
contig_4_segment0	2672985	3290824	0.053402	0.070199	0.032885	0.034544
contig_4_segment0	2795504	3376389	0.076421	0.101534	0.048381	0.046998
contig_4_segment0	2923215	3447868	0.098469	0.132293	0.062179	0.059839
contig_4_segment0	3011855	3529819	0.116649	0.149240	0.072485	0.072105
contig_4_segment0	3096514	3628389	0.097744	0.126780	0.061725	0.061861
contig_4_segment0	3183797	3725864	0.091125	0.117458	0.056388	0.055723
contig_4_segment0	3290843	3821673	0.076391	0.096843	0.046105	0.047023
contig_4_segment0	3376394	3909723	0.073954	0.093684	0.044245	0.046533
contig_4_segment0	3448000	4005218	0.075687	0.090519	0.044323	0.047388
contig_4_segment0	3529911	4089152	0.046308	0.056302	0.027321	0.029067
contig_4_segment0	3628409	4168881	0.043465	0.054540	0.026093	0.026184
contig_4_segment0	3725866	4253894	0.064955	0.082696	0.039500	0.038551
contig_4_segment0	3821823	4363708	0.085923	0.106610	0.052332	0.049857
contig_4_segment0	3909758	4472057	0.089751	0.109649	0.054234	0.052571
contig_4_segment0	4005226	4579710	0.052654	0.068433	0.032981	0.031800
contig_4_segment0	4089324	4600003	0.053267	0.074401	0.035536	0.031469
contig_4_segment0	4168920	4674285	0.042841	0.058935	0.029066	0.025611
contig_4_segment0	4253895	4756822	0.012223	0.016708	0.008372	0.008160
contig_4_segment0	4363709	4854939	-0.004779	-0.006509	-0.003217	-0.001342
contig_4_segment0	4472065	4930709	-0.001499	-0.002022	-0.001006	-0.000430
contig_4_segment0	4580007	5053948	0.034616	0.044529	0.022487	0.017638
contig_4_segment0	4600080	5129041	0.052872	0.060592	0.031514	0.027428
contig_4_segment0	4674345	5234133	0.076528	0.082796	0.043242	0.042363
contig_4_segment0	4756827	5350857	0.104918	0.114161	0.058086	0.059276
contig_4_segment0	4854947	5469047	0.094179	0.104778	0.052209	0.053110
contig_4_segment0	4930777	5593639	0.070816	0.075750	0.038166	0.038098
contig_4_segment0	5053953	5698750	0.062031	0.068233	0.034062	0.032358
contig_4_segment0	5129468	5801427	0.066821	0.074720	0.036843	0.036304
contig_4_segment0	5234163	5871396	0.057837	0.067818	0.032360	0.027726
contig_4_segment0	5350864	5963350	0.023684	0.027430	0.013311	0.007818
contig_4_segment0	5469132	6069012	0.029905	0.033803	0.016828	0.011757
contig_4_segment0	5593764	6180720	0.026482	0.031224	0.015309	0.010991
contig_4_segment0	5698755	6287139	0.025312	0.028929	0.014451	0.011201
contig_4_segment0	5801436	6426099	-0.004431	-0.004742	-0.002395	-0.005185
contig_4_segment0	5871427	6565629	0.013938	0.014349	0.007298	0.005450
contig_4_segment0	5963368	6695676	0.023973	0.024996	0.012750	0.011252
contig_4_segment0	6069016	6848348	0.024103	0.024889	0.012881	0.010930
contig_4_segment0	6180766	7017443	0.049487	0.048673	0.025285	0.027676
contig_4_segment0	6287244	7113931	0.053780	0.054342	0.027536	0.031414
contig_4_segment0	6426198	7235000	0.053294	0.058683	0.028595	0.031282
contig_4_segment0	6565953	7327271	0.051726	0.058661	0.028753	0.031368
contig_4_segment0	6695719	7495679	0.063012	0.069877	0.034226	0.040511
contig_4_segment0	6848684	7667795	0.055167	0.060718	0.029411	0.035318
contig_4_segment0	7018289	7810998	0.073068	0.080749	0.039391	0.044667
contig_4_segment0	7114016	7955560	0.088220	0.094067	0.045920	0.053021
contig_4_segment0	7235120	8140429	0.092071	0.093402	0.046219	0.056998
contig_4_segment0	7327717	8298694	0.098878	0.096614	0.046630	0.061091
contig_4_segment0	7495898	8427493	0.077545	0.075259	0.035730	0.048217
contig_4_segment0	7668174	8542167	0.089885	0.088008	0.041116	0.056388
contig_4_segment0	7810999	8668070	0.095461	0.091250	0.042400	0.061554
contig_4_segment0	7955611	8805189	0.064118	0.060554	0.028251	0.040886
contig_4_segment0	8140897	8924148	0.074871	0.072134	0.033084	0.044907
contig_4_segment0	8299018	9107611	0.034249	0.033451	0.015094	0.019969
contig_4_segment0	8427514	9372483	0.053314	0.046818	0.022222	0.031226
contig_4_segment0	8542612	9615095	0.077515	0.063912	0.031008	0.048746
contig_4_segment0	8668242	9841169	0.041148	0.035344	0.016809	0.025120
contig_4_segment0	8805239	10097335	0.071820	0.058320	0.028390	0.046086
contig_4_segment0	8924154	10366605	0.021129	0.016718	0.008081	0.013203
contig_4_segment0	9107884	10587333	0.075307	0.057154	0.028766	0.052288
contig_4_segment0	9372525	10872205	0.094195	0.073533	0.035661	0.062190
contig_4_segment0	9615118	11077854	0.072956	0.057834	0.028249	0.048103
contig_4_segment0	9841366	11277325	0.104612	0.080840	0.041343	0.067426
contig_4_segment0	10097401	11451063	0.077485	0.063162	0.031572	0.049193
contig_4_segment0	10367097	11635945	0.116440	0.095029	0.048916	0.074017
contig_4_segment0	10587388	11799415	0.084907	0.074424	0.037814	0.052183
contig_4_segment0	10872226	11986724	0.059969	0.054844	0.028934	0.037019
contig_4_segment0	11077860	12283189	0.056749	0.052144	0.027218	0.033524
contig_4_segment0	11277526	12469856	0.033655	0.030988	0.015746	0.019393
contig_4_segment0	11451174	12704311	0.076686	0.069296	0.035993	0.046073
contig_4_segment0	11636015	12924905	0.082051	0.072393	0.037956	0.047748
contig_4_segment0	11799425	13167819	0.061746	0.053577	0.028185	0.036313
contig_4_segment0	11986999	13383985	0.076639	0.064381	0.034002	0.044225
contig_4_segment0	12283198	13597251	0.071530	0.060969	0.032596	0.040069
contig_4_segment0	12471023	13748758	0.058065	0.052237	0.027862	0.031187
contig_4_segment0	12704485	13902431	0.038046	0.033975	0.018360	0.019846
contig_4_segment0	12925337	14041015	0.051177	0.047235	0.025448	0.026374
contig_4_segment0	13168399	14285735	0.055791	0.047798	0.025982	0.028645
contig_4_segment0	13383989	14531431	0.037057	0.029682	0.016618	0.018080
contig_4_segment0	13597337	14770162	0.013048	0.009456	0.005471	0.006967
contig_4_segment0	13748769	15021065	-0.008221	-0.005493	-0.003203	-0.003887
contig_4_segment0	13902572	15259870	-0.000629	-0.000390	-0.000230	0.000908
contig_4_segment0	14041155	15493737	-0.008658	-0.005245	-0.003124	-0.003435
contig_4_segment0	14285799	15780580	-0.020169	-0.012123	-0.007355	-0.011099
contig_4_segment0	14531451	16076827	-0.001600	-0.001008	-0.000595	0.000675
contig_4_segment0	14770387	16338541	0.019436	0.012745	0.007414	0.009852
contig_4_segment0	15021093	16629273	0.027480	0.017623	0.010377	0.012033
contig_4_segment0	15260037	16927871	-0.053347	-0.036588	-0.020982	-0.031815
contig_4_segment0	15494044	17237483	-0.059734	-0.042320	-0.024091	-0.033467
contig_4_segment0	15780583	17566591	-0.024094	-0.015727	-0.009108	-0.014905
contig_4_segment0	16076830	17779089	-0.025503	-0.015678	-0.009343	-0.015581
contig_4_segment0	16338865	17996979	-0.000960	-0.000558	-0.000341	-0.004100
contig_4_segment0	16629283	18242185	-0.036749	-0.022390	-0.013666	-0.022957
contig_4_segment0	16927959	18500166	0.041761	0.025046	0.015683	0.019564
contig_4_segment0	17237503	18759451	0.075789	0.043405	0.027535	0.040357
contig_4_segment0	17566988	19070051	0.035128	0.021012	0.013497	0.021090
contig_4_segment0	17779099	19285861	0.039177	0.024017	0.015441	0.024542
contig_4_segment0	17996982	19529778	0.024502	0.016320	0.010110	0.015772
contig_4_segment0	18242192	19691041	0.093903	0.060312	0.037246	0.055626
contig_4_segment0	18500168	20062120	0.084419	0.048131	0.029952	0.047969
contig_4_segment0	18759595	20413085	0.050821	0.027458	0.017248	0.026574
contig_4_segment0	19070374	20838681	0.036677	0.018158	0.011480	0.017262
contig_4_segment0	19285891	21056079	-0.003321	-0.001609	-0.001020	-0.004236
contig_4_segment0	19529885	21319827	0.008578	0.004045	0.002610	0.002899
contig_4_segment0	19691043	21515263	-0.024291	-0.012206	-0.007794	-0.015495
contig_4_segment0	20063465	21818537	-0.040264	-0.021344	-0.013938	-0.025010
contig_4_segment0	20413095	22354354	-0.021139	-0.010762	-0.007138	-0.014991
contig_4_segment0	20838918	22846789	0.016640	0.008609	0.005673	0.007104
contig_4_segment0	21056104	23203634	-0.001720	-0.000887	-0.000576	-0.002174
contig_4_segment0	21319836	23550602	-0.004313	-0.002087	-0.001382	-0.004945
contig_4_segment0	21515278	24032364	0.026380	0.011608	0.007832	0.011660
contig_4_segment0	21828233	24757814	0.018699	0.007175	0.004836	0.008360
contig_4_segment0	22354791	25077056	0.012333	0.004853	0.003253	0.005335
contig_4_segment0	22846826	25579866	0.001989	0.000732	0.000491	-0.001312
contig_4_segment0	23204028	26117848	0.030445	0.010126	0.007093	0.010541
contig_4_segment0	23550605	26679296	0.023978	0.007897	0.005372	0.010520
contig_4_segment0	24032379	26741364	0.071534	0.028185	0.018908	0.036974
contig_4_segment0	24757815	27054549	0.112577	0.055505	0.035326	0.059985
contig_4_segment0	25079175	27540093	0.115700	0.052409	0.033073	0.063846
contig_4_segment0	25579873	27874738	0.095289	0.047271	0.029617	0.051523
contig_4_segment0	26117854	28107645	0.114824	0.062923	0.038365	0.064423
contig_4_segment0	26679715	28274018	0.107352	0.065675	0.040730	0.057310
contig_4_segment0	26741367	28695917	0.073496	0.035894	0.022859	0.039493
contig_4_segment0	27054550	28937714	0.041036	0.019496	0.012941	0.020801
contig_4_segment0	27540116	29147611	0.033377	0.017705	0.012123	0.016183
contig_4_segment0	27874751	29735062	0.059620	0.029355	0.020180	0.030518
contig_4_segment0	28107656	30450383	-0.001653	-0.000710	-0.000486	-0.000009
contig_4_segment0	28274024	31029989	0.002539	0.000961	0.000656	-0.000055
contig_4_segment0	28695925	31464011	-0.025402	-0.009540	-0.006633	-0.016417
contig_4_segment0	28937729	31989218	-0.002192	-0.000771	-0.000533	-0.002980
contig_4_segment0	29147614	31995627	-0.012866	-0.005101	-0.003462	-0.009332
contig_4_segment0	29735084	32019848	0.011216	0.005283	0.003556	0.011163
contig_4_segment0	30451341	32426906	-0.011075	-0.005571	-0.003786	0.002898
contig_4_segment0	31030002	32884097	-0.025337	-0.013786	-0.009230	-0.002028
contig_4_segment0	31464115	33447611	-0.015701	-0.008699	-0.005621	0.004889
contig_4_segment0	31989234	34007568	-0.046772	-0.030167	-0.018899	-0.011685
contig_4_segment0	31995632	34443271	-0.030040	-0.016103	-0.010347	-0.002751
contig_4_segment0	32019853	34942214	-0.066844	-0.029144	-0.019306	-0.035459
contig_4_segment0	32426911	35317490	0.058163	0.026349	0.016987	0.040711
contig_4_segment0	32884139	35836671	0.038098	0.016241	0.010628	0.026318
contig_4_segment0	33447620	36364044	0.050998	0.020319	0.013675	0.033289
contig_4_segment0	34007595	36749432	0.042094	0.015145	0.010519	0.026957
contig_4_segment0	34443309	37213512	0.020649	0.006530	0.004600	0.012608
contig_4_segment0	34942327	37625252	0.080900	0.027461	0.019062	0.050043
contig_4_segment0	35317661	38105203	0.011520	0.003809	0.002650	0.005668
contig_4_segment0	35836681	38584996	0.059171	0.019927	0.013682	0.032851
contig_4_segment0	36364154	39320322	0.048966	0.015355	0.010696	0.026946
contig_4_segment0	36750985	39824255	0.095734	0.029533	0.020397	0.049543
contig_4_segment0	37213732	40430859	0.079729	0.025573	0.017554	0.040107
contig_4_segment0	37628502	40945275	0.022653	0.007037	0.004911	0.010487
contig_4_segment0	38105509	41311830	-0.074420	-0.023952	-0.016823	-0.039556
contig_4_segment0	38585001	41455880	-0.128079	-0.048037	-0.033689	-0.069488
contig_4_segment0	39323714	41732205	-0.168789	-0.077797	-0.052981	-0.094158
contig_4_segment0	39824277	42127853	-0.129192	-0.065492	-0.042783	-0.080041
contig_4_segment0	40430875	42396845	-0.154001	-0.095061	-0.059302	-0.097634
contig_4_segment0	40945290	42705178	-0.126047	-0.077316	-0.047623	-0.081191
contig_4_segment0	41311834	43147740	-0.086612	-0.048657	-0.030852	-0.055472
contig_4_segment0	41455882	43571665	-0.047350	-0.021381	-0.014339	-0.028458
contig_4_segment0	41732206	43992343	-0.041891	-0.017472	-0.011758	-0.025495
contig_4_segment0	42127857	44499072	-0.070915	-0.026048	-0.018417	-0.041721
contig_4_segment0	42396851	44995894	-0.013591	-0.004261	-0.003105	-0.007789
contig_4_segment0	42705551	45268774	-0.024617	-0.007638	-0.005580	-0.012272
contig_4_segment0	43147742	45805273	0.008974	0.002470	0.001815	0.004828
contig_4_segment0	43571669	46635730	-0.002119	-0.000550	-0.000405	-0.002034
contig_4_segment0	43992351	47352503	0.042136	0.010264	0.007562	0.023304
contig_4_segment0	44500890	47903580	0.037851	0.009241	0.006705	0.021258
contig_4_segment0	44996696	48441263	0.067791	0.017233	0.012112	0.037914
contig_4_segment0	45268775	49027860	0.068315	0.016623	0.011746	0.037876
contig_4_segment0	45805661	49483293	0.067727	0.017984	0.012703	0.036704
contig_4_segment0	46635921	49943916	0.075027	0.021356	0.014889	0.041935
contig_4_segment0	47352522	50433116	0.032880	0.010316	0.007263	0.018844
contig_4_segment0	47903590	51162396	0.005001	0.001593	0.001105	0.004162
contig_4_segment0	48441278	51585086	-0.001254	-0.000382	-0.000273	0.002367
contig_4_segment0	49027862	52173572	-0.003995	-0.001198	-0.000857	0.002263
contig_4_segment0	49489610	53054512	0.002542	0.000746	0.000538	0.006592
contig_4_segment0	49945122	53645862	-0.004569	-0.001356	-0.000957	0.000440
contig_4_segment0	50434946	54369736	0.027956	0.007764	0.005471	0.021235
contig_4_segment0	51165673	54537842	0.055877	0.016697	0.012069	0.034514
scaffold_13_segment0	533	578183	-0.026636	-0.036384	-0.017519	-0.010442
scaffold_13_segment0	10644	713732	-0.029480	-0.034802	-0.017030	-0.013517
scaffold_13_segment0	23443	936370	0.002583	0.002619	0.001280	0.003501
scaffold_13_segment0	122716	1162737	0.010393	0.009543	0.004544	0.009335
scaffold_13_segment0	248845	1265443	0.019859	0.018368	0.008828	0.013316
scaffold_13_segment0	385052	1594673	0.017528	0.016659	0.007993	0.011293
