chr	windowStart	windowEnd	D	f_d	f_dM	d_f
contig_1888_segment0	13581	176889	-0.010017	-0.011465	-0.006727	-0.005230
contig_1888_segment0	176919	303709	-0.017556	-0.024701	-0.013908	-0.009109
contig_1888_segment0	303710	350064	0.008078	0.020413	0.011030	-0.002328
contig_1888_segment0	350109	447290	-0.023341	-0.050527	-0.027022	-0.013854
contig_1888_segment0	449288	577593	-0.021333	-0.041583	-0.022896	-0.009503
contig_1888_segment0	577612	831874	-0.043757	-0.034321	-0.021287	-0.016038
contig_1888_segment0	831875	874010	-0.012055	-0.027387	-0.014995	-0.007543
contig_1888_segment0	874026	920010	0.031906	0.055109	0.030160	0.010158
contig_1888_segment0	920056	981076	0.101316	0.186692	0.094394	0.033098
contig_1888_segment0	981080	1055571	0.034377	0.063805	0.031063	0.006398
contig_1888_segment0	1055572	1123086	-0.034019	-0.035392	-0.023891	-0.012771
contig_1888_segment0	1124160	1274272	0.268757	0.265869	0.161652	0.145081
contig_1888_segment0	1274299	1432671	0.099444	0.082973	0.045871	0.050437
contig_1888_segment0	1432740	1651946	0.126675	0.111794	0.057341	0.077601
contig_1888_segment0	1652305	1889340	0.208416	0.203165	0.116557	0.132258
contig_1888_segment0	1889354	2046861	-0.016366	-0.019312	-0.008981	-0.016369
contig_1888_segment0	2046862	2207380	-0.085607	-0.094987	-0.048909	-0.045549
contig_1888_segment0	2207590	2381839	-0.088540	-0.081247	-0.043887	-0.060713
contig_1888_segment0	2382039	2488747	-0.134252	-0.209352	-0.102237	-0.074845
contig_1888_segment0	2488892	2640977	-0.044429	-0.051502	-0.024664	-0.024551
contig_1888_segment0	2641131	2748390	0.144851	0.194367	0.093389	0.082255
contig_1888_segment0	2748769	2832220	0.151659	0.147821	0.083959	0.102515
contig_1888_segment0	2832403	2900519	0.056445	0.072045	0.033218	0.038862
contig_1888_segment0	2900790	2967720	-0.001737	-0.001939	-0.000981	-0.000090
contig_1888_segment0	2967741	3044972	0.078156	0.094862	0.048239	0.055944
contig_1888_segment0	3045097	3107868	0.015486	0.018917	0.009625	0.013261
contig_1888_segment0	3107934	3168053	-0.035981	-0.049439	-0.024594	-0.022341
contig_1888_segment0	3168143	3212823	0.034739	0.043661	0.023926	0.027942
contig_1888_segment0	3212824	3308512	0.145488	0.164486	0.076157	0.094362
contig_1888_segment0	3308644	3416047	0.057963	0.059713	0.029417	0.023716
contig_1888_segment0	3416125	3540140	0.073477	0.080774	0.044448	0.071141
contig_1888_segment0	3540350	3652684	0.143776	0.138964	0.081854	0.085200
contig_1888_segment0	3652968	3800534	0.106402	0.091069	0.047991	0.075307
contig_1888_segment0	3800548	3892847	0.142364	0.159435	0.085260	0.088633
contig_1888_segment0	3892976	3978374	0.315328	0.371366	0.211432	0.211304
contig_1888_segment0	3978408	4085506	0.097049	0.120785	0.049547	0.060596
contig_1888_segment0	4085511	4145541	0.030853	0.040328	0.019945	0.023070
contig_1888_segment0	4145718	4208091	-0.012049	-0.016586	-0.007886	-0.012120
contig_1888_segment0	4208188	4266362	-0.015159	-0.021247	-0.009585	-0.006332
contig_1888_segment0	4266634	4348035	0.022551	0.024189	0.012295	0.020569
contig_1888_segment0	4348695	4416020	0.145342	0.145905	0.080091	0.088622
contig_1888_segment0	4416058	4503792	-0.104219	-0.135769	-0.066269	-0.076168
contig_1888_segment0	4504143	4613176	0.101228	0.083159	0.044009	0.060649
contig_1888_segment0	4613364	4713947	0.039010	0.037956	0.020505	0.017991
contig_1888_segment0	4713951	4803483	0.049817	0.049990	0.025191	0.030653
contig_1888_segment0	4803503	4846510	-0.064096	-0.082378	-0.036944	-0.025846
contig_1888_segment0	4846728	4916491	0.092701	0.105495	0.050638	0.055834
contig_1888_segment0	4916492	4981118	0.179034	0.165640	0.097779	0.101889
contig_1888_segment0	4981138	5059008	0.006268	0.007486	0.003901	0.001130
contig_1888_segment0	5059222	5136924	0.005874	0.006332	0.003058	-0.002406
contig_1888_segment0	5136981	5208649	0.089871	0.102163	0.048158	0.047668
contig_1888_segment0	5208984	5281940	0.049402	0.050104	0.026292	0.044220
contig_1888_segment0	5281954	5362107	0.081003	0.081178	0.044807	0.054881
contig_1888_segment0	5362132	5437250	-0.024063	-0.031300	-0.016189	-0.021018
contig_1888_segment0	5437296	5492412	-0.186133	-0.251274	-0.124019	-0.124484
contig_1888_segment0	5492459	5544851	0.053468	0.067972	0.031009	0.029808
contig_1888_segment0	5544856	5602672	0.124949	0.139190	0.075811	0.080194
contig_1888_segment0	5602748	5670171	0.146963	0.140407	0.078234	0.101734
contig_1888_segment0	5670174	5744271	-0.010005	-0.012481	-0.005884	-0.016041
contig_1888_segment0	5744282	5827095	0.019690	0.020791	0.011175	0.009453
contig_1888_segment0	5827104	5942993	-0.069636	-0.071353	-0.033367	-0.053847
contig_1888_segment0	5943153	6049183	-0.081366	-0.091711	-0.043667	-0.066032
contig_1888_segment0	6049214	6135785	0.118138	0.119592	0.059444	0.074060
contig_1888_segment0	6136067	6206249	0.052223	0.054958	0.028625	0.030853
contig_1888_segment0	6206254	6259611	-0.006975	-0.009418	-0.004691	-0.012512
contig_1888_segment0	6259613	6349350	-0.004534	-0.005049	-0.002526	-0.004819
contig_1888_segment0	6349446	6427101	0.047648	0.059233	0.029499	0.023452
contig_1888_segment0	6427128	6512557	0.014535	0.015668	0.007919	0.014577
contig_1888_segment0	6513074	6617117	0.153239	0.152733	0.069764	0.073668
contig_1888_segment0	6617258	6711951	-0.008183	-0.009815	-0.004855	-0.012278
contig_1888_segment0	6712268	6806811	0.096279	0.115569	0.060169	0.061856
contig_1888_segment0	6806987	6896034	0.075354	0.080399	0.041816	0.045620
contig_1888_segment0	6896052	6960672	0.080879	0.097977	0.044357	0.047573
contig_1888_segment0	6960743	7036662	-0.043571	-0.060403	-0.024744	-0.027953
contig_1888_segment0	7036676	7110393	0.041495	0.051085	0.020299	0.026529
contig_1888_segment0	7110399	7165060	0.123877	0.145069	0.070855	0.071567
contig_1888_segment0	7165068	7215985	0.238609	0.290905	0.155976	0.148554
contig_1888_segment0	7216163	7266812	0.023561	0.032895	0.015784	0.008837
contig_1888_segment0	7266818	7319343	-0.025768	-0.030712	-0.014493	-0.015830
contig_1888_segment0	7319351	7370877	0.024362	0.031802	0.014846	0.020561
contig_1888_segment0	7370898	7421831	0.120645	0.146443	0.072350	0.077695
contig_1888_segment0	7421858	7471271	0.033111	0.042880	0.019735	0.019520
contig_1888_segment0	7471306	7521466	0.175555	0.206632	0.103173	0.113794
contig_1888_segment0	7521811	7562647	-0.071186	-0.132603	-0.042432	-0.041953
contig_1888_segment0	7562688	7608093	0.069516	0.097311	0.039157	0.036346
contig_1888_segment0	7608203	7655191	0.103161	0.134210	0.062052	0.069185
contig_1888_segment0	7655210	7699232	0.043500	0.056550	0.027920	0.028654
contig_1888_segment0	7699304	7744989	-0.044351	-0.066217	-0.025877	-0.025723
contig_1888_segment0	7745017	7785401	0.196803	0.222824	0.115038	0.132927
contig_1888_segment0	7785413	7836857	0.079259	0.103955	0.048635	0.044329
contig_1888_segment0	7836905	7883159	0.047211	0.060493	0.027722	0.029846
contig_1888_segment0	7883207	7937119	0.044887	0.059995	0.024187	0.013565
contig_1888_segment0	7937210	7992282	0.013685	0.016144	0.007474	0.012378
contig_1888_segment0	7992301	8049959	0.014911	0.018418	0.008467	0.000976
contig_1888_segment0	8050195	8100900	0.006977	0.009189	0.004465	-0.005104
contig_1888_segment0	8101359	8153400	0.033430	0.041922	0.019554	0.019787
contig_1888_segment0	8153407	8207851	-0.011252	-0.015054	-0.006539	-0.001966
contig_1888_segment0	8207963	8254427	0.106693	0.137639	0.064296	0.067388
contig_1888_segment0	8254674	8302967	-0.008005	-0.009515	-0.004572	-0.002051
contig_1888_segment0	8303082	8351041	0.043285	0.061889	0.025428	0.014712
contig_1888_segment0	8351071	8409106	0.126535	0.141986	0.073049	0.083043
contig_1888_segment0	8409110	8475229	0.070623	0.088187	0.042219	0.039710
contig_1888_segment0	8475253	8543123	0.030820	0.034996	0.017122	0.017053
contig_1888_segment0	8543134	8601427	0.022340	0.028918	0.014219	0.014951
contig_1888_segment0	8601440	8659981	0.145936	0.181022	0.090430	0.095859
contig_1888_segment0	8660084	8719709	0.158166	0.192612	0.094482	0.097674
contig_1888_segment0	8719770	8780413	0.118504	0.150007	0.070741	0.073558
contig_1888_segment0	8780594	8863870	0.297046	0.369967	0.176206	0.200150
contig_1888_segment0	8863917	8964837	0.092719	0.106001	0.052526	0.054537
contig_1888_segment0	8964839	9036256	0.038607	0.051539	0.023509	0.024888
contig_1888_segment0	9036258	9115827	0.130661	0.150776	0.076180	0.081496
contig_1888_segment0	9115831	9236097	0.039823	0.039567	0.020493	0.031917
contig_1888_segment0	9236118	9326108	0.033461	0.037052	0.016914	0.030213
contig_1888_segment0	9326138	9480619	0.162875	0.142779	0.074540	0.098897
contig_1888_segment0	9480624	9610986	0.123876	0.120416	0.059781	0.085568
contig_1888_segment0	9611179	9728529	0.051049	0.069211	0.033352	0.034505
contig_1888_segment0	9728536	9804791	0.193434	0.237309	0.105768	0.116855
contig_1888_segment0	9804808	9878064	0.049961	0.059482	0.027491	0.023021
contig_1888_segment0	9878140	9949722	0.042741	0.044489	0.022771	0.033735
contig_1888_segment0	9949752	10020752	0.097454	0.105343	0.052186	0.058699
contig_1888_segment0	10020758	10111115	0.145071	0.150800	0.081970	0.093485
contig_1888_segment0	10111205	10211651	0.060389	0.070302	0.035406	0.036662
contig_1888_segment0	10212186	10319290	0.124538	0.144377	0.071213	0.081095
contig_1888_segment0	10319439	10435945	0.068372	0.079486	0.035749	0.044559
contig_1888_segment0	10436259	10537501	-0.016993	-0.019099	-0.008598	-0.011563
contig_1888_segment0	10537615	10603875	-0.016281	-0.021885	-0.009692	-0.003925
contig_1888_segment0	10603878	10665948	0.056691	0.071063	0.033248	0.032578
contig_1888_segment0	10665955	10728403	-0.031081	-0.031267	-0.016886	-0.019824
contig_1888_segment0	10728599	10794206	0.037456	0.044899	0.021607	0.012041
contig_1888_segment0	10794275	10852430	-0.053433	-0.068366	-0.029977	-0.039276
contig_1888_segment0	10852482	10914053	0.079301	0.086609	0.043762	0.051841
contig_1888_segment0	10914176	11000517	-0.072183	-0.080884	-0.039371	-0.047390
contig_1888_segment0	11001145	11159449	0.011225	0.009306	0.005122	0.007713
contig_1888_segment0	11160100	11608684	0.014574	0.008788	0.004940	-0.000049
contig_1888_segment0	11608688	11615018	-0.040961	-0.617452	-0.151199	-0.017998
contig_235_segment0	3145	8990	-0.043751	-0.253491	-0.080413	-0.021542
contig_235_segment0	8991	25826	-0.000131	-0.000639	-0.000252	-0.002824
contig_235_segment0	25843	41525	0.007796	0.040210	0.017280	0.001533
contig_235_segment0	41542	54666	-0.011016	-0.039969	-0.020412	-0.008761
contig_235_segment0	54675	61826	0.046900	0.202002	0.105998	0.025861
contig_235_segment0	61829	68186	-0.000584	-0.003324	-0.001411	-0.002515
contig_235_segment0	68187	80157	0.072851	0.211786	0.132058	0.026719
contig_235_segment0	80168	91336	-0.026697	-0.118791	-0.054090	-0.009695
contig_235_segment0	91337	106393	-0.032569	-0.201764	-0.065674	-0.016041
contig_235_segment0	106394	118939	-0.005754	-0.020687	-0.009847	-0.006456
contig_235_segment0	118952	132271	0.003628	0.014669	0.007758	0.003127
contig_235_segment0	132286	136833	-0.042691	-0.481373	-0.123850	-0.017603
contig_235_segment0	136836	162560	-0.030700	-0.115996	-0.044985	-0.011925
scaffold_335_segment0	18808	171641	-0.014445	-0.014391	-0.009978	-0.007632
scaffold_335_segment0	171648	278872	-0.007339	-0.011645	-0.007890	-0.002205
scaffold_335_segment0	278884	322889	-0.025371	-0.064182	-0.033225	-0.010356
scaffold_335_segment0	322890	737066	-0.001941	-0.000674	-0.000456	-0.000360
scaffold_335_segment0	737850	951500	0.083239	0.055582	0.030920	0.040073
scaffold_335_segment0	951506	1147309	-0.054673	-0.034631	-0.019424	-0.042806
scaffold_335_segment0	1148057	1274253	-0.012713	-0.009458	-0.005434	-0.002214
scaffold_335_segment0	1274255	1282208	0.029260	0.117504	0.060006	0.011572
scaffold_335_segment0	1282209	1287493	0.013483	0.080999	0.036870	0.006073
scaffold_335_segment0	1287498	1297027	-0.030440	-0.169994	-0.073641	-0.006766
scaffold_335_segment0	1297092	1431216	0.012306	0.009317	0.005570	0.008851
scaffold_335_segment0	1431228	1611368	0.029795	0.024946	0.013063	0.003360
scaffold_335_segment0	1611484	1768959	0.056720	0.049826	0.028205	0.033569
scaffold_335_segment0	1769055	1906400	0.004014	0.003991	0.001864	-0.004396
scaffold_335_segment0	1906586	2064219	0.122984	0.091963	0.051305	0.077140
scaffold_335_segment0	2064231	2199431	-0.085982	-0.090006	-0.043874	-0.054270
scaffold_335_segment0	2199916	2316754	0.069729	0.079827	0.036162	0.038488
scaffold_335_segment0	2316994	2418169	0.098230	0.108165	0.051969	0.069802
scaffold_335_segment0	2418266	2497549	0.012280	0.011764	0.005519	0.008886
scaffold_335_segment0	2497585	2569678	-0.024533	-0.029183	-0.013227	-0.014430
scaffold_335_segment0	2569724	2647101	-0.119512	-0.231455	-0.084179	-0.068992
scaffold_335_segment0	2647110	2728289	0.113988	0.114977	0.060058	0.064950
scaffold_335_segment0	2728290	2804474	0.174348	0.180569	0.099989	0.112904
scaffold_335_segment0	2804475	2862732	0.014187	0.018543	0.010812	0.007845
scaffold_335_segment0	2862751	2939385	0.096311	0.113801	0.056924	0.053807
scaffold_335_segment0	2939387	3033857	0.023994	0.027577	0.014879	0.017901
scaffold_335_segment0	3033904	3171598	0.131194	0.128888	0.071787	0.086059
scaffold_335_segment0	3171702	3300198	0.105168	0.090248	0.051076	0.067111
scaffold_335_segment0	3300458	3408803	0.020376	0.017518	0.009633	0.011516
scaffold_335_segment0	3409002	3485420	-0.000711	-0.000737	-0.000337	0.005370
scaffold_335_segment0	3485695	3555344	-0.109789	-0.149963	-0.064462	-0.062870
scaffold_335_segment0	3555363	3626583	-0.069570	-0.073172	-0.038092	-0.047113
scaffold_335_segment0	3626638	3708706	-0.106936	-0.156537	-0.067861	-0.069146
scaffold_335_segment0	3708723	3785063	-0.197234	-0.201492	-0.105268	-0.125226
scaffold_335_segment0	3785082	3893279	-0.052080	-0.041789	-0.025848	-0.031781
scaffold_335_segment0	3893361	3962291	-0.082916	-0.124769	-0.052872	-0.050101
scaffold_335_segment0	3962327	4047662	0.072952	0.077738	0.040353	0.035995
scaffold_335_segment0	4047790	4145226	0.009530	0.009814	0.005294	0.000394
scaffold_335_segment0	4145230	4185228	0.050815	0.051914	0.031741	0.023215
scaffold_335_segment0	4185232	4268958	0.004520	0.006555	0.003058	-0.007470
scaffold_335_segment0	4269014	4444442	-0.182557	-0.171294	-0.090655	-0.129899
scaffold_335_segment0	4444456	4582700	-0.140755	-0.135625	-0.064643	-0.079439
scaffold_335_segment0	4582708	4695784	0.092305	0.080624	0.041716	0.060398
scaffold_335_segment0	4695793	4775336	0.083568	0.077445	0.041298	0.059300
scaffold_335_segment0	4775379	4856371	0.181346	0.201088	0.098575	0.110383
scaffold_335_segment0	4856444	4925668	0.044292	0.048340	0.024344	0.027942
scaffold_335_segment0	4925721	5008084	0.051044	0.051349	0.030089	0.029434
scaffold_335_segment0	5008258	5078172	0.082830	0.090781	0.044800	0.061235
scaffold_335_segment0	5078281	5143037	0.103547	0.100964	0.053100	0.065092
scaffold_335_segment0	5143044	5192057	-0.014147	-0.019708	-0.010984	-0.009261
scaffold_335_segment0	5192060	5214418	-0.013882	-0.021466	-0.011996	-0.009035
scaffold_335_segment0	5214433	5268576	0.087098	0.096005	0.053516	0.043263
scaffold_335_segment0	5268991	5384930	0.021506	0.021215	0.010628	0.014510
scaffold_335_segment0	5384955	5501124	0.112835	0.092285	0.052887	0.069872
scaffold_335_segment0	5501232	5589176	-0.002976	-0.002315	-0.001413	0.002050
scaffold_335_segment0	5589185	5670190	0.038072	0.022224	0.014126	0.017116
scaffold_335_segment0	5670265	5740514	0.066818	0.060775	0.037264	0.037455
scaffold_335_segment0	5740533	5839328	-0.007966	-0.007737	-0.004090	0.009065
scaffold_335_segment0	5839397	5925779	-0.107924	-0.098660	-0.055315	-0.053940
scaffold_335_segment0	5925835	6002539	0.043593	0.036523	0.019578	0.021694
scaffold_335_segment0	6002554	6072911	0.192861	0.196166	0.079754	0.102814
scaffold_335_segment0	6072916	6127076	0.062481	0.074418	0.035891	0.024016
scaffold_335_segment0	6127078	6187079	-0.175531	-0.211003	-0.097617	-0.097455
scaffold_335_segment0	6187084	6253648	0.104224	0.111708	0.054428	0.039667
scaffold_335_segment0	6254127	6317639	-0.009198	-0.010128	-0.005522	-0.002256
scaffold_335_segment0	6317640	6381789	-0.009216	-0.011126	-0.005352	-0.004387
scaffold_335_segment0	6381804	6433452	0.084970	0.115453	0.050786	0.051058
scaffold_335_segment0	6433508	6496403	0.088877	0.087483	0.046683	0.057302
scaffold_335_segment0	6496722	6556535	0.004089	0.004588	0.002239	0.000204
scaffold_335_segment0	6556537	6604242	0.026615	0.028514	0.014801	0.015602
scaffold_335_segment0	6604254	6646054	0.036846	0.056885	0.024610	0.028457
scaffold_335_segment0	6646089	6664890	-0.066781	-0.142419	-0.061937	-0.029856
scaffold_335_segment0	6665023	6691540	-0.003319	-0.004219	-0.002144	-0.000961
scaffold_335_segment0	6691544	6704792	0.025123	0.064569	0.029573	0.001904
scaffold_335_segment0	6704801	6775656	0.133527	0.146656	0.081712	0.083453
scaffold_335_segment0	6775858	6868367	0.164862	0.160229	0.068853	0.099138
scaffold_335_segment0	6868368	6939535	0.081279	0.103671	0.046496	0.039961
scaffold_335_segment0	6939536	7040384	0.047435	0.045765	0.022462	0.026853
scaffold_335_segment0	7040406	7114432	-0.107214	-0.154030	-0.070643	-0.077556
scaffold_335_segment0	7114442	7184279	0.050469	0.061073	0.025895	0.025000
scaffold_335_segment0	7184353	7248538	-0.015716	-0.020168	-0.010304	-0.015779
scaffold_335_segment0	7248540	7319256	0.057062	0.058851	0.029608	0.036610
scaffold_335_segment0	7319263	7396020	0.035162	0.039866	0.019777	0.020421
scaffold_335_segment0	7396024	7527348	-0.048810	-0.041008	-0.024122	-0.030108
scaffold_335_segment0	7527507	7680908	0.066078	0.057824	0.031472	0.038799
scaffold_335_segment0	7680936	7787944	-0.037975	-0.029566	-0.018119	-0.041802
scaffold_335_segment0	7787949	7898453	-0.039788	-0.035100	-0.020772	-0.015270
scaffold_335_segment0	7898493	8042047	-0.004696	-0.004615	-0.002237	-0.005722
scaffold_335_segment0	8042054	8155260	-0.055098	-0.050459	-0.027140	-0.045199
scaffold_335_segment0	8155408	8310943	-0.036186	-0.036269	-0.016504	-0.024227
scaffold_335_segment0	8310973	8452215	0.123446	0.102890	0.062636	0.088570
scaffold_335_segment0	8452216	8568734	-0.013998	-0.018843	-0.007469	-0.019276
scaffold_335_segment0	8568766	8659644	0.118222	0.135097	0.054873	0.071426
scaffold_335_segment0	8659683	8776061	-0.081369	-0.067964	-0.036153	-0.040548
scaffold_335_segment0	8776114	8921140	-0.025160	-0.024215	-0.011900	-0.018205
scaffold_335_segment0	8921145	9027133	0.041793	0.031196	0.017747	0.021163
scaffold_335_segment0	9027240	9157678	0.041374	0.039047	0.020206	0.009566
scaffold_335_segment0	9157722	9240560	-0.153360	-0.207560	-0.067997	-0.078969
scaffold_335_segment0	9240647	9409480	-0.078079	-0.061492	-0.037826	-0.050423
scaffold_335_segment0	9409485	9542714	0.250894	0.219374	0.118323	0.133889
scaffold_335_segment0	9542886	9692535	0.146392	0.132317	0.068985	0.079156
scaffold_335_segment0	9692639	9820251	-0.118964	-0.139188	-0.069312	-0.073346
scaffold_335_segment0	9820607	9956139	0.092889	0.085461	0.044149	0.053154
scaffold_335_segment0	9956241	10125564	-0.154474	-0.203803	-0.096911	-0.091881
scaffold_335_segment0	10125567	10270629	0.242630	0.203813	0.113696	0.169318
scaffold_335_segment0	10270898	10395445	-0.093650	-0.070680	-0.042105	-0.048872
scaffold_335_segment0	10395452	10500317	-0.050920	-0.057420	-0.029268	-0.032406
scaffold_335_segment0	10500424	10702472	0.063014	0.041448	0.023676	0.033832
scaffold_335_segment0	10702697	10869635	0.008211	0.006434	0.002730	-0.005899
scaffold_335_segment0	10869735	10993964	0.093912	0.087186	0.042498	0.052818
scaffold_335_segment0	10993996	11045177	0.071559	0.104859	0.056156	0.025882
scaffold_335_segment0	11045194	11250516	0.185750	0.137414	0.086772	0.112919
scaffold_335_segment0	11250597	11412262	-0.064700	-0.045830	-0.024065	-0.039935
scaffold_335_segment0	11412548	11550744	0.112711	0.085669	0.050485	0.086236
scaffold_335_segment0	11550822	11645597	-0.200229	-0.149664	-0.084978	-0.129327
scaffold_335_segment0	11646635	11767874	-0.004022	-0.004298	-0.002243	-0.004868
scaffold_335_segment0	11767875	11905960	-0.020353	-0.016187	-0.009126	-0.017390
scaffold_335_segment0	11906329	12079119	0.270534	0.157449	0.085534	0.160783
scaffold_335_segment0	12079134	12215122	0.058086	0.039083	0.022715	0.040847
scaffold_335_segment0	12215128	12328599	-0.020935	-0.022276	-0.011704	-0.014276
scaffold_335_segment0	12328991	12416529	-0.018021	-0.019052	-0.010127	-0.009140
scaffold_335_segment0	12416538	12483980	-0.193715	-0.307404	-0.140164	-0.117912
scaffold_335_segment0	12483986	12600605	-0.044061	-0.041500	-0.024959	-0.025821
scaffold_335_segment0	12600607	12784410	0.091374	0.071186	0.042661	0.068254
scaffold_335_segment0	12784610	12936830	0.111296	0.088628	0.043813	0.065841
scaffold_335_segment0	12937135	13116307	0.165330	0.106727	0.065570	0.112572
scaffold_335_segment0	13116944	13287309	0.216896	0.161025	0.092793	0.128799
scaffold_335_segment0	13288007	13441830	-0.113579	-0.103167	-0.056441	-0.076113
scaffold_335_segment0	13442150	13653135	-0.056331	-0.041685	-0.025331	-0.043529
scaffold_335_segment0	13653479	13891572	-0.122858	-0.079945	-0.048239	-0.096919
scaffold_335_segment0	13891695	14052814	0.102175	0.068266	0.038306	0.054127
scaffold_335_segment0	14052864	14250706	-0.144733	-0.104097	-0.065573	-0.115705
scaffold_335_segment0	14250716	14473964	0.212770	0.172316	0.114381	0.174829
scaffold_335_segment0	14474643	14701208	0.186797	0.114794	0.068948	0.110776
scaffold_335_segment0	14701241	14976786	-0.091434	-0.069446	-0.036663	-0.068634
scaffold_335_segment0	14976816	15297899	-0.160468	-0.093495	-0.052444	-0.115710
scaffold_335_segment0	15297911	15513664	-0.052066	-0.028794	-0.017235	-0.031379
scaffold_335_segment0	15513798	15761000	0.044146	0.039856	0.019392	0.027001
scaffold_335_segment0	15761177	15950974	0.212707	0.150240	0.079089	0.106881
scaffold_335_segment0	15951010	16158460	0.112687	0.113127	0.064791	0.055307
scaffold_335_segment0	16159220	16417849	0.042391	0.032747	0.016841	0.027326
scaffold_335_segment0	16420059	16623665	-0.168069	-0.069045	-0.045111	-0.091215
scaffold_335_segment0	16623667	16751887	-0.103624	-0.101305	-0.058191	-0.055180
scaffold_335_segment0	16752604	16875652	-0.096597	-0.124583	-0.051935	-0.036334
scaffold_335_segment0	16875718	16949211	-0.024899	-0.030311	-0.014537	-0.013679
scaffold_335_segment0	16949212	17042939	-0.015157	-0.019542	-0.009812	-0.012901
scaffold_335_segment0	17042970	17169042	-0.229756	-0.229314	-0.115954	-0.166331
scaffold_335_segment0	17169044	17272186	0.045689	0.046776	0.021847	0.022660
scaffold_335_segment0	17272190	17444484	-0.022047	-0.011656	-0.007068	-0.015303
scaffold_335_segment0	17445988	17584315	0.133614	0.074341	0.044168	0.073695
scaffold_335_segment0	17584495	17743318	0.024725	0.023247	0.011362	0.017722
scaffold_335_segment0	17743519	17842539	0.126700	0.100852	0.043718	0.058670
scaffold_335_segment0	17842813	17964978	0.072393	0.058291	0.033309	0.051188
scaffold_335_segment0	17965001	18052773	0.070214	0.072034	0.035967	0.034621
scaffold_335_segment0	18052775	18152054	0.000935	0.000940	0.000428	0.005820
scaffold_335_segment0	18152059	18251780	0.025742	0.026099	0.011060	0.014238
scaffold_335_segment0	18252129	18385765	-0.202604	-0.182540	-0.098797	-0.136131
scaffold_335_segment0	18385849	18519178	0.103218	0.109217	0.051902	0.050915
scaffold_335_segment0	18519266	18643390	-0.028321	-0.033654	-0.018181	-0.015700
scaffold_335_segment0	18643391	18801961	-0.065464	-0.042824	-0.028708	-0.044901
scaffold_335_segment0	18802321	18929727	0.043965	0.042346	0.018884	0.020668
scaffold_335_segment0	18930233	19053669	0.080535	0.079097	0.036005	0.046064
scaffold_335_segment0	19053921	19263999	0.092465	0.058073	0.031160	0.055204
scaffold_335_segment0	19264219	19531641	-0.133353	-0.081566	-0.051292	-0.092328
scaffold_335_segment0	19531642	19881237	-0.027775	-0.009883	-0.006872	-0.028876
scaffold_335_segment0	19881450	20111502	0.041523	0.022037	0.014676	0.025627
scaffold_335_segment0	20111603	20305080	0.018585	0.012570	0.006438	0.014117
scaffold_335_segment0	20305271	20522717	0.000920	0.000510	0.000301	-0.008581
scaffold_335_segment0	20522777	20708478	0.129120	0.112219	0.061931	0.077142
scaffold_335_segment0	20709023	20891490	0.147351	0.090577	0.055003	0.106071
scaffold_335_segment0	20891491	21050024	-0.190526	-0.189417	-0.086904	-0.108389
scaffold_335_segment0	21050127	21288720	-0.272148	-0.227806	-0.104445	-0.176415
scaffold_335_segment0	21288993	21423806	-0.011684	-0.007904	-0.005367	-0.006666
scaffold_335_segment0	21424097	21643327	0.101562	0.041748	0.029009	0.057485
scaffold_335_segment0	21643764	21842363	-0.028186	-0.012073	-0.007667	-0.015233
scaffold_335_segment0	21842878	22057399	-0.016691	-0.005766	-0.003585	-0.013208
scaffold_335_segment0	22058027	22244989	0.087624	0.053466	0.028992	0.053328
scaffold_335_segment0	22245464	22363070	0.178679	0.131533	0.089786	0.092199
scaffold_335_segment0	22363073	22596665	0.289835	0.270868	0.137009	0.157147
scaffold_335_segment0	22599691	22807506	-0.140292	-0.146088	-0.085639	-0.060404
scaffold_335_segment0	22807575	22925266	-0.136664	-0.194975	-0.083245	-0.062811
scaffold_335_segment0	22925316	23054986	-0.051005	-0.052162	-0.024954	-0.027395
scaffold_335_segment0	23055122	23456507	0.135458	0.038922	0.029306	0.071408
scaffold_335_segment0	23456511	23837253	0.220622	0.112153	0.062882	0.063397
scaffold_335_segment0	23837596	24220229	0.077880	0.040476	0.026345	0.019332
scaffold_335_segment0	24220241	24621461	0.019892	0.009174	0.006487	0.004933
scaffold_335_segment0	24624051	25136106	-0.143634	-0.029091	-0.023681	-0.069368
scaffold_335_segment0	25137679	25609003	0.184489	0.067035	0.048487	0.114608
scaffold_335_segment0	25609290	26035931	0.020821	0.005171	0.003547	0.014318
scaffold_335_segment0	26035953	26421022	-0.306113	-0.087708	-0.057617	-0.183409
scaffold_335_segment0	26421039	26565558	-0.160963	-0.093240	-0.061201	-0.083543
scaffold_335_segment0	26565563	26758489	0.104989	0.036878	0.026776	0.054402
scaffold_335_segment0	26758547	26870567	0.085378	0.053688	0.034572	0.040993
scaffold_335_segment0	26871027	26998719	-0.116926	-0.085738	-0.046062	-0.058156
scaffold_335_segment0	26999179	27188593	-0.054134	-0.036360	-0.023422	-0.038347
scaffold_335_segment0	27188659	27352969	-0.018221	-0.014474	-0.007736	-0.007794
scaffold_335_segment0	27353277	27531181	-0.172350	-0.119235	-0.056505	-0.088943
scaffold_335_segment0	27531208	27682412	0.107422	0.086916	0.035170	0.049880
scaffold_335_segment0	27682600	27812727	0.216165	0.139752	0.080857	0.117986
scaffold_335_segment0	27812739	28029114	0.433715	0.312537	0.168234	0.203979
scaffold_335_segment0	28030255	28364994	0.065468	0.057919	0.028856	0.032921
scaffold_335_segment0	28365856	28488215	-0.114888	-0.130463	-0.080682	-0.050362
scaffold_335_segment0	28488455	28754688	-0.146488	-0.084261	-0.051403	-0.072016
scaffold_335_segment0	28754896	28967323	-0.214086	-0.194284	-0.116787	-0.111744
scaffold_335_segment0	28967941	29045480	-0.211278	-0.573585	-0.257579	-0.085350
scaffold_335_segment0	29045521	29214144	-0.118654	-0.183733	-0.082873	-0.051036
scaffold_335_segment0	29214765	29480010	0.084994	0.034542	0.020940	0.037518
scaffold_335_segment0	29480012	29713216	-0.148075	-0.075894	-0.046676	-0.083207
scaffold_335_segment0	29713275	29953306	-0.120658	-0.053298	-0.034891	-0.069301
scaffold_335_segment0	29953311	30142460	0.194016	0.076828	0.051351	0.113545
scaffold_335_segment0	30142754	30407538	-0.298660	-0.306760	-0.145935	-0.200536
scaffold_335_segment0	30407571	30593614	-0.290834	-0.167612	-0.093261	-0.178333
scaffold_335_segment0	30593667	30725863	0.088140	0.072907	0.043487	0.043421
scaffold_335_segment0	30725987	30828125	0.394750	0.500665	0.225122	0.227544
scaffold_335_segment0	30828139	30931545	-0.102361	-0.078548	-0.038930	-0.061566
scaffold_335_segment0	30931578	30998589	0.011682	0.012207	0.007155	0.009329
scaffold_335_segment0	30998852	31091454	0.186074	0.118841	0.080330	0.092005
scaffold_335_segment0	31091461	31236654	-0.199894	-0.114165	-0.075612	-0.108459
scaffold_335_segment0	31236689	31401613	-0.019594	-0.011153	-0.007210	-0.013994
scaffold_335_segment0	31403199	31552540	-0.048105	-0.020793	-0.014070	-0.025546
scaffold_335_segment0	31554024	31684015	0.176673	0.111295	0.075620	0.091800
scaffold_335_segment0	31685999	31884095	0.168183	0.103461	0.059827	0.098418
scaffold_335_segment0	31884106	32038741	-0.144762	-0.142946	-0.072809	-0.068899
scaffold_335_segment0	32039024	32323506	0.014905	0.006337	0.004257	-0.001145
scaffold_335_segment0	32323993	32557605	-0.144158	-0.087717	-0.057355	-0.086386
scaffold_335_segment0	32557958	33002028	-0.233156	-0.130845	-0.077732	-0.144778
scaffold_335_segment0	33002314	33238649	0.049657	0.018945	0.014264	0.016086
scaffold_335_segment0	33238694	33506993	-0.060987	-0.030313	-0.017074	-0.027939
scaffold_335_segment0	33507009	33824476	0.033694	0.011357	0.007611	0.011336
scaffold_335_segment0	33824543	34030541	0.104872	0.097576	0.046330	0.059687
scaffold_335_segment0	34030582	34243382	0.305475	0.140199	0.089263	0.206004
scaffold_335_segment0	34243385	34509501	-0.034645	-0.015553	-0.009709	-0.021197
scaffold_335_segment0	34509548	34655966	-0.006189	-0.004240	-0.002117	-0.011947
scaffold_335_segment0	34656087	34770983	0.120418	0.162105	0.058216	0.060602
scaffold_335_segment0	34771074	34878808	0.135008	0.102476	0.057937	0.088120
scaffold_335_segment0	34878819	34927553	-0.029433	-0.064008	-0.024881	-0.018132
scaffold_335_segment0	34927906	35023515	-0.076723	-0.062615	-0.040043	-0.030770
scaffold_335_segment0	35023520	35119540	-0.104638	-0.152887	-0.070517	-0.049187
scaffold_335_segment0	35119817	35257530	0.141378	0.137583	0.054524	0.074081
scaffold_335_segment0	35257604	35441623	-0.191382	-0.105197	-0.067281	-0.105728
scaffold_335_segment0	35441866	35705537	-0.104267	-0.088243	-0.049819	-0.071349
scaffold_335_segment0	35705545	35880417	0.100465	0.097197	0.049536	0.054132
scaffold_335_segment0	35880427	36153220	0.133853	0.069389	0.045500	0.094273
scaffold_335_segment0	36155383	36451754	0.207236	0.176885	0.093270	0.084148
scaffold_335_segment0	36451760	36630010	-0.167817	-0.147679	-0.080367	-0.088234
scaffold_335_segment0	36630868	36907272	0.207531	0.084804	0.057391	0.116626
scaffold_335_segment0	36907324	37089830	0.319355	0.223348	0.142581	0.218387
scaffold_335_segment0	37089951	37249567	0.258941	0.176929	0.100480	0.189028
scaffold_335_segment0	37249573	37356642	0.028437	0.017048	0.010931	0.007404
scaffold_335_segment0	37356657	37472213	-0.040378	-0.036723	-0.018294	-0.018306
scaffold_335_segment0	37472228	37547529	0.040100	0.060451	0.031925	0.005268
scaffold_335_segment0	37547566	37650049	0.057397	0.086364	0.044370	0.024715
scaffold_335_segment0	37650256	37790264	0.126738	0.136543	0.077556	0.066025
scaffold_335_segment0	37790383	37924499	0.042747	0.031048	0.021430	0.019129
scaffold_335_segment0	37925555	38110841	-0.154782	-0.119182	-0.064797	-0.107816
scaffold_335_segment0	38110853	38353489	0.077005	0.061338	0.041626	0.064160
scaffold_335_segment0	38354964	38554715	0.226807	0.240808	0.145192	0.151406
scaffold_335_segment0	38555050	38733917	-0.066527	-0.088077	-0.035660	-0.035030
scaffold_335_segment0	38733919	38862356	0.023451	0.036416	0.013152	0.005234
scaffold_335_segment0	38862357	38983538	0.102210	0.133805	0.051781	0.041997
scaffold_335_segment0	38983555	39186431	0.201110	0.081270	0.054659	0.133578
scaffold_335_segment0	39186437	39339435	0.128682	0.073523	0.045741	0.086469
scaffold_335_segment0	39339842	39509812	0.103112	0.060997	0.040718	0.071400
scaffold_335_segment0	39510329	39827404	0.088836	0.030414	0.020846	0.061618
scaffold_335_segment0	39827449	40056410	-0.057742	-0.059943	-0.025330	-0.038312
scaffold_335_segment0	40056819	40213912	0.071157	0.097558	0.037785	0.042223
scaffold_335_segment0	40213923	40279501	0.097593	0.178505	0.064407	0.045234
scaffold_335_segment0	40279512	40388138	0.158916	0.218623	0.097617	0.105115
scaffold_335_segment0	40388179	40467964	0.052643	0.061922	0.033992	0.024431
scaffold_335_segment0	40467987	40502971	-0.007697	-0.017968	-0.008697	-0.005147
scaffold_335_segment0	40502977	40640987	0.106525	0.094563	0.048842	0.052628
scaffold_335_segment0	40641012	40747175	-0.256865	-0.391106	-0.190092	-0.169784
scaffold_335_segment0	40747293	40836245	-0.096473	-0.118476	-0.065317	-0.046351
scaffold_335_segment0	40836268	40907586	-0.062055	-0.107000	-0.052875	-0.028059
scaffold_335_segment0	40907587	40982655	-0.088954	-0.118652	-0.059261	-0.037264
scaffold_335_segment0	40982656	41070992	-0.154329	-0.202754	-0.114064	-0.070613
scaffold_335_segment0	41071210	41177933	0.145027	0.138215	0.076833	0.075120
scaffold_335_segment0	41177936	41325508	-0.281022	-0.198380	-0.110157	-0.153279
scaffold_335_segment0	41325967	41486043	0.029803	0.023921	0.013846	0.000022
scaffold_335_segment0	41486079	41609909	-0.222371	-0.170605	-0.094241	-0.135944
scaffold_335_segment0	41609928	41735221	0.011919	0.009878	0.005703	0.000762
scaffold_335_segment0	41735232	41835323	0.299319	0.407630	0.198227	0.165624
scaffold_335_segment0	41835333	41947652	0.383693	0.452379	0.227014	0.228616
scaffold_335_segment0	41947700	42050799	0.085436	0.072240	0.046777	0.056858
scaffold_335_segment0	42052315	42183970	-0.097865	-0.099195	-0.055894	-0.067719
scaffold_335_segment0	42184029	42349848	-0.487469	-0.439786	-0.238187	-0.331361
scaffold_335_segment0	42349977	42575089	0.051212	0.036721	0.021110	0.043722
scaffold_335_segment0	42575367	42737111	0.109612	0.123649	0.049514	0.048206
scaffold_335_segment0	42737207	42934190	-0.108994	-0.068800	-0.035677	-0.069125
scaffold_335_segment0	42934642	43169024	0.228032	0.078374	0.050520	0.153569
scaffold_335_segment0	43169066	43375329	-0.128834	-0.103671	-0.048428	-0.111710
scaffold_335_segment0	43376219	43581401	0.035518	0.025108	0.011988	0.024276
scaffold_335_segment0	43582421	43766516	-0.017331	-0.013644	-0.006181	-0.009389
scaffold_335_segment0	43766711	43978273	-0.460008	-0.510261	-0.227684	-0.308598
scaffold_335_segment0	43979062	44367627	0.033044	0.011440	0.007821	0.028047
scaffold_335_segment0	44368282	44602612	-0.024520	-0.019023	-0.009731	-0.015287
scaffold_335_segment0	44602624	44921050	0.469180	0.410648	0.229517	0.382658
scaffold_335_segment0	44921908	45119768	0.221453	0.204404	0.118276	0.165001
scaffold_335_segment0	45119774	45237401	0.300075	0.262517	0.148657	0.164010
scaffold_335_segment0	45237789	45420529	-0.065367	-0.076705	-0.035494	-0.058093
scaffold_335_segment0	45420965	45601012	-0.113285	-0.090025	-0.048294	-0.072863
scaffold_335_segment0	45601342	45812746	-0.115065	-0.084512	-0.052958	-0.076119
scaffold_335_segment0	45813484	45992092	-0.409295	-0.413797	-0.211265	-0.279602
scaffold_335_segment0	45992278	46194046	0.153809	0.125641	0.071549	0.112923
scaffold_335_segment0	46194078	46393761	-0.341766	-0.457961	-0.205158	-0.258851
scaffold_335_segment0	46394519	46538348	-0.059260	-0.057143	-0.025384	-0.033992
scaffold_335_segment0	46538440	46709430	0.023808	0.015605	0.007670	0.015217
scaffold_335_segment0	46709623	46838555	-0.019534	-0.017615	-0.009158	-0.008685
scaffold_335_segment0	46838893	46949019	-0.172796	-0.262001	-0.110221	-0.102584
scaffold_335_segment0	46949142	47067031	-0.058240	-0.041506	-0.022961	-0.042567
scaffold_335_segment0	47067032	47177882	0.047392	0.033648	0.018895	0.028901
scaffold_335_segment0	47178407	47327201	-0.276059	-0.229173	-0.128106	-0.194267
scaffold_335_segment0	47327231	47470328	0.051770	0.046992	0.024275	0.028847
scaffold_335_segment0	47472224	47607797	-0.082880	-0.095638	-0.041155	-0.049380
scaffold_335_segment0	47607884	47691814	0.135875	0.147255	0.064089	0.077569
scaffold_335_segment0	47692003	47773910	0.160699	0.148276	0.068437	0.087449
scaffold_335_segment0	47774248	47911750	0.217129	0.176026	0.086400	0.115232
scaffold_335_segment0	47911766	48025984	0.075202	0.064748	0.032251	0.044230
scaffold_335_segment0	48026005	48119485	-0.081658	-0.093580	-0.042212	-0.068629
scaffold_335_segment0	48119510	48243360	0.078363	0.073641	0.038930	0.051372
scaffold_335_segment0	48243361	48371828	-0.028781	-0.030801	-0.015195	-0.022544
scaffold_335_segment0	48371869	48465398	0.029859	0.036943	0.018676	0.029928
scaffold_335_segment0	48465405	48574491	0.165656	0.157913	0.083103	0.112535
scaffold_335_segment0	48574493	48681149	-0.002297	-0.003438	-0.001329	-0.019087
scaffold_335_segment0	48681481	48794564	-0.099429	-0.111622	-0.056238	-0.062862
scaffold_335_segment0	48794719	48880091	0.170797	0.130411	0.073961	0.100800
scaffold_335_segment0	48880103	48985987	-0.195321	-0.165188	-0.083106	-0.113573
scaffold_335_segment0	48986015	49098905	0.074886	0.069213	0.037455	0.054483
scaffold_335_segment0	49098909	49229234	-0.069552	-0.097526	-0.038676	-0.037223
scaffold_335_segment0	49229312	49348551	0.011522	0.014607	0.006528	0.003449
scaffold_335_segment0	49348588	49453514	-0.094376	-0.107808	-0.053136	-0.056922
scaffold_335_segment0	49453517	49575923	0.063736	0.054934	0.029266	0.046799
scaffold_335_segment0	49575928	49713630	-0.039496	-0.037184	-0.019104	-0.034618
scaffold_335_segment0	49713634	49785039	-0.029878	-0.045085	-0.019489	-0.017478
scaffold_335_segment0	49785748	49860058	-0.001932	-0.002710	-0.001290	-0.003903
scaffold_335_segment0	49860069	49952065	0.005144	0.005624	0.002742	-0.002700
scaffold_335_segment0	49952123	50055971	0.058595	0.044464	0.026819	0.047158
scaffold_335_segment0	50055991	50147906	0.012676	0.014590	0.007206	0.004863
scaffold_335_segment0	50148236	50227155	0.147003	0.146822	0.078072	0.092989
scaffold_335_segment0	50227164	50302249	0.000749	0.000854	0.000381	0.001089
scaffold_335_segment0	50302262	50409447	0.073175	0.084035	0.043123	0.035212
scaffold_335_segment0	50409666	50519818	-0.113557	-0.139965	-0.067278	-0.073894
scaffold_335_segment0	50519995	50623955	0.148042	0.154665	0.094950	0.085691
scaffold_335_segment0	50624798	50764585	0.115236	0.105154	0.052526	0.084278
scaffold_335_segment0	50765280	50853986	-0.079284	-0.125274	-0.053389	-0.040279
scaffold_335_segment0	50854042	50981676	-0.053233	-0.056503	-0.028835	-0.033883
scaffold_335_segment0	50981765	51151489	0.245489	0.187752	0.099446	0.181160
scaffold_335_segment0	51152670	51341229	0.176548	0.107943	0.058983	0.103236
scaffold_335_segment0	51341364	51468376	0.002008	0.001716	0.000917	-0.001423
scaffold_335_segment0	51468509	51594639	0.025237	0.027830	0.013985	0.015390
scaffold_335_segment0	51594655	51703522	0.077355	0.074837	0.040684	0.045128
scaffold_335_segment0	51703624	51838033	0.012943	0.009662	0.006050	0.007243
scaffold_335_segment0	51838303	51947873	0.165134	0.203281	0.088951	0.095114
scaffold_335_segment0	51947958	52056174	0.202685	0.232807	0.109092	0.091540
scaffold_335_segment0	52056259	52199278	-0.033407	-0.036130	-0.018821	-0.011284
scaffold_335_segment0	52199558	52330625	0.074314	0.064209	0.037351	0.040221
scaffold_335_segment0	52330825	52428371	0.097195	0.093372	0.051369	0.045872
scaffold_335_segment0	52428571	52543890	0.067798	0.069533	0.034666	0.036951
scaffold_335_segment0	52543897	52649148	0.115885	0.101126	0.051069	0.067054
scaffold_335_segment0	52649228	52737516	-0.040275	-0.043031	-0.020993	-0.026253
scaffold_335_segment0	52737522	52820911	-0.043089	-0.055097	-0.022088	-0.019323
scaffold_335_segment1	44991	118816	0.238978	0.210194	0.116411	0.134146
scaffold_335_segment1	118852	200674	0.064516	0.069106	0.034758	0.037849
scaffold_335_segment1	200745	304259	-0.070983	-0.076314	-0.036273	-0.047122
scaffold_335_segment1	304365	398295	0.061044	0.062602	0.032892	0.034616
scaffold_335_segment1	398326	492202	0.141146	0.159635	0.075461	0.073860
scaffold_335_segment1	492274	586354	-0.013825	-0.014136	-0.006828	-0.011841
scaffold_335_segment1	586359	705386	0.174944	0.156855	0.082547	0.094515
scaffold_335_segment1	705396	809329	0.201057	0.208047	0.107556	0.123516
scaffold_335_segment1	809540	875388	0.117267	0.159771	0.077414	0.071962
scaffold_335_segment1	875452	945285	0.060376	0.067350	0.032098	0.044645
scaffold_335_segment1	945429	1004260	0.062637	0.068316	0.037960	0.041448
scaffold_335_segment1	1004261	1064181	0.047559	0.058952	0.026144	0.018744
scaffold_335_segment1	1064198	1134613	-0.061068	-0.076195	-0.038615	-0.033517
scaffold_335_segment1	1134836	1204439	0.058987	0.062906	0.030675	0.035977
scaffold_335_segment1	1204690	1263477	0.019168	0.027234	0.011413	0.018062
scaffold_335_segment1	1263577	1329175	0.085501	0.096981	0.046885	0.056824
scaffold_335_segment1	1329223	1396311	-0.056666	-0.079340	-0.033627	-0.034678
scaffold_335_segment1	1396317	1475493	-0.071124	-0.086068	-0.037499	-0.042742
scaffold_335_segment1	1475581	1536946	-0.011173	-0.015673	-0.005886	0.049020
scaffold_335_segment1	1537014	1645012	-0.045461	-0.042560	-0.023713	-0.035299
scaffold_335_segment1	1645023	1740099	0.045008	0.044180	0.023410	0.025006
scaffold_335_segment1	1740103	1854637	0.095727	0.118007	0.054218	0.055568
scaffold_335_segment1	1854651	1925533	0.094528	0.111104	0.051665	0.050789
scaffold_335_segment1	1925552	1977630	0.004605	0.005903	0.003000	0.011146
scaffold_335_segment1	1977673	2026258	0.022521	0.031713	0.012779	0.018917
scaffold_335_segment1	2026411	2072476	0.027987	0.035699	0.016537	0.022501
scaffold_335_segment1	2072970	2110718	0.021987	0.031772	0.015750	0.010001
scaffold_335_segment1	2110924	2156226	-0.027382	-0.043592	-0.018726	-0.014671
scaffold_335_segment1	2156251	2206498	0.080154	0.096265	0.048673	0.039679
scaffold_335_segment1	2206557	2251018	-0.018961	-0.026578	-0.012049	-0.010726
scaffold_335_segment1	2251022	2309471	0.070943	0.087000	0.043739	0.039940
scaffold_335_segment1	2309474	2365139	0.015319	0.017846	0.009560	0.013483
scaffold_335_segment1	2365140	2439102	0.169879	0.167444	0.084145	0.109837
scaffold_335_segment1	2439173	2494867	-0.010889	-0.011909	-0.006505	-0.005671
scaffold_335_segment1	2494875	2537538	0.004337	0.006166	0.002858	0.001845
scaffold_335_segment1	2537573	2592945	-0.035786	-0.050718	-0.024604	-0.028626
scaffold_335_segment1	2592982	2635562	0.023648	0.036379	0.016023	0.006634
scaffold_335_segment1	2635568	2677531	0.120254	0.151016	0.070652	0.067942
scaffold_335_segment1	2677557	2728212	0.071813	0.082420	0.040509	0.039331
scaffold_335_segment1	2728243	2781088	0.049095	0.060007	0.027990	0.017365
scaffold_335_segment1	2781093	2831164	-0.000982	-0.001287	-0.000604	0.004357
scaffold_335_segment1	2831170	2896301	0.031093	0.034361	0.017564	0.016546
scaffold_335_segment1	2896441	2950991	0.040455	0.051510	0.023346	0.018929
scaffold_335_segment1	2951040	2993666	0.058917	0.076166	0.037314	0.031530
scaffold_335_segment1	2993690	3036256	0.011750	0.015165	0.007193	0.008458
scaffold_335_segment1	3036259	3074359	0.014895	0.018733	0.009539	0.005715
scaffold_335_segment1	3074366	3102590	0.035757	0.049890	0.026033	0.016136
scaffold_335_segment1	3102606	3130938	-0.033141	-0.053276	-0.022016	-0.015415
scaffold_335_segment1	3130941	3158145	0.201415	0.263408	0.134341	0.118450
scaffold_335_segment1	3158146	3183202	-0.010972	-0.016380	-0.007171	-0.002960
scaffold_335_segment1	3183206	3215564	0.015009	0.018737	0.009067	0.028448
scaffold_335_segment1	3215570	3246217	0.076642	0.104149	0.045577	0.054419
scaffold_335_segment1	3246258	3276709	0.047028	0.052063	0.027443	0.032148
scaffold_335_segment1	3276711	3304375	0.025387	0.032004	0.014103	0.032250
scaffold_335_segment1	3304457	3333598	0.056560	0.074281	0.034777	0.035437
scaffold_335_segment1	3333615	3359339	-0.093087	-0.131186	-0.058257	-0.044606
scaffold_335_segment1	3359400	3387382	0.015497	0.024506	0.010474	0.005660
scaffold_335_segment1	3387385	3406229	-0.089624	-0.143144	-0.066397	-0.046245
scaffold_335_segment1	3406232	3441023	0.104739	0.138324	0.070259	0.055034
scaffold_335_segment1	3441027	3485552	0.049032	0.063703	0.030654	0.034939
scaffold_335_segment1	3485553	3518958	0.036715	0.060696	0.025076	0.018945
scaffold_335_segment1	3519010	3559692	0.086029	0.117549	0.052992	0.052736
scaffold_335_segment1	3559697	3602527	0.077569	0.098300	0.047984	0.049303
scaffold_335_segment1	3602534	3655890	0.101434	0.135180	0.066639	0.070717
scaffold_335_segment1	3655962	3710138	0.046406	0.058116	0.027423	0.026204
scaffold_335_segment1	3710225	3769738	0.005617	0.007333	0.003431	0.004073
scaffold_335_segment1	3769739	3824681	0.023294	0.029185	0.012383	0.018800
scaffold_335_segment1	3824756	3861128	-0.000711	-0.001082	-0.000507	0.000981
scaffold_335_segment1	3861300	3906720	0.095205	0.149361	0.070697	0.053739
scaffold_335_segment1	3907049	3937903	0.043880	0.073156	0.031695	0.026134
scaffold_335_segment1	3937909	3962572	0.110656	0.147086	0.073079	0.056802
scaffold_335_segment1	3962574	4001187	0.132072	0.171354	0.078390	0.081646
scaffold_335_segment1	4001198	4039851	0.094088	0.125962	0.063143	0.046942
scaffold_335_segment1	4039891	4073497	-0.047182	-0.071370	-0.026854	-0.019071
scaffold_335_segment1	4073783	4106915	0.108687	0.124408	0.064149	0.074598
scaffold_335_segment1	4106920	4143578	0.156468	0.155641	0.084608	0.095319
scaffold_335_segment1	4143682	4182335	0.144389	0.174387	0.090543	0.104832
scaffold_335_segment1	4182336	4235742	-0.049647	-0.065649	-0.029938	-0.041036
scaffold_335_segment1	4235817	4286086	0.117902	0.159690	0.074329	0.072171
scaffold_335_segment1	4286620	4343395	0.080070	0.102765	0.050940	0.048199
scaffold_335_segment1	4343408	4396345	0.048008	0.080891	0.030889	0.032051
scaffold_335_segment1	4396378	4494492	0.019291	0.029258	0.014137	0.012297
scaffold_335_segment1	4494504	4679630	-0.119566	-0.123177	-0.065687	-0.054748
scaffold_335_segment1	4679632	4806730	-0.035250	-0.117690	-0.051534	-0.013560
scaffold_335_segment1	4806732	4812294	-0.031102	-0.221311	-0.097712	-0.014378
scaffold_335_segment1	4812314	4822814	0.037508	0.365455	0.222080	0.016200
scaffold_335_segment1	4822820	4837995	0.001625	0.011308	0.006033	-0.001077
scaffold_430_segment0	21749	32311	0.017512	0.088721	0.048850	0.005698
scaffold_430_segment0	32312	45178	-0.009075	-0.033150	-0.017412	-0.005777
scaffold_430_segment0	45179	264458	0.259762	0.181248	0.129324	0.147266
scaffold_430_segment0	264463	503577	0.224627	0.148880	0.092549	0.145022
scaffold_430_segment0	503610	663952	0.072673	0.051861	0.034794	0.028734
scaffold_430_segment0	663962	810947	-0.077105	-0.053807	-0.035201	-0.028321
scaffold_430_segment0	813739	931944	0.054928	0.024658	0.019076	0.021412
scaffold_430_segment0	932962	1088385	-0.039635	-0.041851	-0.021376	-0.014608
scaffold_430_segment0	1088390	1424581	0.160393	0.062560	0.044363	0.098454
scaffold_430_segment0	1424582	1679658	0.044352	0.017006	0.013236	0.021845
scaffold_430_segment0	1679664	1857326	0.081697	0.046143	0.027082	0.049105
scaffold_430_segment0	1857331	2000295	0.116773	0.074895	0.045967	0.041217
scaffold_430_segment0	2001139	2206011	0.099291	0.046039	0.029970	0.045938
scaffold_430_segment0	2206853	2394320	0.008660	0.004125	0.002854	0.007460
scaffold_430_segment0	2394337	2576832	0.007213	0.003913	0.002547	0.015247
scaffold_430_segment0	2576847	2610716	0.047879	0.139060	0.076572	0.025568
scaffold_430_segment0	2610843	2733500	-0.081755	-0.064852	-0.038076	-0.049361
scaffold_430_segment0	2733655	2858178	0.008310	0.004648	0.003122	0.005305
scaffold_430_segment0	2858192	3074316	-0.110108	-0.039976	-0.028114	-0.061904
scaffold_430_segment0	3074326	3185833	0.029211	0.024829	0.017653	0.013862
scaffold_430_segment0	3185834	3325963	-0.148807	-0.096209	-0.070990	-0.069165
scaffold_430_segment0	3328290	3490628	0.068167	0.033674	0.022225	0.041259
scaffold_430_segment0	3490644	3766933	-0.046680	-0.030177	-0.014967	-0.014711
scaffold_430_segment0	3766940	3928748	-0.099937	-0.060974	-0.034501	-0.050912
scaffold_430_segment0	3928765	4070035	-0.041496	-0.032170	-0.016387	-0.018527
scaffold_430_segment0	4070130	4179472	-0.130731	-0.123083	-0.065811	-0.064835
scaffold_430_segment0	4179480	4308568	-0.006916	-0.005647	-0.003250	-0.004040
scaffold_430_segment0	4308583	4425931	0.053759	0.064105	0.033747	0.026420
scaffold_430_segment0	4425943	4613060	-0.004298	-0.002462	-0.001689	0.003786
scaffold_430_segment0	4613064	4849847	-0.249718	-0.122661	-0.069089	-0.159117
scaffold_430_segment0	4849954	4940720	-0.072797	-0.104226	-0.049597	-0.030311
scaffold_430_segment0	4940784	5084660	-0.103414	-0.072902	-0.044160	-0.078317
scaffold_430_segment0	5084664	5363204	-0.156974	-0.077771	-0.047154	-0.110756
scaffold_430_segment0	5363215	5545099	-0.067881	-0.041498	-0.024758	-0.043088
scaffold_430_segment0	5545102	5701501	-0.270757	-0.272695	-0.126961	-0.131624
scaffold_430_segment0	5701516	5873681	0.010876	0.007035	0.004078	0.002247
scaffold_430_segment0	5873682	5972863	-0.056098	-0.055265	-0.028505	-0.024325
scaffold_430_segment0	5972865	6138507	0.226446	0.115637	0.068193	0.125213
scaffold_430_segment0	6138852	6353442	0.035904	0.012901	0.008934	0.016704
scaffold_430_segment0	6353559	6408073	-0.191752	-0.217297	-0.130971	-0.082189
scaffold_430_segment0	6408139	6641842	-0.531229	-0.418176	-0.243721	-0.438005
scaffold_430_segment0	6642397	6818691	-0.146627	-0.131992	-0.054359	-0.086734
scaffold_430_segment0	6818698	7000284	0.077798	0.041422	0.024979	0.049172
scaffold_430_segment0	7000799	7093841	0.150652	0.101314	0.060445	0.085054
scaffold_430_segment0	7093843	7269412	0.264772	0.137421	0.087636	0.131011
scaffold_430_segment0	7269414	7450945	-0.065392	-0.040641	-0.025737	-0.029201
scaffold_430_segment0	7450960	7605419	-0.331781	-0.421457	-0.203771	-0.199911
scaffold_430_segment0	7605428	7647707	-0.076228	-0.316244	-0.138048	-0.038259
scaffold_430_segment0	7647783	7813258	-0.102517	-0.084580	-0.049551	-0.056256
scaffold_430_segment0	7813259	8035467	0.147457	0.126632	0.075195	0.072858
scaffold_430_segment0	8035521	8154365	0.028506	0.017909	0.010860	0.015112
scaffold_430_segment0	8154394	8493417	-0.029641	-0.013939	-0.008029	-0.021590
scaffold_430_segment0	8493426	8662392	0.088290	0.043418	0.027555	0.029899
scaffold_430_segment0	8662394	8824868	0.072519	0.066942	0.040001	0.042898
scaffold_430_segment0	8824872	9067747	-0.354213	-0.250333	-0.135901	-0.206451
scaffold_430_segment0	9068194	9242027	-0.003924	-0.003557	-0.001716	0.000700
scaffold_430_segment0	9242421	9517585	0.013545	0.007207	0.004091	0.000520
scaffold_430_segment0	9517587	9684334	-0.108246	-0.077964	-0.044470	-0.061312
scaffold_430_segment0	9684924	9925501	-0.239189	-0.077255	-0.057928	-0.125761
scaffold_430_segment0	9927646	10013914	-0.078360	-0.064333	-0.041653	-0.030267
scaffold_430_segment0	10014157	10364124	0.206994	0.077719	0.051394	0.130788
scaffold_430_segment0	10364303	10492441	0.196128	0.129630	0.079235	0.104635
scaffold_430_segment0	10492448	10776378	0.020963	0.006059	0.004419	0.004939
scaffold_430_segment0	10776387	10949421	-0.049515	-0.042954	-0.020129	-0.030656
scaffold_430_segment0	10949602	11175745	0.106273	0.044523	0.030604	0.066922
scaffold_430_segment0	11175764	11280271	-0.018733	-0.016224	-0.008690	-0.006114
scaffold_430_segment0	11280295	11288909	-0.009022	-0.112143	-0.059389	-0.003099
scaffold_430_segment0	11288924	11297955	-0.003290	-0.057561	-0.030323	-0.000298
scaffold_430_segment0	11297970	11351882	0.090529	0.160249	0.107265	0.032753
scaffold_430_segment0	11352127	11656531	-0.134731	-0.054911	-0.036442	-0.077522
scaffold_430_segment0	11656537	11745610	-0.018216	-0.008528	-0.005742	-0.007010
scaffold_430_segment0	11745836	11871511	-0.032749	-0.017488	-0.011505	-0.018491
scaffold_430_segment0	11871529	12007281	-0.133679	-0.064258	-0.041904	-0.074825
scaffold_430_segment0	12007287	12141486	0.060774	0.036867	0.025333	0.030419
scaffold_430_segment0	12143308	12278396	0.118848	0.081852	0.051263	0.077265
scaffold_430_segment0	12278397	12404988	-0.043473	-0.029186	-0.017056	-0.024634
scaffold_430_segment0	12405697	12624097	0.024972	0.011716	0.008085	0.009096
scaffold_430_segment0	12624104	12770339	0.121357	0.081339	0.044272	0.059527
scaffold_430_segment0	12770343	12862265	-0.331728	-0.238312	-0.151748	-0.176642
scaffold_430_segment0	12862287	12893260	-0.233576	-0.532541	-0.253220	-0.104434
scaffold_430_segment0	12893264	13036456	-0.177693	-0.202021	-0.110332	-0.075504
scaffold_430_segment0	13037432	13200451	0.292042	0.176331	0.109090	0.165144
scaffold_430_segment0	13200452	13456865	-0.006983	-0.003303	-0.002254	-0.013553
scaffold_430_segment0	13456888	13754950	0.097769	0.038808	0.025134	0.054336
scaffold_430_segment0	13754953	13931058	0.032956	0.020171	0.013438	0.018546
scaffold_430_segment0	13931091	14119670	0.119111	0.054487	0.042153	0.053150
scaffold_430_segment0	14119733	14427778	0.070398	0.015580	0.012368	0.036094
scaffold_430_segment0	14427793	14660899	-0.114140	-0.029088	-0.021864	-0.059393
scaffold_430_segment0	14661461	14828630	0.049584	0.026435	0.017735	0.028361
scaffold_430_segment0	14828633	15119774	0.060890	0.020502	0.015500	0.032032
scaffold_430_segment0	15119869	15451893	0.026190	0.008963	0.006820	0.014473
scaffold_430_segment0	15457522	15542136	-0.009349	-0.010112	-0.006596	-0.004614
scaffold_430_segment0	15542178	15701927	-0.064813	-0.026730	-0.018598	-0.024819
scaffold_430_segment0	15701929	15879440	-0.040933	-0.014400	-0.010121	-0.019081
scaffold_430_segment0	15879449	16012954	-0.029091	-0.019152	-0.012209	-0.019405
scaffold_430_segment0	16016254	16136415	0.007561	0.003799	0.002924	0.003056
scaffold_430_segment0	16136419	16324273	-0.019013	-0.007624	-0.004999	-0.007438
scaffold_430_segment0	16324277	16530093	0.073530	0.038258	0.026235	0.037639
scaffold_430_segment0	16530151	16643889	-0.324053	-0.200586	-0.129377	-0.169797
scaffold_430_segment0	16644752	16778725	-0.038288	-0.013941	-0.010411	-0.021765
scaffold_430_segment0	16778765	16921433	0.035493	0.023155	0.016826	0.022301
scaffold_430_segment0	16921442	17137795	-0.001016	-0.000406	-0.000307	-0.006776
scaffold_430_segment0	17137813	17353703	0.116380	0.043135	0.029049	0.063096
scaffold_430_segment0	17354583	17694039	-0.119032	-0.036943	-0.025563	-0.056946
scaffold_430_segment0	17694063	17956056	-0.053870	-0.022979	-0.016430	-0.039218
scaffold_430_segment0	17956065	18121176	-0.013362	-0.004942	-0.003648	-0.001401
scaffold_430_segment0	18121200	18413312	-0.108758	-0.041688	-0.027527	-0.055354
scaffold_430_segment0	18413341	18688421	-0.174731	-0.076079	-0.045768	-0.110417
scaffold_430_segment0	18688425	18923274	0.127414	0.061805	0.042084	0.055290
scaffold_430_segment0	18923289	19047744	0.056349	0.025750	0.018194	0.019470
scaffold_430_segment0	19047745	19136346	-0.000669	-0.000819	-0.000391	-0.003959
scaffold_430_segment0	19136390	19359758	-0.380788	-0.206755	-0.127029	-0.217681
scaffold_430_segment0	19359771	19570387	0.097972	0.051941	0.031457	0.049358
scaffold_430_segment0	19570392	19834391	-0.035703	-0.014090	-0.008615	-0.023885
scaffold_430_segment0	19834414	20311668	0.122827	0.031699	0.024033	0.064035
scaffold_430_segment0	20311693	20534564	0.005834	0.003661	0.002725	-0.003701
scaffold_430_segment0	20534602	20635308	0.035389	0.031563	0.022213	0.013883
scaffold_430_segment0	20639600	20754842	-0.014583	-0.010053	-0.007146	0.001325
scaffold_430_segment0	20754981	21316052	-0.066895	-0.011832	-0.009255	-0.028021
scaffold_430_segment0	21316063	21488047	-0.226858	-0.129518	-0.079172	-0.117861
scaffold_430_segment0	21489269	21782179	0.075107	0.028873	0.019401	0.029456
scaffold_430_segment0	21782187	21913472	0.222816	0.200890	0.118959	0.109077
scaffold_430_segment0	21913473	22159484	-0.012461	-0.004580	-0.003310	-0.014118
scaffold_430_segment0	22159492	22258905	0.046859	0.029723	0.021233	0.017651
scaffold_430_segment0	22258906	22289216	-0.005316	-0.011246	-0.006210	0.001807
scaffold_430_segment0	22289228	22419670	0.115596	0.067174	0.042702	0.067608
scaffold_430_segment0	22419673	22629172	0.247745	0.105850	0.062268	0.133228
scaffold_430_segment0	22629175	22812298	-0.094190	-0.042140	-0.026786	-0.042444
scaffold_430_segment0	22812299	22995830	-0.068989	-0.026935	-0.021046	-0.034925
scaffold_430_segment0	22995834	23277699	-0.013228	-0.002991	-0.002581	-0.006999
scaffold_430_segment0	23277700	23588726	0.049521	0.011780	0.009669	0.036090
scaffold_430_segment0	23589287	23721947	0.107302	0.065065	0.045265	0.037615
scaffold_430_segment0	23721960	23947015	-0.051007	-0.022493	-0.015906	-0.026843
scaffold_430_segment0	23947017	24264760	-0.024927	-0.008618	-0.006134	-0.014891
scaffold_430_segment0	24264764	24475448	0.067059	0.039734	0.025731	0.041726
scaffold_430_segment0	24475478	24743240	-0.096288	-0.048121	-0.025959	-0.055927
scaffold_430_segment0	24743241	24912459	0.082899	0.045104	0.026173	0.037261
scaffold_430_segment0	24912491	25102521	-0.127826	-0.096233	-0.063580	-0.071487
scaffold_430_segment0	25102770	25361306	-0.220133	-0.140742	-0.082576	-0.127800
scaffold_430_segment0	25361327	25465485	0.025058	0.020970	0.012607	0.003412
scaffold_430_segment0	25465496	25768077	0.111842	0.071370	0.043850	0.038991
scaffold_430_segment0	25768080	26018964	0.031423	0.010123	0.008249	0.012557
scaffold_430_segment0	26019788	26398700	-0.015060	-0.005469	-0.003867	-0.003644
scaffold_430_segment0	26400340	26561568	0.036315	0.030491	0.017467	0.028609
scaffold_430_segment0	26561577	26789095	-0.071058	-0.040954	-0.028101	-0.031407
scaffold_430_segment0	26789188	26951138	0.212293	0.165923	0.091815	0.096197
scaffold_430_segment0	26951141	27294938	0.137303	0.075021	0.049048	0.074183
scaffold_430_segment0	27295184	27522363	-0.081801	-0.030391	-0.022499	-0.045433
scaffold_430_segment0	27522392	27786419	0.243572	0.099842	0.067950	0.102978
scaffold_430_segment0	27786427	27875781	0.152024	0.173436	0.096459	0.064038
scaffold_430_segment0	27875783	28104131	-0.192212	-0.121204	-0.076989	-0.106069
scaffold_430_segment0	28106214	28276167	0.204976	0.187770	0.109436	0.116891
scaffold_430_segment0	28276174	28388204	-0.229830	-0.176126	-0.103885	-0.122827
scaffold_430_segment0	28388309	28638997	-0.127453	-0.063970	-0.042580	-0.086094
scaffold_430_segment0	28639007	29001959	0.011715	0.003279	0.002317	0.004336
scaffold_430_segment0	29001971	29248385	-0.066297	-0.022047	-0.017438	-0.031916
scaffold_430_segment0	29248387	29621821	0.074694	0.019632	0.014690	0.053290
scaffold_430_segment0	29622816	29978396	0.025178	0.006961	0.005156	0.014783
scaffold_430_segment0	29982999	30116844	0.027960	0.014602	0.010344	0.022227
scaffold_430_segment0	30116852	30308663	0.047519	0.022457	0.014081	0.039491
scaffold_430_segment0	30308692	30651943	-0.011391	-0.003682	-0.002486	0.002425
scaffold_430_segment0	30651951	30891844	0.149501	0.042084	0.030998	0.084019
scaffold_430_segment0	30892968	31051033	0.031967	0.012081	0.009003	0.013755
scaffold_430_segment0	31051127	31335326	0.071669	0.026935	0.017917	0.050948
scaffold_430_segment0	31335327	31550423	-0.090568	-0.047344	-0.033620	-0.045845
scaffold_430_segment0	31550437	31821361	0.004530	0.001548	0.001156	-0.004997
scaffold_430_segment0	31821373	31988617	-0.121171	-0.056597	-0.040697	-0.061869
scaffold_430_segment0	31988624	32144508	-0.041671	-0.019482	-0.013768	-0.010307
scaffold_430_segment0	32144509	32288993	-0.192364	-0.142120	-0.085943	-0.093895
scaffold_430_segment0	32289802	32396915	-0.184154	-0.175478	-0.095276	-0.090108
scaffold_430_segment0	32396930	32566282	0.180151	0.188814	0.103458	0.105888
scaffold_430_segment0	32566305	32694833	-0.005987	-0.005125	-0.003303	-0.005680
scaffold_430_segment0	32694912	32935638	0.087841	0.035728	0.024607	0.047292
scaffold_430_segment0	32935645	33173550	0.069677	0.038651	0.020813	0.037125
scaffold_430_segment0	33173563	33481076	0.088845	0.029924	0.021536	0.043117
scaffold_430_segment0	33481082	33542761	-0.008141	-0.018818	-0.011389	0.001575
scaffold_430_segment0	33542769	33752563	0.072176	0.033785	0.025185	0.032748
scaffold_430_segment0	33752573	34049219	0.099944	0.041088	0.026093	0.054157
scaffold_430_segment0	34049222	34261235	-0.365783	-0.229970	-0.139056	-0.238103
scaffold_430_segment0	34266800	34398342	0.090144	0.038071	0.027564	0.036824
scaffold_430_segment0	34398348	34662680	0.024487	0.013174	0.008634	0.017451
scaffold_430_segment0	34662783	34926000	-0.126704	-0.059100	-0.037155	-0.102512
scaffold_430_segment0	34926018	35187509	0.034196	0.013190	0.008933	0.023343
scaffold_430_segment0	35187515	35464356	-0.007291	-0.003247	-0.002078	0.001973
scaffold_430_segment0	35464363	35804332	0.158320	0.069971	0.046824	0.073699
scaffold_430_segment0	35804340	35965794	0.039625	0.019220	0.015123	0.026951
scaffold_430_segment0	35965796	36240673	0.085474	0.032656	0.023147	0.063159
scaffold_430_segment0	36241045	36491012	-0.010164	-0.004481	-0.003344	-0.007891
scaffold_430_segment0	36491034	36886875	0.042360	0.009515	0.007183	0.031655
scaffold_430_segment0	36886888	37178031	-0.112144	-0.041369	-0.026744	-0.061918
scaffold_430_segment0	37178126	37464579	0.062978	0.027563	0.019438	0.037210
scaffold_430_segment0	37464589	37903069	0.098333	0.024663	0.018446	0.057322
scaffold_430_segment0	37903094	38156846	0.102000	0.061101	0.037097	0.044139
scaffold_430_segment0	38156849	38319030	-0.078316	-0.045209	-0.034333	-0.034329
scaffold_430_segment0	38319425	38459835	-0.049168	-0.031004	-0.022850	-0.020855
scaffold_430_segment0	38459976	38478561	0.059770	0.122988	0.076353	0.031384
scaffold_430_segment0	38478585	38546578	0.158847	0.141439	0.101158	0.063055
scaffold_430_segment0	38546597	38866537	-0.212181	-0.094675	-0.063199	-0.101705
scaffold_430_segment0	38866544	39296201	0.196172	0.052036	0.035182	0.106730
scaffold_430_segment0	39296716	39799220	-0.006391	-0.001382	-0.001136	-0.005828
scaffold_430_segment0	39799222	40106652	0.002780	0.000658	0.000550	0.001098
scaffold_430_segment0	40106653	40370734	0.009036	0.002608	0.002151	0.007107
scaffold_430_segment0	40370740	40677747	-0.171409	-0.046952	-0.037389	-0.097356
scaffold_430_segment0	40677776	40859021	0.077475	0.045981	0.031660	0.036574
scaffold_430_segment0	40859022	41023543	-0.238573	-0.165150	-0.102232	-0.113063
scaffold_430_segment0	41023555	41342334	0.142508	0.049286	0.037524	0.077695
scaffold_430_segment0	41342338	41662281	-0.113360	-0.033693	-0.025227	-0.072081
scaffold_430_segment0	41662297	41742570	-0.033719	-0.024909	-0.017803	-0.003895
scaffold_430_segment0	41742598	41865213	0.049550	0.030592	0.022732	0.026831
scaffold_430_segment0	41865221	42238336	-0.511102	-0.265317	-0.165201	-0.349305
scaffold_430_segment0	42238410	42578158	0.287141	0.100156	0.071719	0.165066
scaffold_430_segment0	42578214	42605438	-0.095430	-0.329655	-0.103909	-0.030859
scaffold_430_segment0	42605440	42617198	0.051449	0.114227	0.072843	0.025791
scaffold_430_segment0	42617225	42836074	-0.394137	-0.287181	-0.177457	-0.223716
scaffold_430_segment0	42836080	43151543	0.031535	0.010839	0.007768	0.006379
scaffold_430_segment0	43153288	43563308	0.162543	0.049168	0.034721	0.099649
scaffold_430_segment0	43563318	43897212	-0.008168	-0.002021	-0.001605	0.000904
scaffold_430_segment0	43898909	44230638	-0.091640	-0.033479	-0.024404	-0.073581
scaffold_430_segment0	44230655	44525862	-0.480756	-0.219938	-0.146764	-0.292143
scaffold_430_segment0	44525868	44922250	0.212191	0.086034	0.057096	0.110896
scaffold_430_segment0	44922280	45670658	0.059438	0.014942	0.010582	0.024927
scaffold_430_segment0	45670663	46071588	-0.005095	-0.001635	-0.001215	-0.017326
scaffold_430_segment0	46072141	46514615	-0.035631	-0.009778	-0.007418	-0.012195
scaffold_430_segment0	46515481	46860302	-0.084416	-0.030024	-0.023229	-0.045266
scaffold_430_segment0	46860304	47133522	0.057300	0.023012	0.016412	0.034533
scaffold_430_segment0	47135320	47459596	-0.189619	-0.073403	-0.044032	-0.089461
scaffold_430_segment0	47468519	47808768	0.013500	0.005613	0.003559	0.004754
scaffold_430_segment0	47808825	47944906	0.123669	0.087832	0.055922	0.082998
scaffold_430_segment0	47944999	48213972	-0.052694	-0.021400	-0.014950	-0.027966
scaffold_430_segment0	48213983	48587459	0.018286	0.006542	0.004632	0.009279
scaffold_430_segment0	48587467	49079259	0.064711	0.020335	0.014798	0.026860
scaffold_430_segment0	49079361	49389873	-0.074773	-0.022306	-0.017330	-0.028848
scaffold_430_segment0	49389891	49626243	0.001251	0.000652	0.000442	0.004821
scaffold_430_segment0	49626244	49893066	0.013375	0.004391	0.003417	0.009130
scaffold_430_segment0	49896859	50102218	0.028787	0.011939	0.008499	0.009215
scaffold_430_segment0	50103654	50434749	0.002247	0.000636	0.000492	-0.005747
scaffold_430_segment0	50434767	50759470	-0.067696	-0.018733	-0.014859	-0.032790
scaffold_430_segment0	50760455	51051551	0.012841	0.004408	0.003246	0.002391
scaffold_430_segment0	51051559	51324842	-0.115495	-0.041363	-0.027667	-0.053004
scaffold_430_segment0	51326356	51527408	0.035153	0.019278	0.011902	0.021385
scaffold_430_segment0	51527411	51586975	0.035280	0.043731	0.020860	0.022635
contig_14_segment0	7356	48193	0.076389	0.148770	0.056422	0.031346
contig_14_segment0	48467	105710	-0.087807	-0.110744	-0.054126	-0.042490
contig_14_segment0	106092	172760	0.084770	0.094769	0.051065	0.061418
contig_14_segment0	172783	244477	0.037917	0.048606	0.021532	0.025602
contig_14_segment0	244480	307775	0.074420	0.086056	0.044498	0.048894
contig_14_segment0	307784	367095	0.042093	0.048813	0.022575	0.017770
contig_14_segment0	367366	437806	0.089362	0.103668	0.055986	0.059641
contig_14_segment0	437997	501692	0.103044	0.136287	0.061829	0.052084
contig_14_segment0	502290	578572	0.005650	0.006429	0.003065	-0.002998
contig_14_segment0	578630	658330	0.090545	0.099044	0.049125	0.052371
contig_14_segment0	658615	739670	0.042579	0.050078	0.023910	0.028521
contig_14_segment0	740265	811310	-0.047193	-0.059307	-0.026401	-0.033411
contig_14_segment0	811434	866050	0.098710	0.110024	0.054184	0.059064
contig_14_segment0	866052	933681	0.053815	0.056792	0.030461	0.032768
contig_14_segment0	933684	1043408	0.067062	0.066279	0.035832	0.048312
contig_14_segment0	1043603	1159149	0.132170	0.143595	0.072864	0.077036
contig_14_segment0	1159414	1239912	0.070042	0.076027	0.038213	0.032306
contig_14_segment0	1239929	1324936	0.047053	0.055361	0.025125	0.023272
contig_14_segment0	1324971	1422675	0.020730	0.020203	0.009341	-0.000667
contig_14_segment0	1422978	1510188	0.066497	0.088181	0.041891	0.033910
contig_14_segment0	1510340	1574744	0.016280	0.022498	0.012309	0.006998
contig_14_segment0	1574749	1582603	0.028294	0.112474	0.057159	0.006908
contig_14_segment0	1582610	1590947	0.045599	0.172688	0.082864	0.024958
contig_14_segment0	1590952	1602289	-0.009751	-0.042586	-0.016176	-0.011275
contig_14_segment0	1602325	1621002	-0.009351	-0.018917	-0.009469	-0.002394
contig_14_segment0	1621013	1629826	0.054197	0.179227	0.084528	0.032835
contig_14_segment0	1629844	1662600	0.004108	0.005679	0.002718	0.007807
contig_14_segment0	1662612	1707757	0.143119	0.160649	0.089143	0.096532
contig_14_segment0	1708079	1754905	0.021152	0.027251	0.012719	0.018950
contig_14_segment0	1754954	1797819	0.032613	0.045568	0.019689	0.013822
contig_14_segment0	1797826	1833277	0.123080	0.141283	0.073987	0.071064
contig_14_segment0	1833288	1876934	0.022200	0.028439	0.012916	0.013911
contig_14_segment0	1876959	1908818	0.066836	0.102351	0.046028	0.042399
contig_14_segment0	1909037	1948993	0.192660	0.206641	0.113298	0.106539
contig_14_segment0	1949005	1986073	0.118469	0.129141	0.067742	0.068944
contig_14_segment0	1986074	2018575	0.080399	0.105829	0.052098	0.045981
contig_14_segment0	2018576	2062582	-0.051022	-0.069603	-0.031359	-0.037031
contig_14_segment0	2062630	2110721	0.089687	0.084964	0.045696	0.046810
contig_14_segment0	2110835	2152300	-0.027007	-0.033561	-0.016740	-0.005685
contig_14_segment0	2152304	2203569	-0.015654	-0.017348	-0.008700	-0.014381
contig_14_segment0	2203570	2247219	0.003057	0.004133	0.001999	0.002253
contig_14_segment0	2247230	2295426	0.105235	0.128617	0.062581	0.061885
contig_14_segment0	2295498	2346375	0.022899	0.026736	0.013960	0.005975
contig_14_segment0	2346384	2394696	0.042460	0.052833	0.025197	0.021995
contig_14_segment0	2394698	2441262	-0.013549	-0.016120	-0.007785	-0.006493
contig_14_segment0	2441266	2504440	0.087052	0.096756	0.051506	0.053430
contig_14_segment0	2504470	2545161	-0.018198	-0.023968	-0.011653	-0.020385
contig_14_segment0	2545258	2603884	0.092940	0.098416	0.049616	0.051094
contig_14_segment0	2603944	2648726	0.134788	0.148090	0.086690	0.078281
contig_14_segment0	2648727	2705174	0.014083	0.016159	0.007946	0.008204
contig_14_segment0	2705200	2754540	-0.062401	-0.098448	-0.041498	-0.040962
contig_14_segment0	2754580	2811507	-0.030957	-0.045756	-0.018176	-0.019400
contig_14_segment0	2811622	2879202	-0.079653	-0.107461	-0.047433	-0.044326
contig_14_segment0	2879210	2939229	0.066910	0.071875	0.035531	0.050876
contig_14_segment0	2939370	2989809	0.090756	0.114727	0.052620	0.052222
contig_14_segment0	2990522	3038143	0.082773	0.111675	0.053322	0.045914
contig_14_segment0	3038245	3098307	-0.034012	-0.048406	-0.020449	-0.018315
contig_14_segment0	3098309	3145399	0.002926	0.004177	0.001739	-0.010172
contig_14_segment0	3145418	3205952	-0.028400	-0.032835	-0.016868	-0.012906
contig_14_segment0	3205974	3267612	0.017702	0.023022	0.010412	0.003212
contig_14_segment0	3267627	3317548	0.087691	0.114541	0.056598	0.047533
contig_14_segment0	3317894	3382248	0.070552	0.081560	0.037097	0.033437
contig_14_segment0	3382281	3457087	-0.030306	-0.031542	-0.016142	-0.017293
contig_14_segment0	3457114	3501554	0.121408	0.169313	0.084943	0.075129
contig_14_segment0	3501575	3567510	0.050130	0.057493	0.026944	0.025204
contig_14_segment0	3567532	3629917	-0.046602	-0.060964	-0.027964	-0.026498
contig_14_segment0	3629947	3697094	0.114260	0.140506	0.069747	0.063146
contig_14_segment0	3697102	3758469	0.075732	0.101973	0.042008	0.041189
contig_14_segment0	3758505	3818195	0.076809	0.089348	0.045402	0.051740
contig_14_segment0	3818285	3908198	0.150799	0.164241	0.084625	0.095648
contig_14_segment0	3908202	3998674	0.032100	0.034244	0.016835	0.018595
contig_14_segment0	3998764	4085567	0.059920	0.069372	0.035207	0.041230
contig_14_segment0	4085677	4155138	0.075466	0.091171	0.044586	0.042756
contig_14_segment0	4155141	4225445	0.089057	0.106241	0.050833	0.057129
contig_14_segment0	4225474	4285660	0.134258	0.149260	0.065917	0.076813
contig_14_segment0	4285662	4344195	0.039742	0.050292	0.021908	0.023996
contig_14_segment0	4344198	4396812	0.039977	0.051019	0.025325	0.024554
contig_14_segment0	4396885	4448812	0.148020	0.169939	0.087917	0.096167
contig_14_segment0	4448910	4505858	0.103239	0.117371	0.056385	0.051161
contig_14_segment0	4505859	4566342	0.034473	0.046235	0.018999	0.024967
contig_14_segment0	4566471	4627980	0.155870	0.157428	0.081144	0.107163
contig_14_segment0	4627981	4680284	0.047343	0.056515	0.025460	0.013756
contig_14_segment0	4680313	4728114	-0.054461	-0.074370	-0.036451	-0.028972
contig_14_segment0	4728126	4809934	0.204847	0.245846	0.130175	0.126917
contig_14_segment0	4809964	4986400	0.277996	0.327314	0.169136	0.171115
contig_14_segment0	4986412	5152666	0.022651	0.026443	0.013216	0.016174
contig_14_segment0	5152670	5518272	-0.109631	-0.066386	-0.037387	-0.038031
contig_14_segment0	5518273	5524186	0.037516	0.209917	0.129032	0.017083
contig_14_segment0	5524189	5532075	-0.013196	-0.112774	-0.055197	-0.006799
contig_4_segment0	8105	44363	-0.054705	-0.250796	-0.116180	-0.032829
contig_4_segment0	44372	244084	0.114585	0.084946	0.051632	0.075475
contig_4_segment0	244085	336753	0.010194	0.008320	0.004686	-0.010219
contig_4_segment0	336788	405085	-0.074279	-0.110023	-0.038914	-0.032524
contig_4_segment0	405097	459719	0.041850	0.051892	0.024563	0.017111
contig_4_segment0	459727	511966	-0.118916	-0.167612	-0.081182	-0.077872
contig_4_segment0	512251	565969	-0.041462	-0.058176	-0.029381	-0.033158
contig_4_segment0	565995	608589	0.023870	0.029086	0.015623	0.016781
contig_4_segment0	608611	654879	0.058193	0.073858	0.038375	0.039270
contig_4_segment0	654886	694232	0.059473	0.080988	0.040863	0.020312
contig_4_segment0	694257	743766	0.109319	0.157891	0.067497	0.069369
contig_4_segment0	743799	808245	0.104079	0.117598	0.062730	0.058749
contig_4_segment0	808416	871374	0.089251	0.119894	0.058549	0.050967
contig_4_segment0	871584	928270	0.047952	0.074293	0.035172	0.025271
contig_4_segment0	928348	967620	-0.018963	-0.027185	-0.012657	-0.018914
contig_4_segment0	967635	1006569	-0.014823	-0.024023	-0.010135	-0.006170
contig_4_segment0	1006575	1053231	0.040690	0.049728	0.022835	0.019050
contig_4_segment0	1053251	1100234	-0.011311	-0.015208	-0.006953	0.005743
contig_4_segment0	1100424	1140451	0.036440	0.057273	0.023046	0.026093
contig_4_segment0	1140453	1177316	-0.081461	-0.132637	-0.049599	-0.045375
contig_4_segment0	1177354	1216890	0.003342	0.005429	0.002141	-0.001467
contig_4_segment0	1216931	1250978	0.091728	0.110367	0.053948	0.054336
contig_4_segment0	1251003	1297091	0.130134	0.174358	0.078607	0.066607
contig_4_segment0	1297119	1331981	0.012075	0.018470	0.008152	0.005488
contig_4_segment0	1332074	1369101	0.018730	0.027235	0.011702	0.010620
contig_4_segment0	1369125	1404291	0.113361	0.139847	0.072415	0.069930
contig_4_segment0	1404392	1444498	0.017643	0.024527	0.010612	0.013895
contig_4_segment0	1444591	1486878	0.048159	0.056365	0.027960	0.031154
contig_4_segment0	1487019	1522711	0.009690	0.016311	0.006853	0.012706
contig_4_segment0	1522719	1563313	0.049966	0.066096	0.030984	0.037877
contig_4_segment0	1563314	1607881	0.106361	0.142259	0.071845	0.054864
contig_4_segment0	1608348	1666806	-0.072561	-0.114847	-0.053236	-0.035612
contig_4_segment0	1666845	1738477	0.119027	0.157117	0.082420	0.075070
contig_4_segment0	1738493	1788957	0.064497	0.073868	0.038863	0.031606
contig_4_segment0	1788960	1865177	0.042742	0.051533	0.024121	0.031973
contig_4_segment0	1865193	1924850	0.027561	0.043249	0.018875	0.009419
contig_4_segment0	1924894	1984477	-0.074659	-0.086157	-0.040211	-0.042730
contig_4_segment0	1984534	2027540	-0.017189	-0.027102	-0.011619	-0.003341
contig_4_segment0	2027542	2069516	0.027468	0.040236	0.019847	0.017639
contig_4_segment0	2069584	2112559	-0.003993	-0.005893	-0.002345	-0.001196
contig_4_segment0	2112561	2167894	0.092007	0.105431	0.048789	0.055080
contig_4_segment0	2167915	2214963	0.101924	0.136780	0.062236	0.057431
contig_4_segment0	2215038	2282066	0.100078	0.134944	0.060291	0.053579
contig_4_segment0	2282289	2327186	0.113720	0.181633	0.081113	0.063776
contig_4_segment0	2327187	2396927	0.013900	0.017516	0.008228	-0.000835
contig_4_segment0	2397036	2453252	0.105421	0.134711	0.065556	0.061806
contig_4_segment0	2453630	2498739	0.015014	0.019104	0.008521	0.002962
contig_4_segment0	2498751	2535680	0.197603	0.345825	0.173061	0.124947
contig_4_segment0	2535927	2616298	0.007328	0.009173	0.004499	0.006359
contig_4_segment0	2616941	2700977	-0.086765	-0.103581	-0.050189	-0.063762
contig_4_segment0	2701085	2795274	-0.087732	-0.120808	-0.047492	-0.041164
contig_4_segment0	2795504	2915110	-0.026345	-0.030994	-0.014665	-0.021271
contig_4_segment0	2915133	2969356	0.026715	0.052286	0.022778	0.020041
contig_4_segment0	2969366	3041234	0.094397	0.126275	0.056405	0.055086
contig_4_segment0	3041260	3096465	0.111194	0.147962	0.066667	0.061883
contig_4_segment0	3096514	3163821	0.156582	0.172987	0.094177	0.104751
contig_4_segment0	3163847	3231241	-0.018753	-0.029901	-0.013497	-0.003324
contig_4_segment0	3231275	3307286	0.196617	0.233684	0.118361	0.118592
contig_4_segment0	3307296	3376389	0.075985	0.098402	0.048003	0.041684
contig_4_segment0	3376394	3427467	0.097721	0.154343	0.059498	0.052329
contig_4_segment0	3427565	3496279	0.184255	0.213339	0.108593	0.125444
contig_4_segment0	3496371	3547540	0.097946	0.143542	0.074118	0.052432
contig_4_segment0	3547547	3628389	-0.017940	-0.022282	-0.010663	-0.002174
contig_4_segment0	3628409	3707036	0.058795	0.063140	0.031702	0.030001
contig_4_segment0	3707216	3778653	-0.025628	-0.035655	-0.015050	-0.005946
contig_4_segment0	3778704	3835884	0.079162	0.091375	0.044957	0.046518
contig_4_segment0	3835897	3909723	0.106075	0.138611	0.063526	0.071570
contig_4_segment0	3909758	3985479	0.082555	0.085936	0.043895	0.045217
contig_4_segment0	3985639	4045841	0.053146	0.064490	0.033685	0.031080
contig_4_segment0	4045858	4110103	0.004652	0.006856	0.003290	-0.000229
contig_4_segment0	4110115	4168881	-0.023467	-0.039943	-0.016509	-0.007383
contig_4_segment0	4168920	4219441	0.179237	0.230926	0.109462	0.105608
contig_4_segment0	4219623	4312906	0.130118	0.146315	0.072235	0.088467
contig_4_segment0	4312998	4384284	0.231166	0.246313	0.137381	0.143933
contig_4_segment0	4384289	4472057	0.029081	0.035302	0.016692	0.013111
contig_4_segment0	4472065	4551150	-0.106147	-0.163490	-0.071261	-0.053421
contig_4_segment0	4551201	4594835	-0.121800	-0.241552	-0.104493	-0.060239
contig_4_segment0	4594838	4603040	0.027215	0.118666	0.060753	0.012500
contig_4_segment0	4603044	4674285	-0.083864	-0.103497	-0.057151	-0.037284
contig_4_segment0	4674345	4739976	0.021997	0.023661	0.012881	0.010206
contig_4_segment0	4740147	4802430	-0.061627	-0.075082	-0.036937	-0.036903
contig_4_segment0	4802530	4878280	0.171126	0.173689	0.088935	0.095189
contig_4_segment0	4878507	4930709	0.119642	0.142341	0.069109	0.070520
contig_4_segment0	4930777	5021262	0.008169	0.009043	0.004371	0.000923
contig_4_segment0	5021280	5078367	0.164242	0.246364	0.126950	0.082904
contig_4_segment0	5078393	5150612	0.156594	0.136931	0.078332	0.089606
contig_4_segment0	5150639	5234133	0.042005	0.039497	0.022234	0.030972
contig_4_segment0	5234163	5320767	0.234854	0.290915	0.124461	0.136595
contig_4_segment0	5320832	5416380	0.039965	0.043873	0.020865	0.015968
contig_4_segment0	5416384	5499587	-0.055409	-0.067776	-0.030059	-0.047144
contig_4_segment0	5499594	5593639	-0.011221	-0.009827	-0.005427	-0.011923
contig_4_segment0	5593764	5678947	0.023710	0.032858	0.015283	0.012699
contig_4_segment0	5679038	5744423	0.100193	0.137927	0.071312	0.049662
contig_4_segment0	5744426	5816512	0.111738	0.118777	0.058769	0.060560
contig_4_segment0	5816553	5871396	0.007459	0.010413	0.004576	-0.004356
contig_4_segment0	5871427	5942681	-0.012612	-0.014874	-0.007451	-0.003438
contig_4_segment0	5942713	6020319	-0.067237	-0.074876	-0.033325	-0.041282
contig_4_segment0	6020351	6089681	0.078688	0.083039	0.044015	0.045761
contig_4_segment0	6089777	6180720	-0.046134	-0.048948	-0.025452	-0.032894
contig_4_segment0	6180766	6245930	0.025451	0.029721	0.015199	0.012226
contig_4_segment0	6245932	6363386	-0.110953	-0.126900	-0.059309	-0.065772
contig_4_segment0	6363404	6457382	0.084471	0.060176	0.035334	0.042786
contig_4_segment0	6457706	6565629	0.136010	0.136073	0.066932	0.081232
contig_4_segment0	6565953	6671474	0.105572	0.117404	0.062127	0.063367
contig_4_segment0	6671489	6785146	0.024291	0.022632	0.012428	0.006048
contig_4_segment0	6785149	6900607	-0.016132	-0.017464	-0.008754	-0.011824
contig_4_segment0	6900654	7017443	0.141654	0.123670	0.063467	0.092878
contig_4_segment0	7018289	7096329	0.125369	0.160063	0.075626	0.076855
contig_4_segment0	7096459	7172083	-0.105343	-0.173131	-0.064142	-0.054193
contig_4_segment0	7172263	7263878	0.042251	0.048291	0.022700	0.021816
contig_4_segment0	7264071	7327271	0.088328	0.128990	0.060751	0.052029
contig_4_segment0	7327717	7457610	0.156369	0.166117	0.082685	0.113579
contig_4_segment0	7457639	7568456	0.030053	0.026248	0.014363	0.015698
contig_4_segment0	7568801	7694599	0.030326	0.035092	0.016990	0.014164
contig_4_segment0	7694609	7810998	0.179996	0.146159	0.077113	0.107870
contig_4_segment0	7810999	7902810	0.069003	0.081738	0.033907	0.042291
contig_4_segment0	7902859	8034664	0.116465	0.112860	0.055788	0.079973
contig_4_segment0	8034665	8180066	0.036394	0.032612	0.015491	0.020120
contig_4_segment0	8180104	8298694	0.157810	0.153242	0.065441	0.098715
contig_4_segment0	8299018	8385840	0.133587	0.148321	0.062277	0.088291
contig_4_segment0	8385848	8484737	-0.027488	-0.027256	-0.013070	-0.023607
contig_4_segment0	8484795	8570554	0.109232	0.091673	0.045839	0.087407
contig_4_segment0	8570555	8668070	0.190737	0.150180	0.074625	0.103400
contig_4_segment0	8668242	8768748	-0.105569	-0.105399	-0.049306	-0.070647
contig_4_segment0	8768966	8858588	0.116331	0.130779	0.055660	0.061718
contig_4_segment0	8858598	8957532	-0.079539	-0.094259	-0.036241	-0.052591
contig_4_segment0	8957723	9107611	-0.048010	-0.045326	-0.018752	-0.031298
contig_4_segment0	9107884	9309751	0.105080	0.060735	0.033682	0.080157
contig_4_segment0	9310157	9473969	0.191749	0.138247	0.076620	0.151430
contig_4_segment0	9473970	9684392	0.214646	0.164798	0.083313	0.167731
contig_4_segment0	9684934	9841169	-0.163714	-0.168944	-0.070139	-0.113629
contig_4_segment0	9841366	10061629	0.146201	0.097546	0.050574	0.090519
contig_4_segment0	10062808	10253467	-0.152308	-0.123563	-0.059234	-0.106538
contig_4_segment0	10253908	10456566	-0.117852	-0.080006	-0.038078	-0.095207
contig_4_segment0	10457130	10587333	0.311184	0.297977	0.153283	0.216864
contig_4_segment0	10587388	10810195	0.233707	0.182606	0.080124	0.130597
contig_4_segment0	10810245	10994112	0.001495	0.001020	0.000523	-0.000429
contig_4_segment0	10994130	11114461	0.273791	0.224250	0.129666	0.184699
contig_4_segment0	11114463	11277325	0.127635	0.106529	0.064689	0.087433
contig_4_segment0	11277526	11417938	-0.034485	-0.033930	-0.014522	-0.026532
contig_4_segment0	11418216	11564764	-0.125148	-0.111837	-0.057113	-0.083903
contig_4_segment0	11564903	11660789	0.073578	0.084020	0.040238	0.040466
contig_4_segment0	11660900	11799415	0.109767	0.118298	0.059707	0.065247
contig_4_segment0	11799425	11928903	0.129390	0.118293	0.066343	0.076977
contig_4_segment0	11928914	12117686	-0.084221	-0.065636	-0.035347	-0.039830
contig_4_segment0	12117824	12345262	0.194757	0.165505	0.084729	0.119729
contig_4_segment0	12345265	12469856	0.015801	0.013006	0.006866	0.011611
contig_4_segment0	12471023	12642787	0.273481	0.238846	0.125933	0.172689
contig_4_segment0	12643040	12819688	-0.069332	-0.071837	-0.031338	-0.047252
contig_4_segment0	12819786	12986653	0.095201	0.065956	0.042070	0.048816
contig_4_segment0	12986701	13167819	-0.067735	-0.071263	-0.033579	-0.042139
contig_4_segment0	13168399	13333865	0.206498	0.147193	0.084718	0.118340
contig_4_segment0	13334236	13505691	0.104671	0.085591	0.044519	0.054136
contig_4_segment0	13505888	13627652	-0.091524	-0.101713	-0.061895	-0.048493
contig_4_segment0	13627749	13748758	0.009793	0.010935	0.005661	0.003505
contig_4_segment0	13748769	13868970	0.045969	0.039231	0.021385	0.029618
contig_4_segment0	13868971	13977555	0.166205	0.170295	0.092275	0.091563
contig_4_segment0	13977701	14095410	0.048846	0.035151	0.018767	0.015808
contig_4_segment0	14095481	14285735	-0.050011	-0.035766	-0.018698	-0.020019
contig_4_segment0	14285799	14479776	0.072064	0.036668	0.023385	0.039672
contig_4_segment0	14480377	14651008	-0.155905	-0.110632	-0.065209	-0.093578
contig_4_segment0	14651306	14832462	-0.076750	-0.038305	-0.024804	-0.039114
contig_4_segment0	14832744	15021065	-0.072381	-0.045101	-0.026677	-0.040379
contig_4_segment0	15021093	15211859	0.160470	0.093098	0.051307	0.100162
contig_4_segment0	15212095	15359429	0.003986	0.002744	0.001810	-0.001406
contig_4_segment0	15359531	15556785	0.135215	0.082279	0.048421	0.071047
contig_4_segment0	15557008	15780580	-0.211785	-0.140335	-0.084865	-0.110153
contig_4_segment0	15780583	16022003	0.135345	0.100295	0.055542	0.073006
contig_4_segment0	16022831	16222600	0.081962	0.051448	0.030323	0.036793
contig_4_segment0	16223024	16399312	-0.140113	-0.137014	-0.068904	-0.075889
contig_4_segment0	16399375	16629273	0.017335	0.007625	0.005017	0.001801
contig_4_segment0	16629283	16868877	-0.314508	-0.214195	-0.115537	-0.247395
contig_4_segment0	16868890	17078439	0.061821	0.061428	0.031999	0.028310
contig_4_segment0	17078446	17368981	-0.028616	-0.020983	-0.012458	-0.014275
contig_4_segment0	17369006	17566591	0.114411	0.049601	0.031610	0.047425
contig_4_segment0	17566988	17717351	0.286901	0.160724	0.098451	0.134441
contig_4_segment0	17717476	17859999	0.059287	0.030862	0.020300	0.033009
contig_4_segment0	17860309	18059385	0.059108	0.025876	0.018374	0.025454
contig_4_segment0	18059386	18242185	-0.327418	-0.290421	-0.165728	-0.215184
contig_4_segment0	18242192	18469538	0.114045	0.080055	0.046057	0.088102
contig_4_segment0	18469840	18619868	0.134274	0.110187	0.067100	0.070729
contig_4_segment0	18619987	18869908	0.142787	0.066321	0.044189	0.097179
contig_4_segment0	18870244	19070051	-0.067319	-0.043305	-0.030153	-0.044389
contig_4_segment0	19070374	19237203	0.154979	0.094579	0.060937	0.095180
contig_4_segment0	19237944	19407735	0.185258	0.158951	0.080535	0.091861
contig_4_segment0	19408406	19609835	0.129381	0.070875	0.041646	0.076079
contig_4_segment0	19610041	19691041	-0.009114	-0.007166	-0.004302	-0.009448
contig_4_segment0	19691043	19923606	0.077392	0.029710	0.018153	0.042774
contig_4_segment0	19923612	20156432	0.056790	0.036645	0.022853	0.024628
contig_4_segment0	20156438	20533176	-0.087894	-0.026240	-0.018739	-0.053158
contig_4_segment0	20533182	20838681	-0.207538	-0.079729	-0.054953	-0.150555
contig_4_segment0	20838918	20998661	-0.038926	-0.020531	-0.012912	-0.020435
contig_4_segment0	20998665	21230573	0.132546	0.074375	0.046568	0.081736
contig_4_segment0	21230585	21322936	0.015504	0.023769	0.014458	0.003060
contig_4_segment0	21322939	21515263	-0.134242	-0.123225	-0.062653	-0.075685
contig_4_segment0	21515278	21795702	-0.006027	-0.002581	-0.001813	-0.007821
contig_4_segment0	21795731	22064830	0.054195	0.025648	0.018474	0.020518
contig_4_segment0	22064843	22500219	0.079076	0.030438	0.021084	0.054750
contig_4_segment0	22500637	22846789	-0.006885	-0.002713	-0.001849	-0.002430
contig_4_segment0	22846826	23119046	-0.173556	-0.085206	-0.055257	-0.101523
contig_4_segment0	23119242	23470756	0.101163	0.036710	0.023412	0.055915
contig_4_segment0	23470776	23589830	0.012779	0.019085	0.011574	-0.004293
contig_4_segment0	23589843	24032364	0.166171	0.060620	0.040919	0.076645
contig_4_segment0	24032379	24642419	-0.085707	-0.019768	-0.013180	-0.060122
contig_4_segment0	24642422	24891396	0.042574	0.015802	0.011702	0.016937
contig_4_segment0	24891409	25185952	0.023385	0.008897	0.006472	0.014065
contig_4_segment0	25185954	25579866	-0.045068	-0.012105	-0.008100	-0.024667
contig_4_segment0	25579873	25982397	-0.045606	-0.012416	-0.009685	-0.027284
contig_4_segment0	25983150	26468809	0.065632	0.016537	0.011624	0.041616
contig_4_segment0	26469049	26735803	0.323262	0.217974	0.113522	0.234759
contig_4_segment0	26735819	26741364	0.030923	0.222751	0.119857	0.016399
contig_4_segment0	26741367	26998960	0.171948	0.119994	0.060077	0.119490
contig_4_segment0	27001175	27247811	-0.008485	-0.005244	-0.002879	-0.009775
contig_4_segment0	27247960	27589096	0.185961	0.050415	0.034576	0.097261
contig_4_segment0	27589103	27874738	-0.219636	-0.092942	-0.063788	-0.124248
contig_4_segment0	27874751	28070894	0.196458	0.107772	0.069327	0.111441
contig_4_segment0	28070907	28160776	0.011112	0.012583	0.008499	0.010038
contig_4_segment0	28160779	28409444	0.050062	0.019699	0.014285	0.024757
contig_4_segment0	28410080	28695917	0.116035	0.043823	0.029329	0.060796
contig_4_segment0	28695925	28844816	0.003243	0.002951	0.001766	-0.000270
contig_4_segment0	28844843	29054201	0.044824	0.017750	0.013106	0.018183
contig_4_segment0	29054763	29284937	0.036593	0.016812	0.012893	0.022130
contig_4_segment0	29284942	29735062	-0.035351	-0.012928	-0.008465	-0.019309
contig_4_segment0	29735084	30328385	-0.131281	-0.039141	-0.025505	-0.088458
contig_4_segment0	30332711	30658293	-0.075704	-0.029652	-0.018747	-0.044691
contig_4_segment0	30658295	31126970	0.018583	0.004546	0.003433	0.004580
contig_4_segment0	31127004	31464011	-0.067984	-0.023367	-0.017287	-0.046698
contig_4_segment0	31464115	31866198	0.069798	0.027796	0.017801	0.054247
contig_4_segment0	31868727	31992417	0.082165	0.088539	0.055084	0.034959
contig_4_segment0	31992418	32001231	0.024920	0.113560	0.058563	0.008958
contig_4_segment0	32001241	32019848	0.144553	0.225134	0.140936	0.085143
contig_4_segment0	32019853	32298583	-0.316020	-0.136631	-0.093914	-0.195559
contig_4_segment0	32298623	32740712	-0.165561	-0.064637	-0.041124	-0.085615
contig_4_segment0	32740713	32996772	0.062701	0.036049	0.022207	0.052582
contig_4_segment0	32996774	33447611	0.066436	0.021725	0.014528	0.032691
contig_4_segment0	33447620	33845878	0.108294	0.099910	0.055973	0.065873
contig_4_segment0	33845882	34215889	-0.264183	-0.143948	-0.084472	-0.135534
contig_4_segment0	34216100	34531802	0.038261	0.019254	0.012769	0.036500
contig_4_segment0	34531909	34942214	-0.073635	-0.017609	-0.013543	-0.050000
contig_4_segment0	34942327	35178943	0.387066	0.189506	0.112405	0.291868
contig_4_segment0	35179405	35646620	-0.050452	-0.024722	-0.014980	-0.041691
contig_4_segment0	35651099	35975366	-0.032064	-0.007298	-0.005803	-0.016264
