chr	windowStart	windowEnd	D	f_d	f_dM	d_f
contig_1888_segment0	55386	485419	0.033125	0.051317	0.035737	0.012206
contig_1888_segment0	254720	703408	0.018817	0.030372	0.021156	0.006390
contig_1888_segment0	349138	867197	0.031636	0.043436	0.031961	0.013823
contig_1888_segment0	485482	924208	0.016482	0.022475	0.016262	0.006185
contig_1888_segment0	703922	1049204	0.031769	0.041989	0.030615	0.012297
contig_1888_segment0	867201	1130717	0.029559	0.038778	0.027703	0.009473
contig_1888_segment0	924214	1335850	0.046103	0.042287	0.032748	0.020254
contig_1888_segment0	1049209	1620915	0.052451	0.031422	0.024326	0.025354
contig_1888_segment0	1130877	1987403	0.061016	0.027042	0.021368	0.034653
contig_1888_segment0	1335854	2115540	0.053346	0.025437	0.019151	0.031299
contig_1888_segment0	1620989	2371171	0.036310	0.019304	0.014526	0.022854
contig_1888_segment0	1987498	2564703	0.030511	0.020361	0.014673	0.019214
contig_1888_segment0	2115556	2734490	0.033755	0.021598	0.015716	0.020240
contig_1888_segment0	2371198	2852798	0.007214	0.004952	0.003461	0.003152
contig_1888_segment0	2565187	2949636	-0.018936	-0.013118	-0.009066	-0.013169
contig_1888_segment0	2734679	3054130	-0.005196	-0.003641	-0.002534	-0.003276
contig_1888_segment0	2853194	3142018	0.038886	0.028227	0.020279	0.024623
contig_1888_segment0	2949757	3212604	0.064031	0.048884	0.034720	0.038875
contig_1888_segment0	3054131	3368245	0.073644	0.050478	0.036105	0.044712
contig_1888_segment0	3142061	3511668	0.121309	0.071054	0.051121	0.079354
contig_1888_segment0	3212605	3704668	0.114168	0.063898	0.045502	0.080850
contig_1888_segment0	3368289	3848227	0.115309	0.067993	0.047418	0.086693
contig_1888_segment0	3512668	3977771	0.009722	0.006751	0.004538	0.007884
contig_1888_segment0	3704676	4115338	-0.008010	-0.005502	-0.003798	-0.001561
contig_1888_segment0	3848477	4199014	-0.068032	-0.049187	-0.033751	-0.037446
contig_1888_segment0	3977855	4292232	-0.036956	-0.025336	-0.017335	-0.014221
contig_1888_segment0	4115342	4400881	-0.031036	-0.022520	-0.015367	-0.012770
contig_1888_segment0	4199098	4546530	0.004102	0.002613	0.001854	0.004598
contig_1888_segment0	4292337	4688275	0.013921	0.008472	0.006079	0.010012
contig_1888_segment0	4400887	4809099	0.002428	0.001450	0.001030	0.003060
contig_1888_segment0	4546600	4884403	-0.004458	-0.002949	-0.002072	-0.001329
contig_1888_segment0	4689638	4966303	-0.002889	-0.002191	-0.001513	0.001041
contig_1888_segment0	4809104	5065786	0.026398	0.021449	0.014831	0.016168
contig_1888_segment0	4884405	5161183	0.033844	0.026343	0.018222	0.021018
contig_1888_segment0	4966305	5266545	0.031439	0.023164	0.016153	0.015575
contig_1888_segment0	5065834	5366627	0.012631	0.009135	0.006446	0.003337
contig_1888_segment0	5161281	5466640	0.010430	0.007592	0.005475	0.000475
contig_1888_segment0	5266558	5538580	-0.004493	-0.003482	-0.002469	-0.008046
contig_1888_segment0	5366661	5621386	0.013094	0.010837	0.007554	0.005977
contig_1888_segment0	5466696	5715293	-0.004987	-0.004068	-0.002777	-0.002761
contig_1888_segment0	5539053	5830881	0.017636	0.012533	0.008853	0.012031
contig_1888_segment0	5621397	6007100	0.028201	0.017747	0.012658	0.018154
contig_1888_segment0	5715314	6121276	0.044969	0.028753	0.020810	0.031469
contig_1888_segment0	5830882	6210724	0.021292	0.014678	0.010532	0.017039
contig_1888_segment0	6007103	6292198	-0.000472	-0.000378	-0.000264	0.002450
contig_1888_segment0	6121327	6413700	-0.017776	-0.014396	-0.009803	-0.009572
contig_1888_segment0	6210802	6548590	-0.007554	-0.005586	-0.003867	-0.001274
contig_1888_segment0	6292408	6691986	0.022922	0.015578	0.010937	0.019408
contig_1888_segment0	6413701	6833279	0.017272	0.011176	0.007769	0.014851
contig_1888_segment0	6548631	6951819	0.016691	0.011177	0.007722	0.013066
contig_1888_segment0	6692120	7063297	-0.029547	-0.020674	-0.013727	-0.017190
contig_1888_segment0	6833524	7155805	-0.014196	-0.010367	-0.006874	-0.008858
contig_1888_segment0	6951832	7230570	0.001637	0.001278	0.000815	-0.000260
contig_1888_segment0	7063298	7306053	0.012709	0.010247	0.006670	0.009064
contig_1888_segment0	7155930	7380280	0.015844	0.012613	0.008344	0.008496
contig_1888_segment0	7230590	7446692	0.019378	0.015270	0.010215	0.013016
contig_1888_segment0	7306142	7517648	0.036366	0.027950	0.018742	0.023782
contig_1888_segment0	7380346	7576835	0.024511	0.019410	0.012854	0.017537
contig_1888_segment0	7446774	7637279	0.014607	0.011802	0.007713	0.011419
contig_1888_segment0	7517712	7706315	-0.007138	-0.005655	-0.003760	-0.005375
contig_1888_segment0	7576879	7767555	0.020170	0.016134	0.010649	0.011308
contig_1888_segment0	7637374	7837643	0.022687	0.017866	0.011958	0.013656
contig_1888_segment0	7706341	7908460	0.001351	0.001107	0.000727	0.006969
contig_1888_segment0	7767602	7982668	-0.011488	-0.008826	-0.005957	0.000228
contig_1888_segment0	7837673	8060802	-0.027039	-0.020294	-0.013878	-0.009693
contig_1888_segment0	7908557	8136640	0.003938	0.002885	0.002008	0.006390
contig_1888_segment0	7982712	8209714	-0.013307	-0.010204	-0.007084	-0.003004
contig_1888_segment0	8060827	8274502	-0.006812	-0.005306	-0.003626	-0.000875
contig_1888_segment0	8136916	8342561	-0.022374	-0.017872	-0.012001	-0.010306
contig_1888_segment0	8209774	8430553	0.006489	0.004969	0.003305	0.003692
contig_1888_segment0	8274552	8526247	0.010566	0.007984	0.005443	0.004588
contig_1888_segment0	8342767	8608326	0.034847	0.025486	0.017726	0.022330
contig_1888_segment0	8430566	8691599	0.012937	0.010072	0.006913	0.009137
contig_1888_segment0	8526248	8777812	0.006642	0.005421	0.003641	0.007748
contig_1888_segment0	8608357	8913611	-0.031810	-0.025171	-0.016803	-0.021207
contig_1888_segment0	8692124	9032172	-0.038192	-0.028388	-0.018701	-0.028773
contig_1888_segment0	8778038	9155044	0.016459	0.011644	0.007698	0.008246
contig_1888_segment0	8913710	9312059	0.032278	0.022529	0.014818	0.019892
contig_1888_segment0	9032183	9541918	0.053315	0.033238	0.023027	0.037147
contig_1888_segment0	9155376	9719584	-0.023659	-0.013810	-0.009700	-0.013682
contig_1888_segment0	9312103	9829067	-0.020716	-0.012276	-0.008711	-0.008732
contig_1888_segment0	9542148	9935430	-0.022469	-0.014087	-0.010016	-0.012133
contig_1888_segment0	9719604	10032794	0.015622	0.010770	0.007582	0.011080
contig_1888_segment0	9829116	10162848	0.015669	0.010859	0.007614	0.009333
contig_1888_segment0	9935440	10363563	0.028444	0.019182	0.013421	0.017780
contig_1888_segment0	10033868	10541488	0.011889	0.007235	0.004980	0.007167
contig_1888_segment0	10163541	10638654	0.024667	0.014888	0.010330	0.015377
contig_1888_segment0	10363667	10727319	-0.003114	-0.002014	-0.001367	-0.003873
contig_1888_segment0	10541703	10813844	0.013420	0.009565	0.006576	0.006352
contig_1888_segment0	10638987	10906946	0.000553	0.000407	0.000278	-0.000261
contig_1888_segment0	10727326	11026004	0.001105	0.000822	0.000562	0.003342
contig_1888_segment0	10813864	11443438	0.032290	0.019768	0.013559	0.022215
contig_1888_segment0	10906967	11614385	0.041750	0.029666	0.020028	0.023856
contig_235_segment0	5057	56642	0.003230	0.013088	0.006915	0.002991
contig_235_segment0	12963	65719	0.010624	0.043902	0.023424	0.007407
contig_235_segment0	41286	76324	0.018239	0.077364	0.042737	0.010759
contig_235_segment0	56643	92614	-0.015059	-0.074688	-0.038360	-0.002565
contig_235_segment0	65724	112725	-0.025599	-0.103721	-0.056942	-0.009203
contig_235_segment0	76338	131338	-0.022787	-0.090459	-0.049901	-0.007960
contig_235_segment0	92615	139892	0.000476	0.001862	0.001059	0.000688
contig_235_segment0	112735	170063	0.000447	0.001766	0.001004	0.000660
scaffold_335_segment0	131345	143757	-0.000015	-0.000039	-0.000024	-0.002119
scaffold_335_segment0	139903	279310	-0.013425	-0.024178	-0.015970	-0.009118
scaffold_335_segment0	170096	361096	-0.000956	-0.001355	-0.000937	-0.003220
scaffold_335_segment0	143759	917235	0.004211	0.002441	0.001904	0.004193
scaffold_335_segment0	279312	1184435	0.043036	0.018436	0.014520	0.028721
scaffold_335_segment0	362865	1279454	0.024381	0.009989	0.007824	0.019916
scaffold_335_segment0	917590	1286872	0.015018	0.010028	0.007477	0.010907
scaffold_335_segment0	1184474	1324424	-0.015814	-0.020951	-0.014605	-0.005387
scaffold_335_segment0	1279480	1528042	0.012905	0.013381	0.009326	0.007886
scaffold_335_segment0	1286877	1782199	0.017235	0.011341	0.008050	0.013101
scaffold_335_segment0	1324716	2019022	0.030293	0.015723	0.011288	0.020410
scaffold_335_segment0	1528067	2215392	0.032665	0.017279	0.012325	0.019362
scaffold_335_segment0	1782217	2369359	0.049442	0.027701	0.019945	0.024864
scaffold_335_segment0	2019161	2485943	0.018445	0.011614	0.008155	0.006275
scaffold_335_segment0	2215586	2584785	0.012336	0.008291	0.005795	0.003144
scaffold_335_segment0	2369380	2701680	0.015806	0.011637	0.007999	0.006420
scaffold_335_segment0	2486062	2808573	0.084391	0.063069	0.044417	0.047815
scaffold_335_segment0	2584806	2931131	0.050196	0.034130	0.024035	0.027305
scaffold_335_segment0	2702233	3081472	0.012643	0.008032	0.005645	0.008998
scaffold_335_segment0	2808576	3277118	-0.089858	-0.048676	-0.035020	-0.051745
scaffold_335_segment0	2931157	3433508	-0.060200	-0.031166	-0.022599	-0.034501
scaffold_335_segment0	3081619	3555213	-0.052788	-0.026348	-0.019227	-0.031961
scaffold_335_segment0	3277493	3663025	-0.006885	-0.003801	-0.002707	-0.003363
scaffold_335_segment0	3433513	3786726	0.007964	0.004646	0.003365	0.005907
scaffold_335_segment0	3555258	3920582	-0.009521	-0.005492	-0.004049	-0.005289
scaffold_335_segment0	3663048	4041476	0.007524	0.004351	0.003176	0.007412
scaffold_335_segment0	3786986	4162861	0.006757	0.004015	0.002891	0.002535
scaffold_335_segment0	3920665	4256481	0.008983	0.005709	0.004046	0.003751
scaffold_335_segment0	4041504	4478995	0.004037	0.002215	0.001637	0.003265
scaffold_335_segment0	4162879	4645376	-0.026502	-0.013550	-0.010061	-0.010177
scaffold_335_segment0	4256738	4778573	0.013083	0.006428	0.004785	0.017588
scaffold_335_segment0	4479052	4883190	0.004822	0.002750	0.001958	0.006088
scaffold_335_segment0	4645408	4996183	0.045150	0.028153	0.019798	0.028815
scaffold_335_segment0	4778581	5100703	0.022413	0.015487	0.010497	0.009704
scaffold_335_segment0	4883337	5189789	0.015556	0.010520	0.007283	0.010246
scaffold_335_segment0	4996234	5216320	0.006285	0.004864	0.003345	0.001104
scaffold_335_segment0	5100765	5338692	0.006530	0.004891	0.003449	0.005074
scaffold_335_segment0	5189794	5509600	0.014427	0.009968	0.007181	0.008272
scaffold_335_segment0	5216340	5637248	0.011057	0.006363	0.004696	0.008608
scaffold_335_segment0	5339692	5731661	0.005769	0.003280	0.002443	0.003585
scaffold_335_segment0	5509601	5864544	-0.003604	-0.002076	-0.001550	-0.002463
scaffold_335_segment0	5637250	5976319	0.002621	0.001610	0.001179	0.003342
scaffold_335_segment0	5731860	6064864	0.012959	0.008341	0.006016	0.010435
scaffold_335_segment0	5864560	6140009	0.039978	0.028504	0.020222	0.025812
scaffold_335_segment0	5976380	6238371	0.027560	0.018734	0.013061	0.017733
scaffold_335_segment0	6065070	6326923	0.036828	0.023853	0.016780	0.023384
scaffold_335_segment0	6140343	6407443	0.037351	0.023580	0.016415	0.021718
scaffold_335_segment0	6238449	6488700	0.017344	0.011822	0.008277	0.008597
scaffold_335_segment0	6326924	6568446	0.004653	0.003428	0.002336	0.000969
scaffold_335_segment0	6407451	6643386	-0.018474	-0.013397	-0.009184	-0.010778
scaffold_335_segment0	6488745	6667282	-0.013304	-0.010947	-0.007395	-0.007059
scaffold_335_segment0	6568459	6700197	-0.084075	-0.075806	-0.050504	-0.049768
scaffold_335_segment0	6643389	6762907	-0.086735	-0.090192	-0.060409	-0.048631
scaffold_335_segment0	6667302	6900101	-0.066731	-0.053280	-0.036631	-0.039710
scaffold_335_segment0	6700199	7031625	0.010795	0.007206	0.005075	0.009721
scaffold_335_segment0	6763324	7150798	0.009485	0.005546	0.003946	0.010279
scaffold_335_segment0	6900343	7252976	0.049544	0.029810	0.021311	0.034487
scaffold_335_segment0	7031630	7356333	0.039093	0.022771	0.016457	0.028834
scaffold_335_segment0	7150836	7517929	0.052192	0.029255	0.021392	0.035971
scaffold_335_segment0	7252999	7750114	0.007846	0.004025	0.002928	0.005176
scaffold_335_segment0	7356394	7892448	0.028609	0.014000	0.010580	0.016555
scaffold_335_segment0	7517943	8111929	0.034521	0.017807	0.013046	0.022558
scaffold_335_segment0	7750123	8282385	0.066283	0.037392	0.027208	0.045463
scaffold_335_segment0	7892534	8490179	0.078304	0.042887	0.031127	0.055495
scaffold_335_segment0	8113221	8628831	0.065951	0.034842	0.025599	0.044253
scaffold_335_segment0	8282517	8791090	0.023494	0.011678	0.008712	0.012726
scaffold_335_segment0	8490271	8978210	-0.010391	-0.005544	-0.004068	-0.009361
scaffold_335_segment0	8628839	9140808	-0.056536	-0.029684	-0.022045	-0.036716
scaffold_335_segment0	8791163	9276236	-0.034730	-0.018793	-0.014005	-0.020594
scaffold_335_segment0	8978248	9553120	-0.002268	-0.001036	-0.000800	0.000326
scaffold_335_segment0	9140810	9789014	0.026156	0.011842	0.009072	0.016071
scaffold_335_segment0	9276996	10019615	0.040104	0.017318	0.013295	0.023849
scaffold_335_segment0	9553432	10274666	0.031447	0.015538	0.011385	0.019145
scaffold_335_segment0	9789051	10466147	0.004410	0.002109	0.001575	0.004750
scaffold_335_segment0	10020772	10670429	-0.011184	-0.005286	-0.003869	-0.003354
scaffold_335_segment0	10274669	10865129	-0.038900	-0.017822	-0.013270	-0.018512
scaffold_335_segment0	10466168	11029111	-0.010891	-0.005266	-0.003880	-0.003784
scaffold_335_segment0	10670469	11201217	-0.021934	-0.012055	-0.009148	-0.008055
scaffold_335_segment0	10865294	11446754	0.012865	0.006750	0.005123	0.008180
scaffold_335_segment0	11029116	11612281	0.002072	0.001067	0.000811	0.002527
scaffold_335_segment0	11202022	11806736	0.035670	0.015087	0.011609	0.020276
scaffold_335_segment0	11447014	12021503	0.008508	0.003578	0.002670	0.004155
scaffold_335_segment0	11612321	12262457	0.030939	0.011627	0.008715	0.023209
scaffold_335_segment0	11806756	12408027	-0.002740	-0.001161	-0.000836	0.005587
scaffold_335_segment0	12021962	12522817	-0.019730	-0.009101	-0.006675	-0.005025
scaffold_335_segment0	12262898	12868907	-0.037107	-0.015122	-0.011292	-0.018533
scaffold_335_segment0	12408035	13085400	0.046600	0.019085	0.014104	0.024601
scaffold_335_segment0	12522857	13365194	0.089189	0.031718	0.023519	0.052851
scaffold_335_segment0	12868923	13669183	0.108503	0.041217	0.030509	0.067804
scaffold_335_segment0	13085433	13957699	0.074260	0.025885	0.019701	0.049205
scaffold_335_segment0	13365543	14241858	0.017893	0.006248	0.004785	0.013676
scaffold_335_segment0	13669356	14570984	0.007540	0.002803	0.002085	0.005777
scaffold_335_segment0	13957849	14915345	-0.080048	-0.027999	-0.021002	-0.056095
scaffold_335_segment0	14242237	15384969	-0.037769	-0.012330	-0.009450	-0.022329
scaffold_335_segment0	14571525	15725081	-0.026482	-0.008529	-0.006685	-0.010496
scaffold_335_segment0	14915423	16083177	0.029011	0.009542	0.007316	0.026232
scaffold_335_segment0	15385012	16461313	0.012937	0.004470	0.003358	0.012789
scaffold_335_segment0	15725083	16721403	0.058528	0.019074	0.014251	0.035561
scaffold_335_segment0	16083317	16894603	0.067113	0.024088	0.017730	0.035133
scaffold_335_segment0	16461494	17029049	0.034128	0.015267	0.010742	0.015660
scaffold_335_segment0	16721429	17228676	-0.032570	-0.015783	-0.010857	-0.021594
scaffold_335_segment0	16894607	17443364	0.003125	0.001398	0.001011	0.001736
scaffold_335_segment0	17029063	17671121	0.031315	0.012420	0.009291	0.017265
scaffold_335_segment0	17228722	17846136	0.005285	0.002327	0.001745	0.005031
scaffold_335_segment0	17443520	18025292	0.010654	0.004894	0.003648	0.006671
scaffold_335_segment0	17671129	18171019	-0.016166	-0.008210	-0.005911	-0.004954
scaffold_335_segment0	17846308	18340519	0.061368	0.028937	0.020988	0.039566
scaffold_335_segment0	18025305	18519284	0.003653	0.001837	0.001298	0.005436
scaffold_335_segment0	18171043	18736716	0.056547	0.027161	0.019474	0.033694
scaffold_335_segment0	18340526	18985970	0.013833	0.005650	0.004173	0.009894
scaffold_335_segment0	18519286	19311898	0.006708	0.002492	0.001894	0.005231
scaffold_335_segment0	18736816	19814691	0.053403	0.016825	0.013412	0.033811
scaffold_335_segment0	18986049	20216030	0.039460	0.012313	0.009618	0.023444
scaffold_335_segment0	19311927	20492142	0.112940	0.036071	0.028070	0.070689
scaffold_335_segment0	19814971	20826129	0.012376	0.004542	0.003385	0.009939
scaffold_335_segment0	20216097	21041843	0.035742	0.016462	0.012252	0.023822
scaffold_335_segment0	20492167	21332390	-0.000090	-0.000041	-0.000031	0.001697
scaffold_335_segment0	20826495	21599566	0.020375	0.009545	0.007380	0.012816
scaffold_335_segment0	21042047	21879434	0.055537	0.020636	0.016507	0.029345
scaffold_335_segment0	21332557	22178357	0.047074	0.014885	0.012145	0.028402
scaffold_335_segment0	21599958	22375428	0.053682	0.017091	0.013791	0.030606
scaffold_335_segment0	21879936	22702034	0.052099	0.019021	0.014953	0.030789
scaffold_335_segment0	22178766	22936823	0.053637	0.026180	0.019657	0.025087
scaffold_335_segment0	22376032	23211403	0.033215	0.016843	0.012328	0.015887
scaffold_335_segment0	22702035	23726022	0.079651	0.028489	0.021067	0.046152
scaffold_335_segment0	22937408	24180508	0.048587	0.015225	0.010921	0.029670
scaffold_335_segment0	23211414	24619196	0.043696	0.011354	0.008372	0.032255
scaffold_335_segment0	23726409	25182847	-0.032430	-0.009181	-0.006981	-0.016321
scaffold_335_segment0	24180617	25880317	0.041440	0.009664	0.007835	0.033950
scaffold_335_segment0	24619453	26424261	0.098305	0.021451	0.018041	0.056577
scaffold_335_segment0	25182848	26695611	0.092232	0.018954	0.015853	0.047276
scaffold_335_segment0	25880349	26859992	-0.006750	-0.002148	-0.001706	-0.003113
scaffold_335_segment0	26424328	27050019	-0.046633	-0.022128	-0.016071	-0.022354
scaffold_335_segment0	26696089	27354363	-0.038002	-0.020590	-0.014451	-0.018702
scaffold_335_segment0	26860008	27609665	0.024631	0.011227	0.008335	0.013487
scaffold_335_segment0	27050032	27867479	0.043676	0.017788	0.013430	0.026112
scaffold_335_segment0	27357430	28302812	0.044672	0.017150	0.012909	0.027702
scaffold_335_segment0	27610159	28569840	0.025887	0.009801	0.007578	0.018825
scaffold_335_segment0	27867765	28900063	0.050881	0.018664	0.014626	0.027678
scaffold_335_segment0	28303661	29054606	0.050110	0.024330	0.019424	0.019853
scaffold_335_segment0	28570526	29388066	0.095281	0.048109	0.037482	0.036308
scaffold_335_segment0	28901566	29740655	0.098924	0.047270	0.036882	0.040535
scaffold_335_segment0	29054609	30086125	0.114569	0.039611	0.031778	0.053870
scaffold_335_segment0	29388139	30486970	0.108732	0.031230	0.025488	0.058595
scaffold_335_segment0	29740672	30692635	0.150417	0.044832	0.037377	0.077344
scaffold_335_segment0	30087073	30877486	0.069206	0.025176	0.020161	0.035584
scaffold_335_segment0	30488322	30982220	0.054250	0.026901	0.020537	0.024701
scaffold_335_segment0	30692969	31108723	-0.030120	-0.016949	-0.011920	-0.016765
scaffold_335_segment0	30877517	31359092	0.134783	0.070511	0.049523	0.068432
scaffold_335_segment0	30982222	31607554	0.115019	0.052405	0.037055	0.060643
scaffold_335_segment0	31110809	31885714	0.160356	0.065413	0.049527	0.078026
scaffold_335_segment0	31359444	32287554	0.037033	0.013290	0.010847	0.018460
scaffold_335_segment0	31607560	32628342	0.068738	0.020637	0.017880	0.031344
scaffold_335_segment0	31885724	33150267	0.081981	0.020955	0.018031	0.042492
scaffold_335_segment0	32287559	33434219	0.114691	0.030515	0.025624	0.058141
scaffold_335_segment0	32628440	33827217	0.089186	0.021353	0.017692	0.048973
scaffold_335_segment0	33150287	34119384	0.240042	0.072614	0.057759	0.136351
scaffold_335_segment0	33434222	34496474	0.134300	0.041655	0.032964	0.081844
scaffold_335_segment0	33827275	34710195	0.116811	0.047043	0.036337	0.055145
scaffold_335_segment0	34121193	34890796	-0.137135	-0.061620	-0.047354	-0.050382
scaffold_335_segment0	34496477	34961363	-0.036930	-0.025626	-0.018448	-0.011875
scaffold_335_segment0	34710207	35129626	0.013368	0.010127	0.007022	0.004922
scaffold_335_segment0	34890805	35413599	0.050215	0.029864	0.022827	0.018301
scaffold_335_segment0	34961406	35784498	0.054672	0.026746	0.020559	0.026838
scaffold_335_segment0	35129707	36069587	0.025373	0.010784	0.008332	0.015435
scaffold_335_segment0	35414526	36495958	0.045268	0.020229	0.015096	0.029232
scaffold_335_segment0	35784874	36855076	0.100637	0.043387	0.030532	0.058438
scaffold_335_segment0	36070593	37115117	0.127899	0.055042	0.039474	0.073486
scaffold_335_segment0	36497733	37310533	0.165129	0.068686	0.049593	0.103629
scaffold_335_segment0	36855159	37472116	0.177659	0.081578	0.061618	0.099052
scaffold_335_segment0	37115997	37574886	0.152398	0.100592	0.069969	0.074427
scaffold_335_segment0	37310751	37789448	0.094689	0.082246	0.051880	0.040230
scaffold_335_segment0	37472126	38026480	-0.003278	-0.002435	-0.001619	-0.000154
scaffold_335_segment0	37575008	38267656	0.033899	0.017983	0.013170	0.019718
scaffold_335_segment0	37789645	38632700	0.021837	0.008837	0.006706	0.014831
scaffold_335_segment0	38026484	38851481	0.089108	0.037472	0.027513	0.047726
scaffold_335_segment0	38267693	39108660	0.095589	0.038487	0.027964	0.047098
scaffold_335_segment0	38632712	39340451	0.116254	0.054876	0.039586	0.058143
scaffold_335_segment0	38852068	39574922	0.069872	0.032213	0.024207	0.043176
scaffold_335_segment0	39110423	39879729	0.081684	0.037600	0.028467	0.054399
scaffold_335_segment0	39340552	40188721	0.061394	0.026811	0.020400	0.043346
scaffold_335_segment0	39574924	40320805	0.051576	0.024591	0.018218	0.028618
scaffold_335_segment0	39879770	40471282	-0.027542	-0.016397	-0.010836	-0.010776
scaffold_335_segment0	40188858	40572471	0.000133	0.000116	0.000070	0.001914
scaffold_335_segment0	40321080	40740832	-0.037814	-0.026308	-0.016615	-0.017539
scaffold_335_segment0	40471285	40873157	0.016977	0.010781	0.007353	0.007571
scaffold_335_segment0	40572487	41029915	0.030018	0.015812	0.011015	0.014215
scaffold_335_segment0	40740834	41191706	0.125408	0.068406	0.048008	0.057681
scaffold_335_segment0	40873589	41438956	0.090430	0.046895	0.032449	0.044572
scaffold_335_segment0	41029950	41639433	0.014363	0.007296	0.005189	0.008034
scaffold_335_segment0	41191707	41819153	0.006290	0.003355	0.002360	0.005017
scaffold_335_segment0	41438958	41982145	0.023953	0.013719	0.009652	0.014229
scaffold_335_segment0	41639783	42189990	0.024517	0.012790	0.008909	0.015938
scaffold_335_segment0	41819159	42476563	0.007968	0.003541	0.002574	0.008759
scaffold_335_segment0	41982246	42786334	0.046540	0.020183	0.014018	0.030447
scaffold_335_segment0	42190013	43100886	0.060467	0.026390	0.017845	0.037826
scaffold_335_segment0	42478743	43448588	0.019513	0.008333	0.005520	0.009513
scaffold_335_segment0	42786343	43748738	0.079830	0.034246	0.022429	0.050401
scaffold_335_segment0	43101078	44225629	0.093084	0.032780	0.022781	0.059794
scaffold_335_segment0	43449368	44714686	0.117803	0.036707	0.026151	0.071034
scaffold_335_segment0	43748910	45114725	0.001867	0.000524	0.000405	0.006006
scaffold_335_segment0	44225654	45304513	-0.028352	-0.010647	-0.008086	-0.013193
scaffold_335_segment0	44714690	45603388	0.043434	0.018997	0.014413	0.034090
scaffold_335_segment0	45114729	45907860	0.099400	0.048987	0.034290	0.062418
scaffold_335_segment0	45305267	46243499	0.140883	0.063814	0.045504	0.094270
scaffold_335_segment0	45603609	46522958	0.080802	0.035066	0.025678	0.050829
scaffold_335_segment0	45907865	46732655	0.068415	0.028979	0.022292	0.042763
scaffold_335_segment0	46243595	46950365	0.051727	0.021490	0.016381	0.028585
scaffold_335_segment0	46523253	47117277	0.038454	0.018572	0.013221	0.021281
scaffold_335_segment0	46732658	47316859	0.008364	0.004281	0.002955	0.006212
scaffold_335_segment0	46950384	47539019	0.000590	0.000319	0.000221	0.001835
scaffold_335_segment0	47117291	47683513	0.012273	0.007299	0.005081	0.010283
scaffold_335_segment0	47317326	47844666	0.015237	0.009099	0.006432	0.012851
scaffold_335_segment0	47539433	48030080	0.015335	0.009038	0.006410	0.013847
scaffold_335_segment0	47683528	48167195	0.049714	0.027382	0.019785	0.033780
scaffold_335_segment0	47844673	48346474	0.030981	0.017863	0.013034	0.020428
scaffold_335_segment0	48030157	48504275	0.038143	0.022042	0.016242	0.022979
scaffold_335_segment0	48167266	48684653	-0.015217	-0.008455	-0.006293	-0.014328
scaffold_335_segment0	48346879	48833334	0.001009	0.000559	0.000414	-0.001981
scaffold_335_segment0	48504293	48961790	0.002703	0.001596	0.001152	-0.001954
scaffold_335_segment0	48684868	49143464	0.025102	0.013552	0.010040	0.015655
scaffold_335_segment0	48833387	49330957	0.019497	0.010447	0.007656	0.010167
scaffold_335_segment0	48962225	49475101	0.021672	0.011273	0.008284	0.016030
scaffold_335_segment0	49143932	49671288	-0.006218	-0.003426	-0.002468	-0.001164
scaffold_335_segment0	49331006	49815704	-0.035661	-0.020183	-0.014654	-0.019922
scaffold_335_segment0	49475628	49928400	-0.048470	-0.029618	-0.021546	-0.031686
scaffold_335_segment0	49671464	50080028	0.045094	0.028723	0.021040	0.021781
scaffold_335_segment0	49815862	50212080	0.049750	0.029612	0.021519	0.028267
scaffold_335_segment0	49928455	50344724	0.048811	0.028312	0.020448	0.032179
scaffold_335_segment0	50080653	50510876	-0.003363	-0.002028	-0.001425	0.000761
scaffold_335_segment0	50212082	50677244	0.025965	0.016294	0.011688	0.016207
scaffold_335_segment0	50345511	50833416	0.031763	0.018592	0.013598	0.022144
scaffold_335_segment0	50510909	50993886	0.026275	0.015003	0.011187	0.021538
scaffold_335_segment0	50677506	51261465	-0.011958	-0.006386	-0.004740	-0.001243
scaffold_335_segment0	50833541	51474216	-0.024434	-0.012708	-0.009255	-0.009885
scaffold_335_segment0	50994292	51645041	-0.042737	-0.023026	-0.016492	-0.022563
scaffold_335_segment0	51261900	51836783	0.006059	0.003371	0.002322	0.007317
scaffold_335_segment0	51474258	52001447	0.037586	0.023279	0.016064	0.025389
scaffold_335_segment0	51645218	52190135	0.067932	0.039830	0.027736	0.039823
scaffold_335_segment0	51836841	52401435	0.049566	0.027767	0.019908	0.026749
scaffold_335_segment0	52001490	52557838	0.033479	0.016865	0.011985	0.017319
scaffold_335_segment0	52190355	52698111	0.011576	0.005692	0.004061	0.005230
scaffold_335_segment0	52401444	52815202	0.023934	0.013152	0.009198	0.010975
scaffold_335_segment1	67053	449305	-0.012465	-0.008084	-0.005712	-0.004189
scaffold_335_segment1	178905	588521	-0.003716	-0.002329	-0.001652	-0.003033
scaffold_335_segment1	321538	751519	-0.003338	-0.002078	-0.001461	-0.004662
scaffold_335_segment1	449369	869987	0.031429	0.020013	0.014060	0.018608
scaffold_335_segment1	588572	958810	0.003870	0.002579	0.001827	0.007554
scaffold_335_segment1	751549	1050007	-0.024331	-0.016206	-0.011222	-0.007602
scaffold_335_segment1	870267	1149126	-0.000712	-0.000448	-0.000310	0.007896
scaffold_335_segment1	958820	1240840	0.015653	0.009844	0.006688	0.015475
scaffold_335_segment1	1050012	1336345	0.078460	0.051061	0.035207	0.054920
scaffold_335_segment1	1149359	1436100	0.035053	0.024411	0.016883	0.022609
scaffold_335_segment1	1240855	1525174	0.020550	0.014735	0.010367	0.006176
scaffold_335_segment1	1336357	1655982	0.008445	0.005916	0.004206	-0.001793
scaffold_335_segment1	1436207	1795445	0.036555	0.024744	0.017614	0.013227
scaffold_335_segment1	1525210	1922155	0.050923	0.032884	0.023314	0.032523
scaffold_335_segment1	1656062	1989357	0.002087	0.001487	0.001025	0.001448
scaffold_335_segment1	1796532	2057394	-0.034954	-0.026547	-0.017997	-0.017342
scaffold_335_segment1	1922217	2110452	-0.038463	-0.032591	-0.021926	-0.020969
scaffold_335_segment1	1989362	2174360	-0.002785	-0.002373	-0.001627	-0.001310
scaffold_335_segment1	2057522	2238136	0.023483	0.020989	0.014500	0.009489
scaffold_335_segment1	2110453	2316306	0.030913	0.025100	0.017396	0.013701
scaffold_335_segment1	2174422	2408982	0.037482	0.027867	0.019533	0.017880
scaffold_335_segment1	2238143	2494616	0.019116	0.012594	0.008833	0.011209
scaffold_335_segment1	2316428	2555856	-0.007005	-0.004980	-0.003435	-0.003850
scaffold_335_segment1	2408999	2628814	-0.021490	-0.016831	-0.011281	-0.009259
scaffold_335_segment1	2494637	2681048	-0.024271	-0.022668	-0.014708	-0.011322
scaffold_335_segment1	2555863	2756838	0.004514	0.003860	0.002596	0.005329
scaffold_335_segment1	2629131	2826067	0.013921	0.011291	0.007764	0.011806
scaffold_335_segment1	2681391	2914937	0.005608	0.004094	0.002874	0.010428
scaffold_335_segment1	2757010	2980434	0.001707	0.001277	0.000883	0.007282
scaffold_335_segment1	2826081	3037190	-0.020454	-0.015802	-0.010888	-0.008705
scaffold_335_segment1	2914941	3087809	-0.017879	-0.015236	-0.010401	-0.011431
scaffold_335_segment1	2980436	3123027	-0.008740	-0.008112	-0.005510	-0.006818
scaffold_335_segment1	3037204	3161228	-0.013975	-0.013392	-0.009072	-0.009007
scaffold_335_segment1	3087887	3195043	-0.000882	-0.000880	-0.000599	-0.002472
scaffold_335_segment1	3123028	3240263	-0.018791	-0.017806	-0.012205	-0.011889
scaffold_335_segment1	3161236	3282702	-0.006273	-0.005574	-0.003794	-0.005066
scaffold_335_segment1	3195044	3321785	-0.019042	-0.016200	-0.010911	-0.010987
scaffold_335_segment1	3240291	3356530	-0.005833	-0.005165	-0.003418	-0.003535
scaffold_335_segment1	3282710	3389898	0.010513	0.010015	0.006696	0.006816
scaffold_335_segment1	3321786	3428483	-0.001454	-0.001435	-0.000944	0.000816
scaffold_335_segment1	3356531	3480576	-0.010654	-0.010721	-0.006989	-0.006731
scaffold_335_segment1	3389907	3524407	-0.001425	-0.001418	-0.000916	-0.003607
scaffold_335_segment1	3428535	3583495	0.016961	0.016738	0.010796	0.003927
scaffold_335_segment1	3480591	3640616	0.039733	0.037780	0.024926	0.020092
scaffold_335_segment1	3524470	3715052	0.013446	0.011882	0.007884	0.009083
scaffold_335_segment1	3583519	3792276	0.003992	0.003468	0.002303	0.005172
scaffold_335_segment1	3640663	3851880	-0.007224	-0.006177	-0.004108	-0.000812
scaffold_335_segment1	3715333	3912072	0.006456	0.006118	0.003984	0.002953
scaffold_335_segment1	3792392	3949068	0.008822	0.009310	0.005973	0.004386
scaffold_335_segment1	3851889	3994074	-0.024867	-0.026908	-0.016608	-0.019499
scaffold_335_segment1	3912097	4047597	-0.043140	-0.045135	-0.028260	-0.028365
scaffold_335_segment1	3949077	4095167	-0.031878	-0.028996	-0.018596	-0.018992
scaffold_335_segment1	3994085	4143532	-0.010176	-0.008660	-0.005682	-0.002351
scaffold_335_segment1	4047599	4195636	0.009835	0.008417	0.005510	0.007561
scaffold_335_segment1	4095169	4257461	-0.010114	-0.008873	-0.005814	-0.004192
scaffold_335_segment1	4143578	4340608	0.016295	0.015291	0.010005	0.008411
scaffold_335_segment1	4195637	4427426	-0.001538	-0.001345	-0.000898	-0.001241
scaffold_335_segment1	4257524	4591544	0.005722	0.004649	0.003196	0.001068
scaffold_335_segment1	4340642	4806162	0.009033	0.007903	0.005455	0.001934
scaffold_335_segment1	4427428	4815433	0.011833	0.014708	0.009980	0.004952
scaffold_335_segment1	4592374	4834068	0.030168	0.080544	0.051409	0.013644
scaffold_430_segment0	19686	504376	-0.033899	-0.021524	-0.016165	-0.014988
scaffold_430_segment0	35030	669274	0.023552	0.012679	0.009509	0.011557
scaffold_430_segment0	145121	864732	0.055363	0.024828	0.018785	0.026709
scaffold_430_segment0	504377	1067142	0.034420	0.016753	0.012624	0.014246
scaffold_430_segment0	669276	1432766	0.016897	0.005662	0.004351	0.010062
scaffold_430_segment0	864736	1744636	0.034932	0.010583	0.008131	0.016910
scaffold_430_segment0	1067144	1933817	0.040004	0.012071	0.009275	0.020742
scaffold_430_segment0	1432781	2143561	0.052259	0.017383	0.013675	0.022435
scaffold_430_segment0	1744637	2393623	0.051626	0.017492	0.014186	0.028421
scaffold_430_segment0	1934084	2580039	0.040962	0.015527	0.012448	0.022579
scaffold_430_segment0	2143575	2730414	0.040949	0.018427	0.014091	0.022275
scaffold_430_segment0	2393637	2997533	0.035256	0.014236	0.010716	0.016693
scaffold_430_segment0	2580066	3141502	0.037790	0.015375	0.011756	0.016567
scaffold_430_segment0	2730415	3312713	0.030923	0.012260	0.009739	0.015237
scaffold_430_segment0	2997550	3580187	0.058285	0.025476	0.020297	0.027362
scaffold_430_segment0	3141587	3913804	0.080866	0.026755	0.021908	0.036945
scaffold_430_segment0	3312745	4078405	0.067863	0.021579	0.017608	0.030844
scaffold_430_segment0	3580188	4230352	0.015897	0.005805	0.004734	0.006493
scaffold_430_segment0	3913906	4369564	0.006879	0.003328	0.002652	0.005183
scaffold_430_segment0	4080380	4561157	-0.004871	-0.002077	-0.001637	-0.001936
scaffold_430_segment0	4230842	4885411	0.000561	0.000189	0.000151	-0.001324
scaffold_430_segment0	4369565	4969401	-0.002685	-0.001018	-0.000796	-0.004257
scaffold_430_segment0	4561172	5260684	0.009796	0.003643	0.002863	0.000889
scaffold_430_segment0	4885425	5572934	-0.001014	-0.000398	-0.000317	-0.003006
scaffold_430_segment0	4969446	5812134	0.006954	0.002166	0.001745	0.001735
scaffold_430_segment0	5261426	5972937	-0.024930	-0.008674	-0.006868	-0.012781
scaffold_430_segment0	5572935	6234369	-0.002904	-0.001076	-0.000830	-0.002442
scaffold_430_segment0	5812138	6361704	0.001849	0.000769	0.000584	0.001563
scaffold_430_segment0	5972943	6706691	0.050299	0.017355	0.013822	0.030470
scaffold_430_segment0	6234370	6938615	0.042146	0.016110	0.012802	0.022033
scaffold_430_segment0	6361866	7146286	0.019381	0.006732	0.005431	0.008863
scaffold_430_segment0	6707267	7349605	0.031985	0.013639	0.010551	0.011516
scaffold_430_segment0	6938619	7604882	0.028711	0.011235	0.009008	0.013734
scaffold_430_segment0	7146290	7710989	0.027033	0.014428	0.011319	0.015500
scaffold_430_segment0	7350880	7935757	0.003611	0.001990	0.001562	0.005227
scaffold_430_segment0	7604894	8118459	-0.011669	-0.007102	-0.005254	-0.003081
scaffold_430_segment0	7710990	8497501	-0.004211	-0.001807	-0.001418	-0.000470
scaffold_430_segment0	7935770	8730110	-0.007015	-0.002593	-0.002105	-0.001102
scaffold_430_segment0	8118466	9049904	0.013610	0.004444	0.003688	0.007347
scaffold_430_segment0	8497504	9275501	0.021482	0.007208	0.005816	0.010418
scaffold_430_segment0	8730439	9593237	0.034910	0.010668	0.008642	0.015137
scaffold_430_segment0	9049908	9818056	0.061304	0.017394	0.014153	0.031499
scaffold_430_segment0	9275513	9967839	0.074396	0.023090	0.018888	0.043434
scaffold_430_segment0	9598750	10348015	0.082252	0.025952	0.020817	0.052272
scaffold_430_segment0	9818087	10644693	0.068349	0.023319	0.018882	0.041607
scaffold_430_segment0	9967845	10918457	0.038358	0.011461	0.009268	0.021280
scaffold_430_segment0	10348021	11242255	0.014313	0.004033	0.003250	0.005895
scaffold_430_segment0	10644702	11285679	0.001126	0.000425	0.000335	-0.000323
scaffold_430_segment0	10918672	11297145	-0.000995	-0.000646	-0.000503	-0.001111
scaffold_430_segment0	11243225	11435436	0.019852	0.027622	0.021144	0.005246
scaffold_430_segment0	11285696	11708294	0.030675	0.018804	0.014911	0.011246
scaffold_430_segment0	11297146	11871218	0.014086	0.005425	0.004350	0.004660
scaffold_430_segment0	11435437	12052913	0.001054	0.000368	0.000295	-0.002012
scaffold_430_segment0	11708311	12216444	0.014869	0.006067	0.004798	0.004022
scaffold_430_segment0	11871228	12382776	0.034652	0.015338	0.012108	0.016784
scaffold_430_segment0	12055424	12638559	0.035658	0.015205	0.012249	0.017865
scaffold_430_segment0	12216445	12782864	0.002468	0.001242	0.000983	0.001438
scaffold_430_segment0	12382781	12874948	-0.015272	-0.009808	-0.007429	-0.008065
scaffold_430_segment0	12638931	12978595	-0.023481	-0.021341	-0.014770	-0.013659
scaffold_430_segment0	12782871	13219284	0.036488	0.022602	0.016350	0.016149
scaffold_430_segment0	12874949	13558758	0.092708	0.037876	0.027816	0.047304
scaffold_430_segment0	12978597	13814638	0.113184	0.039940	0.029808	0.059405
scaffold_430_segment0	13219285	14111293	0.078447	0.026035	0.019784	0.042670
scaffold_430_segment0	13558761	14394158	0.052751	0.016328	0.012901	0.030109
scaffold_430_segment0	13814639	14684827	0.060558	0.015845	0.012990	0.033918
scaffold_430_segment0	14111294	14902132	0.062253	0.016814	0.013886	0.031871
scaffold_430_segment0	14394161	15364779	0.092028	0.023047	0.020008	0.043225
scaffold_430_segment0	14685089	15535167	0.090608	0.026683	0.023180	0.041194
scaffold_430_segment0	14902134	15704898	0.090289	0.027045	0.023746	0.041287
scaffold_430_segment0	15364785	15915837	0.040567	0.016157	0.013638	0.017211
scaffold_430_segment0	15535183	16120317	0.041926	0.016683	0.013603	0.019090
scaffold_430_segment0	15704909	16323819	0.050156	0.019346	0.015569	0.021450
scaffold_430_segment0	15915839	16540892	0.054371	0.020716	0.016505	0.025596
scaffold_430_segment0	16120318	16725052	0.064107	0.023355	0.018222	0.028266
scaffold_430_segment0	16323863	16881801	0.062616	0.026537	0.020511	0.027908
scaffold_430_segment0	16542092	17137216	0.070600	0.028286	0.022175	0.032056
scaffold_430_segment0	16725056	17402240	0.062726	0.023802	0.019857	0.029720
scaffold_430_segment0	16881802	17811901	0.067385	0.018180	0.015474	0.036009
scaffold_430_segment0	17137262	18084653	0.057480	0.015811	0.013112	0.029064
scaffold_430_segment0	17402465	18402636	0.068176	0.018635	0.015251	0.037011
scaffold_430_segment0	17811902	18740597	0.052772	0.016355	0.012981	0.027014
scaffold_430_segment0	18084660	18950118	0.081647	0.026918	0.021826	0.044122
scaffold_430_segment0	18402644	19110908	0.038506	0.015254	0.011989	0.019695
scaffold_430_segment0	18740607	19350209	0.013212	0.005646	0.004458	0.006987
scaffold_430_segment0	18950156	19570406	0.005602	0.002298	0.001830	0.003592
scaffold_430_segment0	19110922	19917350	0.027928	0.009877	0.008213	0.013856
scaffold_430_segment0	19350511	20441909	0.096548	0.028753	0.024107	0.050427
scaffold_430_segment0	19570413	20601974	0.083043	0.028299	0.023474	0.042449
scaffold_430_segment0	19917354	20750799	0.063660	0.024779	0.019829	0.032900
scaffold_430_segment0	20441911	21308836	0.062428	0.019969	0.016168	0.032293
scaffold_430_segment0	20602315	21526676	0.024393	0.006949	0.005553	0.012338
scaffold_430_segment0	20751531	21815926	0.036736	0.009334	0.007482	0.021133
scaffold_430_segment0	21312853	22067880	-0.000088	-0.000028	-0.000022	-0.000579
scaffold_430_segment0	21526687	22251847	0.036999	0.012134	0.009640	0.015461
scaffold_430_segment0	21815929	22306865	0.024819	0.010984	0.008760	0.008296
scaffold_430_segment0	22067885	22547189	0.027219	0.012640	0.010212	0.008491
scaffold_430_segment0	22251914	22825247	0.023995	0.010984	0.008885	0.005842
scaffold_430_segment0	22306869	23080636	0.047581	0.017225	0.014167	0.016359
scaffold_430_segment0	22547195	23405537	0.044572	0.015812	0.013039	0.017155
scaffold_430_segment0	22826698	23701265	0.049458	0.016460	0.013583	0.022030
scaffold_430_segment0	23081916	23947343	0.046002	0.015517	0.012753	0.020384
scaffold_430_segment0	23405550	24330165	0.051219	0.015680	0.012880	0.022630
scaffold_430_segment0	23701271	24540996	0.046386	0.016509	0.013397	0.021163
scaffold_430_segment0	23947347	24827426	0.063978	0.019951	0.016428	0.029398
scaffold_430_segment0	24331158	25084857	0.082400	0.030955	0.023377	0.039973
scaffold_430_segment0	24541012	25364025	0.086805	0.031499	0.023764	0.042716
scaffold_430_segment0	24827436	25614627	0.050550	0.018929	0.014072	0.028232
scaffold_430_segment0	25084992	25852509	0.049874	0.017578	0.014269	0.028327
scaffold_430_segment0	25364267	26267578	0.057776	0.017039	0.014183	0.035619
scaffold_430_segment0	25615995	26561789	0.076500	0.020663	0.017392	0.040350
scaffold_430_segment0	25852513	26856961	0.058418	0.014544	0.012239	0.031239
scaffold_430_segment0	26268505	27108276	0.057065	0.014370	0.012270	0.028638
scaffold_430_segment0	26561797	27421000	0.039054	0.009958	0.008529	0.023782
scaffold_430_segment0	26856979	27785830	0.002965	0.000725	0.000616	0.006273
scaffold_430_segment0	27108945	27876014	-0.016159	-0.004859	-0.004044	-0.005576
scaffold_430_segment0	27421008	28165563	0.016228	0.005598	0.004594	0.009794
scaffold_430_segment0	27785834	28330783	0.078209	0.037879	0.029397	0.039408
scaffold_430_segment0	27876015	28671344	0.105130	0.036188	0.028717	0.058360
scaffold_430_segment0	28166397	29079119	0.099268	0.031050	0.024541	0.051601
scaffold_430_segment0	28330876	29356756	0.041630	0.012363	0.009903	0.022773
scaffold_430_segment0	28671345	29862463	0.043370	0.012301	0.009906	0.020947
scaffold_430_segment0	29079148	30114079	0.075183	0.023099	0.018662	0.032888
scaffold_430_segment0	29359539	30330136	0.118068	0.036562	0.028738	0.058483
scaffold_430_segment0	29862835	30777581	0.118109	0.036479	0.029011	0.059508
scaffold_430_segment0	30114265	31027515	0.095809	0.029264	0.023586	0.052575
scaffold_430_segment0	30330801	31335373	0.019698	0.005377	0.004520	0.011743
scaffold_430_segment0	30777616	31632224	-0.024279	-0.007312	-0.006003	-0.012054
scaffold_430_segment0	31027662	31932742	-0.041815	-0.012671	-0.010397	-0.021530
scaffold_430_segment0	31335382	32129067	0.016028	0.005465	0.004468	0.006036
scaffold_430_segment0	31632230	32292192	0.053118	0.018794	0.015743	0.024572
scaffold_430_segment0	31932751	32402744	0.050419	0.022626	0.018449	0.024740
scaffold_430_segment0	32129743	32622412	0.022832	0.011346	0.009105	0.014458
scaffold_430_segment0	32292206	32932919	-0.005952	-0.003013	-0.002327	-0.000944
scaffold_430_segment0	32402768	33187609	-0.007031	-0.002897	-0.002176	0.001611
scaffold_430_segment0	32622426	33539182	0.018958	0.006490	0.004940	0.015343
scaffold_430_segment0	32932923	33614052	0.041677	0.018181	0.013749	0.021885
scaffold_430_segment0	33187620	33912023	0.036575	0.013881	0.011119	0.017611
scaffold_430_segment0	33539184	34225732	0.022356	0.008589	0.006938	0.010347
scaffold_430_segment0	33614382	34439479	0.032805	0.009497	0.007773	0.018391
scaffold_430_segment0	33912030	34872206	-0.010601	-0.002949	-0.002451	-0.004835
scaffold_430_segment0	34225739	35184918	-0.004030	-0.001058	-0.000885	0.000941
scaffold_430_segment0	34439500	35500323	0.027178	0.007093	0.005775	0.017949
scaffold_430_segment0	34872615	35884027	0.078695	0.021675	0.017316	0.040187
scaffold_430_segment0	35185539	36057321	0.070671	0.023281	0.018265	0.034536
scaffold_430_segment0	35500330	36409510	0.042003	0.012345	0.010311	0.019410
scaffold_430_segment0	35884030	36887241	0.060997	0.015493	0.013242	0.029549
scaffold_430_segment0	36057822	37222508	0.070719	0.016215	0.013732	0.032907
scaffold_430_segment0	36409511	37537488	0.015001	0.003623	0.002968	0.006627
scaffold_430_segment0	36887398	37963682	0.025284	0.006123	0.005009	0.013831
scaffold_430_segment0	37222525	38218699	0.019031	0.004873	0.004014	0.013486
scaffold_430_segment0	37537808	38432487	0.013399	0.004045	0.003318	0.011902
scaffold_430_segment0	37964049	38476768	-0.016753	-0.008025	-0.006318	-0.009791
scaffold_430_segment0	38218702	38560102	-0.046123	-0.029367	-0.022650	-0.023947
scaffold_430_segment0	38432763	38870688	-0.002892	-0.001770	-0.001333	-0.005724
scaffold_430_segment0	38476832	39284562	0.056742	0.018861	0.014998	0.031199
scaffold_430_segment0	38560740	39797653	0.077500	0.018784	0.015215	0.048335
scaffold_430_segment0	38870701	40140136	0.053273	0.011505	0.009552	0.030559
scaffold_430_segment0	39286381	40474315	0.021302	0.004481	0.003782	0.005945
scaffold_430_segment0	39797655	40774796	0.069627	0.016364	0.013716	0.032893
scaffold_430_segment0	40140367	40965606	0.092335	0.025925	0.021615	0.047929
scaffold_430_segment0	40478160	41274451	0.084247	0.027554	0.022547	0.041772
scaffold_430_segment0	40777563	41619153	0.035613	0.011076	0.009343	0.015105
scaffold_430_segment0	40965624	41746505	0.029491	0.009730	0.008251	0.009930
scaffold_430_segment0	41274456	41969369	0.013749	0.004821	0.004013	0.003652
scaffold_430_segment0	41620035	42405287	0.026807	0.009537	0.007694	0.013062
scaffold_430_segment0	41746517	42600082	0.030695	0.011641	0.009184	0.015542
scaffold_430_segment0	41970240	42631261	0.019068	0.009527	0.007437	0.008773
scaffold_430_segment0	42405330	42945765	0.005388	0.003091	0.002470	0.001415
scaffold_430_segment0	42600095	43384692	0.050718	0.018294	0.015696	0.025216
scaffold_430_segment0	42633760	43823647	0.086947	0.020183	0.017457	0.047858
scaffold_430_segment0	42946403	44314053	0.116922	0.022621	0.019390	0.066246
scaffold_430_segment0	43385272	44657321	0.073397	0.015196	0.012707	0.040196
scaffold_430_segment0	43823654	45225243	0.086204	0.017310	0.014599	0.047958
scaffold_430_segment0	44314283	45928558	0.101905	0.019102	0.016217	0.057112
scaffold_430_segment0	44657327	46418908	0.123436	0.021552	0.018260	0.070129
scaffold_430_segment0	45226518	46812385	0.130961	0.026480	0.021620	0.074568
scaffold_430_segment0	45928586	47142980	0.096080	0.024631	0.019718	0.050730
scaffold_430_segment0	46419954	47578311	0.092045	0.023608	0.018997	0.047556
scaffold_430_segment0	46812404	47883780	0.056212	0.014781	0.012098	0.028990
scaffold_430_segment0	47143319	48102699	0.033059	0.010181	0.008165	0.019530
scaffold_430_segment0	47578335	48494715	-0.008234	-0.002677	-0.002095	0.001937
scaffold_430_segment0	47883795	48960743	0.019060	0.005320	0.004321	0.016132
scaffold_430_segment0	48103042	49389902	0.043743	0.010170	0.008444	0.026742
scaffold_430_segment0	48494726	49669554	0.076012	0.017720	0.015199	0.034545
scaffold_430_segment0	48962646	49959741	0.042303	0.012349	0.010135	0.017206
scaffold_430_segment0	49389925	50283408	0.054251	0.016823	0.013520	0.022676
scaffold_430_segment0	49669593	50610895	0.092798	0.031330	0.023774	0.041390
scaffold_430_segment0	49959752	51009856	0.106497	0.032737	0.025723	0.048762
scaffold_430_segment0	50283545	51350612	0.082060	0.029991	0.023505	0.038159
scaffold_430_segment0	50610897	51560838	0.033191	0.013364	0.010616	0.014075
contig_14_segment0	6514	240628	0.025629	0.022724	0.015606	0.016387
contig_14_segment0	66403	319614	0.017377	0.014650	0.010041	0.011390
contig_14_segment0	147005	416472	-0.001701	-0.001353	-0.000927	0.000703
contig_14_segment0	241003	519749	0.001348	0.001059	0.000723	0.001568
contig_14_segment0	319622	628847	0.031459	0.023881	0.016388	0.019972
contig_14_segment0	416588	755658	0.032342	0.024593	0.016808	0.021592
contig_14_segment0	519824	841560	0.027449	0.021292	0.014702	0.018845
contig_14_segment0	628990	926132	-0.003030	-0.002391	-0.001620	-0.001150
contig_14_segment0	755661	1078753	-0.032249	-0.023927	-0.016447	-0.018219
contig_14_segment0	841565	1222220	-0.055115	-0.038802	-0.026481	-0.034282
contig_14_segment0	926299	1331501	-0.075338	-0.052266	-0.035687	-0.047027
contig_14_segment0	1078897	1470218	-0.055889	-0.039640	-0.027048	-0.034395
contig_14_segment0	1222241	1574574	-0.036931	-0.027616	-0.018995	-0.019719
contig_14_segment0	1331505	1584403	-0.005997	-0.005834	-0.004052	-0.001579
contig_14_segment0	1470274	1596875	0.003500	0.005727	0.003834	0.002438
contig_14_segment0	1574575	1618674	-0.007664	-0.018248	-0.011661	-0.003689
contig_14_segment0	1584410	1633080	-0.018593	-0.039159	-0.025094	-0.010342
contig_14_segment0	1596891	1689455	0.022038	0.026438	0.018244	0.008152
contig_14_segment0	1618675	1755996	0.014145	0.013267	0.009152	0.006987
contig_14_segment0	1633102	1815244	0.008147	0.006537	0.004463	0.006797
contig_14_segment0	1689467	1867886	-0.053877	-0.045910	-0.030350	-0.028254
contig_14_segment0	1756000	1918716	-0.027700	-0.025832	-0.016928	-0.012687
contig_14_segment0	1815245	1968534	-0.011947	-0.011259	-0.007596	-0.005727
contig_14_segment0	1867895	2015456	0.033908	0.031425	0.021526	0.017864
contig_14_segment0	1918829	2075165	0.017004	0.015617	0.010595	0.007723
contig_14_segment0	1968547	2134724	0.022689	0.020002	0.013380	0.011092
contig_14_segment0	2015527	2206570	-0.009899	-0.008606	-0.005624	-0.004581
contig_14_segment0	2075199	2268907	-0.002832	-0.002444	-0.001599	-0.001258
contig_14_segment0	2134761	2338737	-0.005171	-0.004620	-0.002975	-0.002904
contig_14_segment0	2206596	2405077	0.012327	0.011044	0.007185	0.003657
contig_14_segment0	2269061	2481711	0.009271	0.008022	0.005291	0.003306
contig_14_segment0	2338812	2548287	-0.002354	-0.001975	-0.001315	-0.003762
contig_14_segment0	2405163	2632304	-0.010209	-0.008147	-0.005495	-0.007097
contig_14_segment0	2481743	2698353	0.001406	0.001114	0.000755	-0.001200
contig_14_segment0	2548336	2771889	0.016211	0.012922	0.008815	0.008196
contig_14_segment0	2632321	2861917	0.003968	0.003137	0.002130	0.003517
contig_14_segment0	2698417	2942485	0.016290	0.012007	0.008279	0.012078
contig_14_segment0	2771944	3003415	0.015311	0.011200	0.007708	0.011893
contig_14_segment0	2861919	3083732	0.013638	0.010344	0.007114	0.011256
contig_14_segment0	2942499	3152943	0.008778	0.007062	0.004811	0.008185
contig_14_segment0	3003416	3235103	-0.016976	-0.013392	-0.009115	-0.008341
contig_14_segment0	3083787	3315505	0.004837	0.003803	0.002570	0.004903
contig_14_segment0	3153149	3416479	-0.027917	-0.020524	-0.013762	-0.015457
contig_14_segment0	3235106	3487016	-0.011611	-0.008847	-0.005878	-0.003958
contig_14_segment0	3315509	3570544	-0.003986	-0.003071	-0.002027	-0.001527
contig_14_segment0	3416614	3660408	0.016006	0.012707	0.008278	0.007667
contig_14_segment0	3487017	3746928	0.031854	0.024279	0.016118	0.018488
contig_14_segment0	3570545	3834100	0.010088	0.007227	0.004885	0.007069
contig_14_segment0	3660439	3979880	0.007744	0.005074	0.003500	0.007638
contig_14_segment0	3747168	4097722	-0.004465	-0.002917	-0.001988	-0.001499
contig_14_segment0	3834178	4204155	0.010364	0.006918	0.004759	0.004863
contig_14_segment0	3979891	4291335	-0.009016	-0.006822	-0.004614	-0.007093
contig_14_segment0	4097928	4368616	0.002411	0.001823	0.001245	-0.001131
contig_14_segment0	4204163	4444354	-0.008347	-0.006470	-0.004296	-0.005271
contig_14_segment0	4291364	4527551	0.012366	0.009536	0.006311	0.005455
contig_14_segment0	4368697	4615706	-0.004708	-0.003600	-0.002390	-0.003687
contig_14_segment0	4444365	4688377	0.009311	0.007135	0.004771	0.004045
contig_14_segment0	4527656	4774204	0.004496	0.003456	0.002359	0.005538
contig_14_segment0	4615718	4980108	0.023681	0.018017	0.012254	0.016660
contig_14_segment0	4688381	5427792	0.021644	0.014151	0.009980	0.015538
contig_14_segment0	4774231	5523548	0.023816	0.018009	0.012657	0.011887
contig_14_segment0	4980125	5533264	-0.005034	-0.006332	-0.004465	-0.001279
contig_4_segment0	25115	439162	0.043556	0.027645	0.020281	0.029747
contig_4_segment0	242184	515013	0.057513	0.042494	0.030047	0.037641
contig_4_segment0	364980	583620	0.013914	0.011505	0.007905	0.009693
contig_4_segment0	439190	651076	0.002983	0.002532	0.001741	0.002844
contig_4_segment0	515434	712340	0.006865	0.006101	0.004088	0.004937
contig_4_segment0	583734	796472	0.038269	0.033847	0.022605	0.020171
contig_4_segment0	651110	882359	0.065360	0.061186	0.039944	0.036690
contig_4_segment0	712342	953692	0.031329	0.030126	0.019684	0.016363
contig_4_segment0	796478	1011225	-0.006732	-0.006873	-0.004358	-0.003130
contig_4_segment0	882415	1071559	-0.006335	-0.006236	-0.004035	-0.003663
contig_4_segment0	953702	1129081	0.019033	0.017364	0.011356	0.011579
contig_4_segment0	1011372	1178136	0.013852	0.012370	0.008135	0.009806
contig_4_segment0	1071623	1232227	0.000144	0.000129	0.000085	-0.001239
contig_4_segment0	1129123	1292003	-0.001388	-0.001251	-0.000816	-0.000333
contig_4_segment0	1178157	1344398	0.006024	0.005277	0.003477	0.004202
contig_4_segment0	1232250	1395975	-0.002138	-0.001816	-0.001207	0.003457
contig_4_segment0	1292018	1450376	-0.024164	-0.020881	-0.013760	-0.010155
contig_4_segment0	1344403	1507736	-0.026720	-0.022842	-0.015147	-0.010521
contig_4_segment0	1395980	1562179	-0.033345	-0.029205	-0.019247	-0.014558
contig_4_segment0	1450377	1637465	-0.037993	-0.032701	-0.021738	-0.014856
contig_4_segment0	1507777	1725590	-0.019501	-0.017064	-0.011504	-0.007103
contig_4_segment0	1562274	1809776	0.000885	0.000744	0.000516	0.003611
contig_4_segment0	1637602	1894843	0.012530	0.010999	0.007719	0.009035
contig_4_segment0	1725621	1977349	-0.012620	-0.010773	-0.007408	-0.004254
contig_4_segment0	1809777	2039109	-0.018326	-0.016841	-0.011189	-0.008351
contig_4_segment0	1894844	2100734	-0.012119	-0.011179	-0.007413	-0.004573
contig_4_segment0	1977456	2171166	0.011279	0.010290	0.006978	0.005635
contig_4_segment0	2039265	2255908	0.029277	0.024531	0.017160	0.013878
contig_4_segment0	2100824	2330849	0.035872	0.029745	0.020637	0.015002
contig_4_segment0	2171237	2414334	0.051466	0.042541	0.028635	0.024868
contig_4_segment0	2256077	2492930	0.034989	0.027986	0.018794	0.017496
contig_4_segment0	2330897	2561788	0.034169	0.028077	0.018620	0.018236
contig_4_segment0	2414597	2687733	0.021592	0.017945	0.012123	0.012291
contig_4_segment0	2492939	2844664	0.029470	0.025234	0.016888	0.015861
contig_4_segment0	2561928	2949776	0.037827	0.029397	0.020569	0.020400
contig_4_segment0	2687964	3060254	0.021381	0.016579	0.011316	0.010884
contig_4_segment0	2844667	3147446	0.018542	0.015208	0.010229	0.011459
contig_4_segment0	2949779	3256336	0.018337	0.014484	0.009643	0.011552
contig_4_segment0	3060261	3368993	0.019925	0.015186	0.010326	0.016442
contig_4_segment0	3147642	3439263	-0.011493	-0.008646	-0.005805	0.000838
contig_4_segment0	3256595	3531112	-0.021838	-0.016450	-0.010951	-0.004005
contig_4_segment0	3368995	3635325	0.010712	0.008004	0.005422	0.011162
contig_4_segment0	3439306	3735531	0.018552	0.013374	0.009330	0.012024
contig_4_segment0	3531198	3834012	-0.000425	-0.000329	-0.000228	0.000219
contig_4_segment0	3635347	3931614	-0.041073	-0.032859	-0.022565	-0.024386
contig_4_segment0	3736239	4016960	-0.031704	-0.025377	-0.017391	-0.018202
contig_4_segment0	3834053	4108273	-0.014988	-0.011816	-0.008070	-0.010445
contig_4_segment0	3931642	4187629	-0.008139	-0.006530	-0.004383	-0.006018
contig_4_segment0	4017288	4308514	-0.039850	-0.029583	-0.020252	-0.027080
contig_4_segment0	4108303	4420009	-0.046836	-0.032725	-0.023273	-0.028531
contig_4_segment0	4187700	4544478	-0.029502	-0.019591	-0.014246	-0.018122
contig_4_segment0	4308538	4597720	0.007387	0.005891	0.004256	0.005871
contig_4_segment0	4420112	4650738	-0.002514	-0.002604	-0.001796	-0.001033
contig_4_segment0	4544668	4750258	0.012431	0.012969	0.008996	0.004833
contig_4_segment0	4597722	4846686	-0.000493	-0.000411	-0.000285	-0.000845
contig_4_segment0	4650747	4933407	0.046840	0.033991	0.024124	0.032133
contig_4_segment0	4750295	5059420	0.008724	0.006553	0.004554	0.009810
contig_4_segment0	4846727	5149567	0.023453	0.018264	0.012873	0.015835
contig_4_segment0	4933584	5272341	-0.014764	-0.010606	-0.007416	-0.010162
contig_4_segment0	5059425	5411751	0.012574	0.008591	0.005959	0.005743
contig_4_segment0	5149594	5523400	0.005214	0.003525	0.002421	-0.002291
contig_4_segment0	5272445	5667371	0.014313	0.010154	0.006910	0.005928
contig_4_segment0	5411883	5751592	0.020603	0.015838	0.010940	0.010703
contig_4_segment0	5523669	5841556	0.056115	0.042532	0.029575	0.033680
contig_4_segment0	5667377	5942020	0.073683	0.053376	0.037237	0.037234
contig_4_segment0	5751647	6045417	0.076102	0.053640	0.037095	0.038113
contig_4_segment0	5841561	6164075	0.019057	0.013338	0.009121	0.011274
contig_4_segment0	5942108	6274610	0.014140	0.010596	0.007356	0.008716
contig_4_segment0	6045522	6419514	0.002791	0.001913	0.001365	0.002602
contig_4_segment0	6164542	6566416	0.035739	0.024314	0.017654	0.018947
contig_4_segment0	6274850	6720214	0.061416	0.037967	0.027749	0.037200
contig_4_segment0	6419528	6895517	0.062945	0.036918	0.026694	0.034574
contig_4_segment0	6566443	7045498	0.053287	0.030812	0.022098	0.029015
contig_4_segment0	6720433	7169627	0.016004	0.010029	0.007001	0.006975
contig_4_segment0	6895570	7284731	-0.008875	-0.006373	-0.004411	-0.002994
contig_4_segment0	7045500	7446589	-0.024699	-0.016825	-0.011712	-0.015012
contig_4_segment0	7169655	7638457	-0.017549	-0.011002	-0.007676	-0.011053
contig_4_segment0	7284735	7772999	0.004280	0.002651	0.001830	0.000513
contig_4_segment0	7446947	7954034	0.036105	0.023006	0.015773	0.023618
contig_4_segment0	7638499	8155288	0.026334	0.015926	0.011152	0.014737
contig_4_segment0	7773224	8347553	0.033629	0.018598	0.013464	0.018507
contig_4_segment0	7954600	8477800	0.024943	0.013809	0.010042	0.012562
contig_4_segment0	8155294	8603889	0.013509	0.008106	0.005795	0.007452
contig_4_segment0	8347567	8731456	0.007930	0.005108	0.003519	0.006316
contig_4_segment0	8477804	8859351	0.022262	0.015426	0.010608	0.013028
contig_4_segment0	8603906	9027944	0.037153	0.024907	0.017234	0.024098
contig_4_segment0	8731464	9314294	0.027473	0.014892	0.011048	0.020740
contig_4_segment0	8859352	9577673	0.038832	0.016758	0.012565	0.031394
contig_4_segment0	9028097	9861522	0.005748	0.002334	0.001787	0.007517
contig_4_segment0	9314929	10107396	-0.013255	-0.005524	-0.004106	-0.006467
contig_4_segment0	9577867	10439113	-0.070198	-0.028726	-0.021520	-0.042920
contig_4_segment0	9861965	10653980	-0.026843	-0.011394	-0.008418	-0.015044
contig_4_segment0	10107952	10948682	-0.011790	-0.005034	-0.003756	-0.004791
contig_4_segment0	10439126	11142754	0.010618	0.005108	0.003740	0.006979
contig_4_segment0	10654062	11352040	0.004858	0.002376	0.001756	0.004965
contig_4_segment0	10949161	11580897	0.042966	0.020080	0.015330	0.027331
contig_4_segment0	11143034	11738929	0.029447	0.014958	0.011380	0.018495
contig_4_segment0	11352049	11920321	-0.014576	-0.007478	-0.005638	-0.007389
contig_4_segment0	11581169	12175217	-0.058592	-0.031288	-0.023321	-0.033069
contig_4_segment0	11739006	12424725	-0.057779	-0.029311	-0.022102	-0.031300
contig_4_segment0	11920448	12688045	0.019711	0.009205	0.006911	0.011369
contig_4_segment0	12175927	12982548	0.015218	0.006634	0.004874	0.015092
contig_4_segment0	12425341	13271475	0.052088	0.021201	0.015553	0.037825
contig_4_segment0	12689056	13509754	0.043884	0.018582	0.013741	0.032631
contig_4_segment0	12982555	13661179	0.061940	0.032428	0.023717	0.036389
contig_4_segment0	13271638	13864950	0.077606	0.044590	0.032416	0.044885
contig_4_segment0	13509756	14009863	0.045994	0.029030	0.020512	0.026235
contig_4_segment0	13661516	14244167	0.069823	0.040662	0.028444	0.044287
contig_4_segment0	13865203	14514778	0.039956	0.021157	0.015160	0.024844
contig_4_segment0	14009926	14764664	0.037856	0.017310	0.012716	0.027386
contig_4_segment0	14244864	15025672	-0.011458	-0.004801	-0.003618	-0.004676
contig_4_segment0	14514782	15328702	0.007562	0.003201	0.002381	0.008442
contig_4_segment0	14764968	15626730	0.031320	0.012950	0.009683	0.021292
contig_4_segment0	15026321	15971663	0.038670	0.016082	0.011923	0.022244
contig_4_segment0	15329151	16242838	-0.023356	-0.009614	-0.007196	-0.009740
contig_4_segment0	15629995	16554230	-0.047550	-0.019217	-0.014354	-0.022727
contig_4_segment0	15971673	16793017	-0.026266	-0.009828	-0.007462	-0.007368
contig_4_segment0	16243640	17095236	0.066063	0.025372	0.018884	0.038843
contig_4_segment0	16554944	17479481	0.086775	0.029391	0.022498	0.045881
contig_4_segment0	16793379	17755551	0.052524	0.016861	0.012960	0.026800
contig_4_segment0	17095576	17970940	0.008034	0.002462	0.001959	0.005138
contig_4_segment0	17479738	18239314	-0.035463	-0.012217	-0.009466	-0.014834
contig_4_segment0	17757357	18508763	0.054785	0.020654	0.015478	0.033047
contig_4_segment0	17970948	18838234	0.075987	0.027109	0.019426	0.049579
contig_4_segment0	18239328	19121233	0.128216	0.041395	0.030284	0.075983
contig_4_segment0	18508779	19438461	0.104973	0.032690	0.024114	0.064773
contig_4_segment0	18838596	19688149	0.077400	0.024141	0.018725	0.040463
contig_4_segment0	19121247	19821113	0.054297	0.021922	0.016977	0.025976
contig_4_segment0	19439183	20149232	0.026533	0.009299	0.007580	0.009349
contig_4_segment0	19688160	20563489	0.002953	0.000994	0.000789	0.000358
contig_4_segment0	19821681	20956681	0.049352	0.013644	0.010477	0.024189
contig_4_segment0	20149235	21197763	0.072786	0.023421	0.017466	0.039163
contig_4_segment0	20564070	21363166	0.115316	0.043153	0.031809	0.058271
contig_4_segment0	20956972	21563576	0.066473	0.033393	0.024605	0.033824
contig_4_segment0	21197799	21953970	0.015940	0.006652	0.005192	0.009005
contig_4_segment0	21363433	22496123	-0.001819	-0.000557	-0.000450	0.001172
contig_4_segment0	21563707	22952592	-0.010444	-0.002467	-0.002006	-0.001883
contig_4_segment0	21956703	23443479	-0.033874	-0.007983	-0.006403	-0.015077
contig_4_segment0	22496574	23582538	-0.048644	-0.014439	-0.011184	-0.022466
contig_4_segment0	22954873	24078619	-0.053756	-0.015671	-0.012394	-0.026525
contig_4_segment0	23443497	24642642	0.007454	0.001856	0.001537	0.004245
contig_4_segment0	23583715	24943468	0.030170	0.006374	0.005432	0.013370
contig_4_segment0	24078880	25312280	0.041837	0.009057	0.007677	0.020767
contig_4_segment0	24642647	25761949	0.001507	0.000361	0.000297	0.002138
contig_4_segment0	24944487	26282556	0.013004	0.002730	0.002236	0.009943
contig_4_segment0	25312356	26735737	0.000126	0.000026	0.000021	-0.001771
contig_4_segment0	25762042	26811645	0.006886	0.002072	0.001689	0.002020
contig_4_segment0	26285113	27120453	0.039952	0.014968	0.011677	0.023569
contig_4_segment0	26735738	27589165	0.082950	0.033437	0.026295	0.047606
contig_4_segment0	26811650	27923284	0.106128	0.027557	0.022282	0.058857
contig_4_segment0	27120476	28122330	0.010211	0.002880	0.002301	0.007068
contig_4_segment0	27589167	28299109	-0.003445	-0.001227	-0.000957	0.001812
contig_4_segment0	27924675	28677387	-0.028104	-0.010059	-0.007728	-0.013829
contig_4_segment0	28122332	28845061	0.008144	0.003060	0.002443	0.002968
contig_4_segment0	28299147	29095697	0.032350	0.010150	0.008279	0.015312
contig_4_segment0	28677463	29448084	0.082408	0.026841	0.021742	0.041212
contig_4_segment0	28845065	30013290	0.090544	0.020472	0.017362	0.051227
contig_4_segment0	29095701	30549388	0.055685	0.011566	0.009804	0.032156
contig_4_segment0	29448624	31100928	0.032086	0.005696	0.004975	0.022935
contig_4_segment0	30013533	31469264	0.040428	0.008293	0.007178	0.028463
contig_4_segment0	30549421	31964882	0.066543	0.013576	0.011833	0.039369
contig_4_segment0	31101073	31995337	0.049603	0.016908	0.014362	0.027006
contig_4_segment0	31469314	32018945	0.024444	0.013944	0.011457	0.008266
contig_4_segment0	31967161	32373897	0.041098	0.030308	0.023933	0.015186
contig_4_segment0	31995338	32837819	0.044722	0.017540	0.014631	0.018712
contig_4_segment0	32018951	33294219	0.078488	0.019245	0.016204	0.045971
contig_4_segment0	32373898	33657237	0.092881	0.023957	0.019829	0.057264
contig_4_segment0	32837820	34085723	0.122785	0.028263	0.023526	0.078337
contig_4_segment0	33295285	34611789	0.154794	0.031203	0.026258	0.099795
contig_4_segment0	33657680	35108031	0.175845	0.029562	0.024812	0.115505
contig_4_segment0	34085731	35589738	0.139759	0.023749	0.019765	0.092625
contig_4_segment0	34611799	35977789	0.108411	0.020813	0.017285	0.070586
contig_4_segment0	35108052	36464148	0.038826	0.007935	0.006796	0.028947
contig_4_segment0	35589768	36908819	0.120842	0.025990	0.020942	0.078141
contig_4_segment0	35978187	37356319	0.111862	0.023950	0.018877	0.068052
contig_4_segment0	36464229	37878408	0.118845	0.024758	0.018977	0.066014
contig_4_segment0	36909721	38209354	0.041300	0.009619	0.007696	0.021542
contig_4_segment0	37356322	38784710	0.053804	0.011609	0.009432	0.033245
contig_4_segment0	37878414	39341603	0.071068	0.015535	0.012891	0.044845
contig_4_segment0	38210402	39850925	0.102602	0.019737	0.016129	0.058553
contig_4_segment0	38784725	40425908	0.086852	0.017237	0.013992	0.052038
contig_4_segment0	39341639	40748102	0.103913	0.024015	0.018930	0.056022
contig_4_segment0	39851585	41214772	0.079671	0.019467	0.015406	0.047680
contig_4_segment0	40425956	41387684	0.040081	0.013293	0.010348	0.020669
contig_4_segment0	40748103	41693000	0.026960	0.008121	0.006363	0.015098
contig_4_segment0	41214776	42138060	0.022689	0.006405	0.005174	0.011591
contig_4_segment0	41387693	42466021	0.040386	0.010743	0.008237	0.019912
contig_4_segment0	41693541	42845531	0.068695	0.017169	0.012994	0.035570
contig_4_segment0	42138382	43284218	0.085973	0.022326	0.016392	0.047714
contig_4_segment0	42466023	43607919	0.115940	0.028479	0.021362	0.065502
contig_4_segment0	42845553	43993019	0.070529	0.017911	0.013900	0.039299
contig_4_segment0	43284253	44452450	0.052136	0.013094	0.010488	0.029233
contig_4_segment0	43608121	45013645	0.072284	0.015540	0.013053	0.043012
contig_4_segment0	43993026	45258749	0.074741	0.017879	0.015171	0.039021
contig_4_segment0	44452674	45786783	0.084198	0.019742	0.016876	0.041897
contig_4_segment0	45013756	46392687	0.085985	0.020325	0.017050	0.041551
contig_4_segment0	45261837	47024700	0.076258	0.014538	0.011939	0.048501
contig_4_segment0	45787978	47496425	0.046311	0.008832	0.007258	0.032962
contig_4_segment0	46394211	47938995	0.038969	0.008045	0.006659	0.028443
contig_4_segment0	47024701	48412579	0.063174	0.013795	0.011761	0.039982
contig_4_segment0	47496541	48858345	0.079859	0.017061	0.014399	0.049540
contig_4_segment0	47939155	49351129	0.055542	0.012095	0.010130	0.036086
contig_4_segment0	48412592	49708661	0.035884	0.008320	0.006943	0.022249
contig_4_segment0	48861669	50193570	0.035429	0.008141	0.006745	0.025270
contig_4_segment0	49351130	50772015	0.071913	0.015996	0.013013	0.046574
contig_4_segment0	49708986	51337109	0.067475	0.015567	0.012478	0.045869
contig_4_segment0	50196995	51722876	0.108664	0.025650	0.020525	0.070356
contig_4_segment0	50772082	52219937	0.090049	0.021688	0.017623	0.058334
contig_4_segment0	51337110	52934386	0.122669	0.026377	0.021669	0.081131
contig_4_segment0	51723795	53503611	0.119477	0.026466	0.021652	0.078003
contig_4_segment0	52220063	53970530	0.119857	0.025165	0.020582	0.075205
contig_4_segment0	52934404	54519765	0.093095	0.020515	0.016734	0.061690
contig_4_segment0	53503615	54575603	0.055668	0.016536	0.013497	0.035328
scaffold_13_segment0	2636	170340	0.013980	0.023849	0.015028	0.004485
scaffold_13_segment0	12853	299092	0.040644	0.041571	0.028675	0.020662
scaffold_13_segment0	80802	460438	0.073808	0.062119	0.043394	0.038469
scaffold_13_segment0	170348	633009	0.093583	0.065722	0.046358	0.050810
scaffold_13_segment0	299127	833572	0.096494	0.068020	0.047764	0.053473
scaffold_13_segment0	460654	1084784	0.046486	0.029900	0.021113	0.029102
scaffold_13_segment0	633836	1228675	0.027272	0.019698	0.013743	0.018403
scaffold_13_segment0	834492	1483782	0.011547	0.008488	0.005968	0.007216
scaffold_13_segment0	1084787	1601049	0.017476	0.017015	0.012198	0.007029
