chr	windowStart	windowEnd	D	f_d	f_dM	d_f
contig_1888_segment0	94373	573413	0.014563	0.027398	0.018555	0.005755
contig_1888_segment0	300569	844674	0.016923	0.029159	0.020418	0.007053
contig_1888_segment0	412563	919941	-0.008244	-0.013962	-0.009693	-0.002205
contig_1888_segment0	573439	1017220	-0.002403	-0.003859	-0.002702	-0.000296
contig_1888_segment0	844675	1102108	-0.010541	-0.020938	-0.013691	-0.006359
contig_1888_segment0	919942	1322478	0.018477	0.024645	0.017664	0.007280
contig_1888_segment0	1018098	1634844	0.045192	0.028773	0.022199	0.022016
contig_1888_segment0	1102121	1959851	0.059718	0.028800	0.022509	0.033064
contig_1888_segment0	1323422	2150965	0.047406	0.022098	0.016766	0.028703
contig_1888_segment0	1636139	2382870	0.019402	0.011407	0.008405	0.011811
contig_1888_segment0	1960072	2585303	0.017491	0.011698	0.008414	0.011281
contig_1888_segment0	2151055	2746567	0.041775	0.029197	0.020708	0.024520
contig_1888_segment0	2383014	2865011	0.028733	0.020943	0.014332	0.016174
contig_1888_segment0	2585306	2962395	0.024345	0.018223	0.012313	0.014839
contig_1888_segment0	2746585	3067501	0.036220	0.028775	0.019609	0.020718
contig_1888_segment0	2865018	3156606	0.059166	0.047298	0.033422	0.034717
contig_1888_segment0	2962875	3234245	0.059146	0.047192	0.033075	0.034399
contig_1888_segment0	3067620	3395645	0.059625	0.041057	0.029276	0.037958
contig_1888_segment0	3156663	3554399	0.077343	0.047942	0.033778	0.053864
contig_1888_segment0	3234705	3736478	0.030509	0.019446	0.013257	0.026843
contig_1888_segment0	3395655	3870039	0.009817	0.006709	0.004435	0.013678
contig_1888_segment0	3554962	3995117	-0.045454	-0.036792	-0.023440	-0.023418
contig_1888_segment0	3736510	4128270	-0.013762	-0.010775	-0.007233	-0.004695
contig_1888_segment0	3870050	4215358	-0.046193	-0.038854	-0.025728	-0.021389
contig_1888_segment0	3995216	4307412	-0.015252	-0.011869	-0.008018	-0.005928
contig_1888_segment0	4128279	4434004	-0.017764	-0.013173	-0.009059	-0.007745
contig_1888_segment0	4216005	4575985	-0.008848	-0.005714	-0.004054	-0.005072
contig_1888_segment0	4307955	4715048	-0.017502	-0.010699	-0.007626	-0.009975
contig_1888_segment0	4434108	4833036	-0.036193	-0.022911	-0.016075	-0.022713
contig_1888_segment0	4576722	4921524	-0.036887	-0.026059	-0.018039	-0.022582
contig_1888_segment0	4715254	5021871	-0.027046	-0.021029	-0.014323	-0.013661
contig_1888_segment0	4833061	5115035	-0.010523	-0.008845	-0.006010	-0.003264
contig_1888_segment0	4921544	5225329	0.020092	0.015548	0.010813	0.012021
contig_1888_segment0	5021882	5330548	0.022083	0.016865	0.011891	0.011291
contig_1888_segment0	5115123	5411687	0.054337	0.041711	0.029371	0.025817
contig_1888_segment0	5225681	5501851	0.027227	0.022738	0.015782	0.011543
contig_1888_segment0	5330671	5579407	0.018662	0.016615	0.011175	0.005663
contig_1888_segment0	5411769	5674019	-0.011553	-0.009447	-0.006473	-0.007908
contig_1888_segment0	5501886	5783151	-0.023255	-0.017874	-0.012149	-0.015852
contig_1888_segment0	5579412	5934463	-0.021926	-0.014803	-0.010368	-0.014219
contig_1888_segment0	5674057	6083981	0.009716	0.006681	0.004708	0.008455
contig_1888_segment0	5783172	6187717	0.048301	0.033957	0.024195	0.034096
contig_1888_segment0	5934779	6271926	0.051806	0.040905	0.028560	0.036473
contig_1888_segment0	6084485	6387349	0.027259	0.022428	0.015101	0.016791
contig_1888_segment0	6187718	6515249	0.007059	0.005520	0.003781	0.006104
contig_1888_segment0	6271972	6673962	0.017162	0.011923	0.008391	0.012580
contig_1888_segment0	6387362	6813049	0.033691	0.023178	0.016024	0.025384
contig_1888_segment0	6515258	6934327	0.035959	0.025219	0.017287	0.026235
contig_1888_segment0	6673966	7050356	0.002117	0.001544	0.001024	0.001930
contig_1888_segment0	6813269	7157390	-0.024809	-0.017241	-0.011698	-0.014852
contig_1888_segment0	6934331	7239308	-0.028119	-0.020888	-0.013679	-0.017723
contig_1888_segment0	7050390	7324837	-0.017435	-0.013291	-0.008762	-0.008040
contig_1888_segment0	7157494	7400943	-0.019326	-0.015273	-0.010010	-0.009953
contig_1888_segment0	7239378	7463878	-0.001713	-0.001329	-0.000885	0.000067
contig_1888_segment0	7324918	7534725	-0.006721	-0.005283	-0.003505	-0.002100
contig_1888_segment0	7400962	7603651	-0.004762	-0.003611	-0.002436	-0.001331
contig_1888_segment0	7463884	7676807	-0.032308	-0.022848	-0.015667	-0.015195
contig_1888_segment0	7534730	7748627	-0.018284	-0.013238	-0.009081	-0.012283
contig_1888_segment0	7603697	7808012	-0.023341	-0.018474	-0.012336	-0.011717
contig_1888_segment0	7677061	7882802	-0.028624	-0.023793	-0.015584	-0.016240
contig_1888_segment0	7748646	7965729	-0.044040	-0.034724	-0.023250	-0.019059
contig_1888_segment0	7808055	8042841	-0.023461	-0.017535	-0.011980	-0.008895
contig_1888_segment0	7882804	8117927	-0.034771	-0.027158	-0.018712	-0.017467
contig_1888_segment0	7965731	8196507	-0.025516	-0.020318	-0.014049	-0.012596
contig_1888_segment0	8042873	8269507	-0.047904	-0.037809	-0.025909	-0.025175
contig_1888_segment0	8118067	8341303	-0.007335	-0.005669	-0.003888	-0.002288
contig_1888_segment0	8196697	8431521	-0.011070	-0.008497	-0.005683	-0.006474
contig_1888_segment0	8269585	8537659	0.008298	0.006201	0.004258	0.001978
contig_1888_segment0	8341601	8622965	-0.009853	-0.007396	-0.005062	-0.005766
contig_1888_segment0	8431568	8717906	-0.004090	-0.003182	-0.002166	-0.002169
contig_1888_segment0	8537732	8822169	-0.007499	-0.006202	-0.004136	-0.002054
contig_1888_segment0	8622969	8965169	-0.021124	-0.016851	-0.011065	-0.016660
contig_1888_segment0	8717971	9085540	0.014530	0.011132	0.007270	0.006589
contig_1888_segment0	8822181	9239882	0.023169	0.016995	0.010969	0.013519
contig_1888_segment0	8965216	9409703	0.027266	0.019328	0.012808	0.018438
contig_1888_segment0	9085683	9629771	-0.009905	-0.006337	-0.004393	-0.002859
contig_1888_segment0	9239965	9764040	-0.037073	-0.024326	-0.016901	-0.020109
contig_1888_segment0	9409725	9875218	-0.018163	-0.011781	-0.008277	-0.007119
contig_1888_segment0	9629792	9982708	-0.004580	-0.003179	-0.002204	-0.000592
contig_1888_segment0	9764337	10106585	-0.009377	-0.006524	-0.004556	-0.004064
contig_1888_segment0	9875230	10283518	0.005340	0.003680	0.002563	0.003594
contig_1888_segment0	9982721	10480056	-0.016519	-0.011203	-0.007643	-0.010613
contig_1888_segment0	10106674	10600787	-0.009214	-0.005962	-0.004148	-0.005663
contig_1888_segment0	10284434	10697568	-0.010857	-0.007304	-0.005035	-0.007393
contig_1888_segment0	10480059	10782532	0.009349	0.006655	0.004631	0.006605
contig_1888_segment0	10600812	10872140	0.013538	0.010073	0.006942	0.008434
contig_1888_segment0	10697569	10980742	-0.019153	-0.014125	-0.009726	-0.006677
contig_1888_segment0	10782592	11260343	0.005200	0.003398	0.002330	0.007936
contig_1888_segment0	10872148	11613094	0.015881	0.010762	0.007344	0.014386
contig_235_segment0	4920	57970	-0.008349	-0.030093	-0.017125	-0.002517
contig_235_segment0	13636	68201	-0.000458	-0.001730	-0.000970	0.001779
contig_235_segment0	43445	87539	-0.001323	-0.005081	-0.002861	0.000946
contig_235_segment0	57981	106452	-0.024562	-0.097270	-0.053566	-0.008150
contig_235_segment0	68207	126949	-0.020629	-0.071450	-0.042356	-0.006376
contig_235_segment0	87551	135843	-0.006820	-0.023639	-0.014316	-0.000763
contig_235_segment0	106459	168058	-0.002906	-0.008952	-0.005722	-0.000852
scaffold_335_segment0	135850	279113	-0.008092	-0.019505	-0.012024	-0.007980
scaffold_335_segment0	168080	407713	0.011199	0.023505	0.014591	0.001594
scaffold_335_segment0	102113	873857	0.013713	0.014421	0.010042	0.007125
scaffold_335_segment0	279121	1125755	0.038665	0.030545	0.022238	0.024450
scaffold_335_segment0	407716	1275406	0.049107	0.031194	0.023014	0.032064
scaffold_335_segment0	873861	1285815	0.050967	0.042731	0.030867	0.027908
scaffold_335_segment0	1126047	1304264	0.012537	0.015430	0.010812	0.007028
scaffold_335_segment0	1275412	1468846	-0.019981	-0.026695	-0.017807	-0.007348
scaffold_335_segment0	1285827	1720675	-0.026802	-0.021669	-0.015030	-0.012017
scaffold_335_segment0	1304715	1947762	-0.023578	-0.013948	-0.009794	-0.010906
scaffold_335_segment0	1468912	2143242	-0.015358	-0.008970	-0.006296	-0.008260
scaffold_335_segment0	1720705	2319281	0.022965	0.014200	0.010025	0.015254
scaffold_335_segment0	1947948	2456285	0.016428	0.010779	0.007555	0.006270
scaffold_335_segment0	2143462	2567230	0.002176	0.001438	0.001015	0.000439
scaffold_335_segment0	2319282	2694146	-0.000791	-0.000536	-0.000375	-0.003914
scaffold_335_segment0	2456336	2804474	0.029505	0.021024	0.014793	0.021262
scaffold_335_segment0	2567267	2898679	0.015413	0.011305	0.007782	0.009274
scaffold_335_segment0	2694155	3064373	-0.040451	-0.028118	-0.019380	-0.017983
scaffold_335_segment0	2804475	3228381	-0.100261	-0.066845	-0.046149	-0.056121
scaffold_335_segment0	2898705	3402066	-0.045819	-0.029276	-0.020410	-0.025407
scaffold_335_segment0	3064377	3528205	-0.021545	-0.013270	-0.009344	-0.013254
scaffold_335_segment0	3228928	3628223	-0.021930	-0.013609	-0.009491	-0.011845
scaffold_335_segment0	3402332	3753442	-0.029306	-0.018214	-0.012966	-0.014815
scaffold_335_segment0	3528228	3872795	-0.021315	-0.013756	-0.009842	-0.011785
scaffold_335_segment0	3628323	3988524	0.000772	0.000501	0.000359	0.001779
scaffold_335_segment0	3753661	4115886	0.006946	0.004660	0.003262	0.003451
scaffold_335_segment0	3872851	4211800	-0.020491	-0.014904	-0.010297	-0.011667
scaffold_335_segment0	3988696	4388190	-0.006475	-0.004320	-0.003015	-0.003216
scaffold_335_segment0	4115908	4600653	-0.005475	-0.003341	-0.002399	-0.000156
scaffold_335_segment0	4211821	4736495	0.007130	0.003972	0.002876	0.009433
scaffold_335_segment0	4389031	4843775	0.012037	0.007370	0.005266	0.010873
scaffold_335_segment0	4600814	4939735	-0.019040	-0.013126	-0.009002	-0.011722
scaffold_335_segment0	4736533	5045704	0.001086	0.000829	0.000547	-0.002369
scaffold_335_segment0	4843821	5146951	-0.012992	-0.009503	-0.006347	-0.008875
scaffold_335_segment0	4940122	5206909	0.003132	0.002421	0.001633	-0.000278
scaffold_335_segment0	5045801	5270067	-0.012557	-0.010919	-0.007325	-0.006336
scaffold_335_segment0	5147158	5433696	-0.009047	-0.007511	-0.005121	-0.003941
scaffold_335_segment0	5206912	5582481	-0.027683	-0.020886	-0.014506	-0.012157
scaffold_335_segment0	5270071	5669054	-0.018226	-0.013375	-0.009470	-0.010269
scaffold_335_segment0	5433983	5763037	-0.004557	-0.003704	-0.002578	-0.002590
scaffold_335_segment0	5582514	5901245	0.003766	0.003073	0.002126	0.001132
scaffold_335_segment0	5669066	6002745	0.032122	0.024359	0.017061	0.021229
scaffold_335_segment0	5763044	6106056	0.014693	0.009932	0.007152	0.008948
scaffold_335_segment0	5901256	6193653	0.013150	0.008821	0.006297	0.010611
scaffold_335_segment0	6002752	6293162	-0.017322	-0.010943	-0.007735	-0.007889
scaffold_335_segment0	6106133	6384112	-0.011482	-0.007322	-0.005156	-0.004547
scaffold_335_segment0	6193661	6466474	-0.022549	-0.014994	-0.010500	-0.012212
scaffold_335_segment0	6293254	6557772	-0.031749	-0.021504	-0.015022	-0.017721
scaffold_335_segment0	6384134	6632465	-0.034107	-0.024450	-0.016818	-0.017010
scaffold_335_segment0	6466589	6664477	-0.015571	-0.012332	-0.008472	-0.006733
scaffold_335_segment0	6557879	6700001	-0.070583	-0.067085	-0.044254	-0.044484
scaffold_335_segment0	6632471	6778988	-0.064530	-0.070253	-0.045874	-0.039210
scaffold_335_segment0	6664496	6934200	-0.046531	-0.035415	-0.024680	-0.030497
scaffold_335_segment0	6700002	7075025	-0.001794	-0.001127	-0.000812	0.003850
scaffold_335_segment0	6779042	7208954	-0.014166	-0.007759	-0.005654	-0.002656
scaffold_335_segment0	6934392	7308712	-0.019077	-0.011114	-0.007971	-0.003228
scaffold_335_segment0	7075027	7424976	-0.011387	-0.006478	-0.004672	-0.000136
scaffold_335_segment0	7209079	7638555	0.052592	0.031644	0.022664	0.032026
scaffold_335_segment0	7308750	7831050	0.095839	0.053068	0.038706	0.053112
scaffold_335_segment0	7425119	8014212	0.100391	0.058741	0.042448	0.059429
scaffold_335_segment0	7638734	8179637	0.064348	0.040350	0.028476	0.042572
scaffold_335_segment0	7831064	8365143	0.012542	0.007966	0.005637	0.013525
scaffold_335_segment0	8014282	8561638	0.027767	0.015816	0.011507	0.020011
scaffold_335_segment0	8179649	8712082	-0.021379	-0.010965	-0.008134	-0.014148
scaffold_335_segment0	8365195	8909149	-0.011692	-0.005998	-0.004425	-0.011349
scaffold_335_segment0	8561722	9063436	-0.038487	-0.021380	-0.015728	-0.027036
scaffold_335_segment0	8712401	9214993	-0.041454	-0.023742	-0.017472	-0.026547
scaffold_335_segment0	8909222	9422842	-0.042434	-0.023064	-0.017381	-0.024974
scaffold_335_segment0	9063498	9661838	-0.062137	-0.033227	-0.025099	-0.036346
scaffold_335_segment0	9215002	9849977	0.016623	0.009029	0.006695	0.006332
scaffold_335_segment0	9422905	10108978	0.030903	0.017510	0.012753	0.016376
scaffold_335_segment0	9661989	10327680	0.059419	0.034860	0.024782	0.032895
scaffold_335_segment0	9850035	10518741	-0.033301	-0.018152	-0.013080	-0.015231
scaffold_335_segment0	10108987	10734563	-0.051757	-0.027688	-0.019774	-0.026862
scaffold_335_segment0	10327930	10992463	-0.036822	-0.017262	-0.012878	-0.022021
scaffold_335_segment0	10518748	11126552	0.034394	0.017898	0.013478	0.020820
scaffold_335_segment0	10734590	11394723	0.042682	0.023014	0.017564	0.026534
scaffold_335_segment0	10992553	11579752	0.029369	0.018852	0.013915	0.017970
scaffold_335_segment0	11127040	11748306	0.010926	0.006107	0.004534	0.006937
scaffold_335_segment0	11394762	11973797	-0.083071	-0.045295	-0.032809	-0.047665
scaffold_335_segment0	11579813	12190138	-0.102760	-0.050531	-0.036882	-0.057962
scaffold_335_segment0	11748566	12363932	-0.036668	-0.017898	-0.012793	-0.014949
scaffold_335_segment0	11973806	12472405	0.022138	0.011377	0.008169	0.018672
scaffold_335_segment0	12190160	12733584	0.040940	0.021100	0.015210	0.022150
scaffold_335_segment0	12363936	12983068	-0.072957	-0.036220	-0.025919	-0.035449
scaffold_335_segment0	12472435	13210485	-0.125292	-0.067140	-0.045861	-0.073414
scaffold_335_segment0	12733781	13470810	-0.109580	-0.055806	-0.037775	-0.067184
scaffold_335_segment0	12983421	13690211	-0.068815	-0.037271	-0.025774	-0.041156
scaffold_335_segment0	13210520	13933165	0.066176	0.033376	0.023933	0.041310
scaffold_335_segment0	13470955	14164829	0.071099	0.036862	0.026727	0.042404
scaffold_335_segment0	13690212	14424558	0.020541	0.010936	0.007577	0.012682
scaffold_335_segment0	13933167	14717228	-0.055930	-0.025625	-0.018178	-0.033463
scaffold_335_segment0	14164873	15106672	-0.072030	-0.030278	-0.021826	-0.040467
scaffold_335_segment0	14424960	15474575	-0.036334	-0.012705	-0.009811	-0.015528
scaffold_335_segment0	14717704	15848832	-0.005457	-0.001875	-0.001459	0.001793
scaffold_335_segment0	15106819	16248348	-0.004868	-0.001675	-0.001277	0.003689
scaffold_335_segment0	15474732	16554270	-0.002127	-0.000795	-0.000584	0.000781
scaffold_335_segment0	15849025	16781101	0.043622	0.018332	0.013053	0.023098
scaffold_335_segment0	16248411	16949639	0.053920	0.026106	0.018148	0.025453
scaffold_335_segment0	16554733	17098004	0.046430	0.024738	0.016820	0.021621
scaffold_335_segment0	16781316	17282775	0.020842	0.010680	0.007410	0.008041
scaffold_335_segment0	16949772	17531024	0.027131	0.013133	0.009407	0.015681
scaffold_335_segment0	17098006	17744045	0.071089	0.035145	0.025728	0.040279
scaffold_335_segment0	17282836	17923169	0.045131	0.023355	0.017164	0.026640
scaffold_335_segment0	17531258	18108883	0.067313	0.035664	0.026007	0.041240
scaffold_335_segment0	17744279	18295744	0.056250	0.026420	0.019489	0.039163
scaffold_335_segment0	17923171	18506651	0.065233	0.030766	0.022210	0.043353
scaffold_335_segment0	18108933	18716086	0.059165	0.030235	0.021439	0.037327
scaffold_335_segment0	18296437	18943472	0.019802	0.010207	0.007203	0.012544
scaffold_335_segment0	18507439	19233606	0.016735	0.007535	0.005513	0.009989
scaffold_335_segment0	18716615	19563215	0.010857	0.005314	0.003975	0.005210
scaffold_335_segment0	18943841	19874275	0.056977	0.031026	0.022869	0.025413
scaffold_335_segment0	19233709	20143254	0.016831	0.012593	0.008250	0.007398
scaffold_335_segment0	19563531	20419895	0.057839	0.034343	0.023377	0.027471
scaffold_335_segment0	19874697	20745303	0.008975	0.005158	0.003482	0.003818
scaffold_335_segment0	20143457	20977049	0.045004	0.024436	0.017428	0.025685
scaffold_335_segment0	20422332	21286396	0.003369	0.001760	0.001264	0.003619
scaffold_335_segment0	20745488	21481992	0.009225	0.005006	0.003687	0.006395
scaffold_335_segment0	20977565	21755621	-0.012758	-0.006703	-0.005107	-0.004430
scaffold_335_segment0	21287271	22025679	-0.033737	-0.017206	-0.013176	-0.012725
scaffold_335_segment0	21482074	22282407	-0.018884	-0.008363	-0.006468	-0.007004
scaffold_335_segment0	21755624	22513896	-0.016204	-0.007122	-0.005479	-0.008577
scaffold_335_segment0	22026428	22880548	-0.031236	-0.013698	-0.010398	-0.018856
scaffold_335_segment0	22282409	23134394	-0.024101	-0.012359	-0.009214	-0.015233
scaffold_335_segment0	22515416	23699087	0.063616	0.024309	0.018039	0.037214
scaffold_335_segment0	22880578	24260429	0.007159	0.002397	0.001724	0.007116
scaffold_335_segment0	23134400	24694116	-0.025044	-0.006717	-0.005013	-0.010447
scaffold_335_segment0	23699789	25376909	-0.042008	-0.011754	-0.009023	-0.022192
scaffold_335_segment0	24260460	25965466	0.035696	0.010369	0.008198	0.020056
scaffold_335_segment0	24694181	26503795	0.086566	0.023890	0.019246	0.040716
scaffold_335_segment0	25376913	26725367	0.013553	0.004131	0.003224	0.006725
scaffold_335_segment0	25965471	26872925	-0.056181	-0.021986	-0.016888	-0.026695
scaffold_335_segment0	26503991	27119876	-0.082043	-0.050269	-0.034116	-0.037855
scaffold_335_segment0	26725717	27403676	-0.030252	-0.018120	-0.012344	-0.014142
scaffold_335_segment0	26872939	27624334	0.049568	0.027726	0.020118	0.023020
scaffold_335_segment0	27119966	27859412	0.053751	0.031524	0.022875	0.028092
scaffold_335_segment0	27403679	28281901	0.038692	0.021980	0.015928	0.024911
scaffold_335_segment0	27624338	28539340	0.030968	0.017438	0.012739	0.018437
scaffold_335_segment0	27859413	28933800	0.044550	0.020676	0.015543	0.023111
scaffold_335_segment0	28282130	29057384	0.025323	0.015257	0.011821	0.009228
scaffold_335_segment0	28539965	29516616	0.027869	0.012605	0.009787	0.011183
scaffold_335_segment0	28933810	29853160	0.048036	0.022931	0.018271	0.020464
scaffold_335_segment0	29057395	30132420	0.032335	0.012442	0.009853	0.017926
scaffold_335_segment0	29516696	30528797	0.093823	0.035538	0.028518	0.046188
scaffold_335_segment0	29853311	30724667	0.086140	0.035147	0.028004	0.042629
scaffold_335_segment0	30132475	30915016	0.033092	0.013747	0.010804	0.016374
scaffold_335_segment0	30528869	31041152	0.004449	0.002453	0.001805	-0.000886
scaffold_335_segment0	30724787	31186103	-0.057519	-0.033738	-0.023519	-0.031031
scaffold_335_segment0	30915029	31426268	0.038219	0.023991	0.015870	0.019247
scaffold_335_segment0	31041460	31681686	0.067136	0.038254	0.026023	0.034351
scaffold_335_segment0	31186113	31985488	0.141237	0.073304	0.053512	0.065390
scaffold_335_segment0	31426271	32374859	0.104669	0.049271	0.039181	0.043928
scaffold_335_segment0	31681698	32985732	0.057870	0.018151	0.015285	0.025179
scaffold_335_segment0	31985810	33265121	0.149391	0.051297	0.042352	0.068828
scaffold_335_segment0	32375642	33747575	0.138138	0.038337	0.031593	0.068324
scaffold_335_segment0	32985864	34039196	0.145979	0.049409	0.039064	0.083837
scaffold_335_segment0	33265180	34392223	0.078682	0.021374	0.017238	0.038882
scaffold_335_segment0	33747973	34680819	0.060233	0.020237	0.016075	0.029103
scaffold_335_segment0	34039202	34899551	-0.080891	-0.033684	-0.026615	-0.032530
scaffold_335_segment0	34392306	35002867	-0.101663	-0.068934	-0.050670	-0.046629
scaffold_335_segment0	34680926	35193157	-0.013518	-0.009943	-0.007159	-0.007252
scaffold_335_segment0	34899552	35560403	0.082605	0.053658	0.040580	0.036964
scaffold_335_segment0	35002896	35862322	0.074263	0.042091	0.031527	0.036371
scaffold_335_segment0	35193447	36197732	0.007360	0.004114	0.002987	0.005527
scaffold_335_segment0	35560427	36607915	0.061462	0.034158	0.024124	0.032043
scaffold_335_segment0	35862960	36931849	0.036785	0.021443	0.014095	0.021867
scaffold_335_segment0	36197735	37160418	0.050755	0.028137	0.019296	0.027831
scaffold_335_segment0	36609184	37329713	0.002813	0.001595	0.001076	0.007493
scaffold_335_segment0	36931891	37500738	0.058179	0.029346	0.022001	0.030676
scaffold_335_segment0	37160455	37680279	0.069147	0.043765	0.030515	0.037117
scaffold_335_segment0	37329717	37906250	0.076969	0.051201	0.035423	0.040147
scaffold_335_segment0	37500745	38146059	0.063982	0.045610	0.031140	0.033124
scaffold_335_segment0	37680765	38445705	0.057194	0.035262	0.025096	0.030228
scaffold_335_segment0	37906426	38737655	0.070086	0.046017	0.030813	0.032865
scaffold_335_segment0	38146071	38951624	0.077602	0.063104	0.039618	0.035946
scaffold_335_segment0	38445719	39186315	0.022087	0.019278	0.011998	0.011749
scaffold_335_segment0	38737872	39386721	-0.030659	-0.023854	-0.016008	-0.015354
scaffold_335_segment0	38952075	39570168	-0.014999	-0.010571	-0.007326	-0.004439
scaffold_335_segment0	39186331	39874095	0.021802	0.013415	0.009641	0.014460
scaffold_335_segment0	39386723	40196419	0.033718	0.016973	0.012713	0.022229
scaffold_335_segment0	39570811	40379814	-0.043693	-0.020474	-0.015104	-0.022336
scaffold_335_segment0	39874098	40483313	-0.068403	-0.036951	-0.025447	-0.030958
scaffold_335_segment0	40196556	40637100	-0.041706	-0.029943	-0.019280	-0.020029
scaffold_335_segment0	40379903	40766916	0.003867	0.002959	0.001862	0.005164
scaffold_335_segment0	40483333	40929794	0.038059	0.025718	0.016781	0.016802
scaffold_335_segment0	40638052	41074539	0.005222	0.003683	0.002400	0.001295
scaffold_335_segment0	40767034	41275569	0.012507	0.008259	0.005415	0.008339
scaffold_335_segment0	40929868	41486134	-0.029575	-0.020343	-0.013658	-0.012118
scaffold_335_segment0	41074655	41679440	-0.031728	-0.021166	-0.014332	-0.013124
scaffold_335_segment0	41275571	41851790	-0.037143	-0.029627	-0.019620	-0.018649
scaffold_335_segment0	41486145	42025669	-0.025396	-0.019327	-0.012802	-0.009664
scaffold_335_segment0	41679768	42200629	-0.039554	-0.031792	-0.020082	-0.016440
scaffold_335_segment0	41851806	42533039	-0.031877	-0.019148	-0.012909	-0.012483
scaffold_335_segment0	42025699	42870720	0.021670	0.011954	0.007684	0.012436
scaffold_335_segment0	42200905	43173156	-0.021732	-0.010712	-0.007014	-0.012134
scaffold_335_segment0	42533186	43469577	0.009549	0.005070	0.003206	0.003177
scaffold_335_segment0	42870967	43793331	0.179290	0.098527	0.061913	0.112217
scaffold_335_segment0	43173173	44297830	0.231790	0.101218	0.068022	0.140299
scaffold_335_segment0	43469668	44740158	0.227898	0.091484	0.063051	0.133981
scaffold_335_segment0	43793367	45077011	0.026957	0.010064	0.007425	0.015099
scaffold_335_segment0	44297840	45249511	0.070886	0.037972	0.027013	0.036872
scaffold_335_segment0	44740187	45550528	0.127742	0.074378	0.053864	0.070491
scaffold_335_segment0	45077032	45860744	0.097768	0.054301	0.037147	0.057171
scaffold_335_segment0	45249512	46133055	0.079716	0.044168	0.029928	0.048779
scaffold_335_segment0	45550539	46431582	-0.000556	-0.000279	-0.000195	0.000342
scaffold_335_segment0	45860930	46671152	0.021769	0.011039	0.008364	0.014385
scaffold_335_segment0	46133111	46879680	0.031783	0.014625	0.011029	0.019722
scaffold_335_segment0	46432010	47076945	0.047364	0.023852	0.017169	0.029028
scaffold_335_segment0	46671185	47263726	0.111648	0.064640	0.043434	0.064543
scaffold_335_segment0	46880321	47464360	0.141098	0.090294	0.060575	0.085295
scaffold_335_segment0	47076946	47660504	0.124604	0.085089	0.057658	0.081484
scaffold_335_segment0	47263730	47778732	0.059104	0.038546	0.027144	0.038362
scaffold_335_segment0	47464715	47986593	0.015013	0.009451	0.006832	0.014670
scaffold_335_segment0	47660510	48116571	0.054185	0.033866	0.024739	0.037292
scaffold_335_segment0	47778759	48286000	0.030859	0.019084	0.013885	0.021637
scaffold_335_segment0	47986634	48451605	0.009607	0.005924	0.004313	0.004077
scaffold_335_segment0	48116807	48660844	-0.035124	-0.020096	-0.014728	-0.027142
scaffold_335_segment0	48286380	48806571	-0.014187	-0.008206	-0.006044	-0.012550
scaffold_335_segment0	48451690	48936713	-0.001945	-0.001189	-0.000857	-0.003940
scaffold_335_segment0	48660891	49098208	-0.019236	-0.012282	-0.008813	-0.011469
scaffold_335_segment0	48806809	49310981	-0.030886	-0.017291	-0.012571	-0.018591
scaffold_335_segment0	48936725	49463247	-0.021462	-0.011082	-0.008117	-0.008072
scaffold_335_segment0	49098214	49659887	-0.013326	-0.006893	-0.005033	-0.003016
scaffold_335_segment0	49311030	49819386	-0.040819	-0.023483	-0.016836	-0.022247
scaffold_335_segment0	49463642	49944354	-0.043688	-0.028187	-0.020194	-0.029242
scaffold_335_segment0	49659890	50078625	-0.011872	-0.008250	-0.005880	-0.009286
scaffold_335_segment0	49819550	50218285	0.022525	0.015211	0.010724	0.013100
scaffold_335_segment0	49944403	50368818	0.013904	0.009312	0.006488	0.011129
scaffold_335_segment0	50078655	50541796	0.007289	0.004512	0.003154	0.006991
scaffold_335_segment0	50219093	50721546	-0.020161	-0.012458	-0.008925	-0.008539
scaffold_335_segment0	50369569	50865011	-0.030901	-0.018152	-0.013187	-0.012874
scaffold_335_segment0	50541799	51047582	-0.021113	-0.012251	-0.009025	-0.007108
scaffold_335_segment0	50721619	51284689	-0.043273	-0.024536	-0.017971	-0.020877
scaffold_335_segment0	50865077	51474870	-0.089840	-0.052588	-0.037202	-0.049188
scaffold_335_segment0	51047587	51656216	-0.103631	-0.064533	-0.044679	-0.059089
scaffold_335_segment0	51284699	51870254	-0.032719	-0.020170	-0.013443	-0.016578
scaffold_335_segment0	51474897	52048637	0.011552	0.007003	0.004836	0.008439
scaffold_335_segment0	51656231	52244955	0.038986	0.023001	0.015975	0.021288
scaffold_335_segment0	51870401	52460367	0.019691	0.011705	0.008242	0.008904
scaffold_335_segment0	52048644	52633219	0.028906	0.016097	0.011193	0.015605
scaffold_335_segment0	52245004	52763226	-0.016033	-0.009020	-0.006257	-0.011617
scaffold_335_segment1	34391	421797	-0.031652	-0.022105	-0.015354	-0.014786
scaffold_335_segment1	144324	573570	-0.008611	-0.005571	-0.003909	-0.006336
scaffold_335_segment1	285714	750730	-0.031858	-0.019541	-0.013651	-0.022468
scaffold_335_segment1	421798	873869	-0.027198	-0.016755	-0.011710	-0.017893
scaffold_335_segment1	574199	964104	-0.031999	-0.020886	-0.014663	-0.014776
scaffold_335_segment1	750741	1064019	-0.017644	-0.012323	-0.008363	-0.005911
scaffold_335_segment1	873871	1163122	0.050011	0.034730	0.023743	0.035766
scaffold_335_segment1	964120	1255309	0.055024	0.037891	0.025726	0.036351
scaffold_335_segment1	1064039	1350216	0.058972	0.039943	0.027976	0.039242
scaffold_335_segment1	1163153	1463917	-0.007281	-0.005057	-0.003534	-0.004072
scaffold_335_segment1	1255320	1572572	0.036869	0.026649	0.018812	0.020118
scaffold_335_segment1	1350242	1719780	0.040380	0.029382	0.020709	0.020927
scaffold_335_segment1	1463925	1875811	0.060434	0.041186	0.029368	0.032399
scaffold_335_segment1	1572674	1963383	-0.001158	-0.000769	-0.000536	0.000323
scaffold_335_segment1	1719822	2038784	-0.013484	-0.009229	-0.006472	-0.006433
scaffold_335_segment1	1875903	2105202	-0.016113	-0.012346	-0.008390	-0.004524
scaffold_335_segment1	1963384	2163779	0.004845	0.003984	0.002759	0.004309
scaffold_335_segment1	2038909	2232432	0.020118	0.018259	0.012452	0.009995
scaffold_335_segment1	2105272	2314739	0.011593	0.010101	0.006920	0.003702
scaffold_335_segment1	2163809	2404813	0.021384	0.017536	0.011945	0.010497
scaffold_335_segment1	2232487	2494120	0.020946	0.015539	0.010587	0.012749
scaffold_335_segment1	2314756	2569114	0.006992	0.005227	0.003562	0.003186
scaffold_335_segment1	2404825	2635933	-0.008064	-0.006535	-0.004355	-0.003877
scaffold_335_segment1	2494129	2706896	-0.025651	-0.021622	-0.014438	-0.013380
scaffold_335_segment1	2569153	2781194	-0.004228	-0.003538	-0.002415	0.002850
scaffold_335_segment1	2635947	2854041	-0.029700	-0.022621	-0.015823	-0.009834
scaffold_335_segment1	2706923	2944248	-0.017094	-0.012830	-0.008966	-0.002767
scaffold_335_segment1	2781200	3007696	-0.019347	-0.014850	-0.010196	-0.007809
scaffold_335_segment1	2854420	3066490	0.003927	0.003203	0.002193	0.002055
scaffold_335_segment1	2944268	3107764	0.002725	0.002501	0.001691	0.000116
scaffold_335_segment1	3007734	3151063	0.013469	0.012854	0.008756	0.005354
scaffold_335_segment1	3066548	3185065	0.014079	0.014290	0.009694	0.004510
scaffold_335_segment1	3107808	3224176	0.013218	0.013250	0.009113	0.004731
scaffold_335_segment1	3151085	3271355	-0.001678	-0.001610	-0.001100	-0.003538
scaffold_335_segment1	3185067	3313624	0.001006	0.000903	0.000610	-0.003208
scaffold_335_segment1	3224250	3352013	0.010765	0.009365	0.006314	0.001508
scaffold_335_segment1	3271362	3388179	0.004462	0.004036	0.002736	0.002370
scaffold_335_segment1	3313672	3425303	-0.030842	-0.029406	-0.019670	-0.016426
scaffold_335_segment1	3352197	3482367	-0.037213	-0.036797	-0.024238	-0.020062
scaffold_335_segment1	3388184	3531988	-0.031709	-0.030002	-0.019808	-0.019353
scaffold_335_segment1	3425322	3591618	-0.002297	-0.002128	-0.001421	-0.004127
scaffold_335_segment1	3482433	3653816	0.008986	0.008033	0.005426	0.006031
scaffold_335_segment1	3532006	3729593	-0.014589	-0.013170	-0.008700	-0.006552
scaffold_335_segment1	3591679	3818206	-0.007879	-0.006627	-0.004460	-0.000670
scaffold_335_segment1	3653887	3879821	-0.008166	-0.006936	-0.004675	-0.002153
scaffold_335_segment1	3729691	3934672	-0.001528	-0.001330	-0.000896	-0.002394
scaffold_335_segment1	3818247	3970798	-0.006357	-0.006086	-0.003980	-0.006917
scaffold_335_segment1	3879834	4029300	-0.020525	-0.019716	-0.012790	-0.016640
scaffold_335_segment1	3934674	4076254	-0.014298	-0.013950	-0.009166	-0.012019
scaffold_335_segment1	3970812	4120468	-0.009421	-0.009156	-0.006032	-0.006894
scaffold_335_segment1	4029370	4166912	-0.007966	-0.007643	-0.004955	-0.005466
scaffold_335_segment1	4076260	4235828	0.003863	0.003536	0.002297	0.003704
scaffold_335_segment1	4120469	4310627	-0.004249	-0.003849	-0.002516	-0.000941
scaffold_335_segment1	4166913	4398146	-0.012545	-0.010913	-0.007392	-0.004882
scaffold_335_segment1	4236108	4545784	-0.045758	-0.036393	-0.025351	-0.027847
scaffold_335_segment1	4310731	4806008	-0.018829	-0.015639	-0.011038	-0.011924
scaffold_335_segment1	4398157	4815899	-0.012243	-0.013587	-0.009489	-0.007593
scaffold_335_segment1	4545796	4835665	0.016770	0.037224	0.025008	0.008927
scaffold_430_segment0	20222	541149	-0.055196	-0.045324	-0.031973	-0.023039
scaffold_430_segment0	36129	720430	-0.000915	-0.000620	-0.000442	0.000502
scaffold_430_segment0	168141	866729	0.005998	0.003573	0.002580	0.003656
scaffold_430_segment0	541150	1177665	-0.023225	-0.013271	-0.009812	-0.011952
scaffold_430_segment0	721590	1568956	-0.041342	-0.015476	-0.011709	-0.019362
scaffold_430_segment0	866740	1838448	-0.028504	-0.009427	-0.007162	-0.016255
scaffold_430_segment0	1178088	2063665	0.000303	0.000095	0.000073	0.000366
scaffold_430_segment0	1569223	2329836	0.011014	0.004098	0.003205	0.005753
scaffold_430_segment0	1838525	2538266	0.048339	0.020505	0.015972	0.025561
scaffold_430_segment0	2063674	2651094	0.052414	0.030108	0.022497	0.026320
scaffold_430_segment0	2329983	2820413	0.030240	0.020816	0.014237	0.011969
scaffold_430_segment0	2538320	3120131	-0.026107	-0.013708	-0.009959	-0.014430
scaffold_430_segment0	2651282	3305151	-0.032655	-0.015408	-0.011485	-0.016607
scaffold_430_segment0	2820430	3490493	-0.015008	-0.007293	-0.005616	-0.008178
scaffold_430_segment0	3120287	3885323	0.037621	0.015819	0.012561	0.016250
scaffold_430_segment0	3305951	4072814	0.041282	0.017068	0.013598	0.015799
scaffold_430_segment0	3490515	4250578	0.077992	0.029808	0.024331	0.034235
scaffold_430_segment0	3885515	4386576	0.057114	0.029873	0.023730	0.025983
scaffold_430_segment0	4072820	4614804	0.045906	0.018726	0.014911	0.020716
scaffold_430_segment0	4250596	4924458	-0.002955	-0.001047	-0.000836	-0.003216
scaffold_430_segment0	4386579	5091329	0.005902	0.002208	0.001734	0.000381
scaffold_430_segment0	4614809	5430197	-0.013624	-0.005648	-0.004410	-0.010996
scaffold_430_segment0	4924483	5722747	-0.002950	-0.001141	-0.000911	-0.004855
scaffold_430_segment0	5091777	5946078	-0.084965	-0.030614	-0.024093	-0.047925
scaffold_430_segment0	5430198	6080577	-0.016406	-0.006725	-0.005166	-0.010950
scaffold_430_segment0	5722755	6356030	0.009840	0.004886	0.003592	0.004334
scaffold_430_segment0	5946084	6540614	0.082482	0.043530	0.032538	0.039591
scaffold_430_segment0	6080740	6829132	0.059946	0.027528	0.021690	0.033369
scaffold_430_segment0	6356037	7089087	0.009818	0.004665	0.003621	0.004754
scaffold_430_segment0	6541237	7309132	-0.001719	-0.000828	-0.000632	-0.002163
scaffold_430_segment0	6829246	7603608	-0.027228	-0.012157	-0.009403	-0.015930
scaffold_430_segment0	7089092	7681246	-0.031983	-0.018347	-0.014351	-0.015324
scaffold_430_segment0	7309157	7873030	-0.004646	-0.002963	-0.002287	0.000969
scaffold_430_segment0	7603614	8131389	-0.001505	-0.000976	-0.000721	0.000986
scaffold_430_segment0	7681301	8534827	0.016107	0.006668	0.005250	0.009130
scaffold_430_segment0	7873272	8794064	0.000738	0.000259	0.000213	-0.000185
scaffold_430_segment0	8131957	9136035	-0.000473	-0.000150	-0.000125	0.000435
scaffold_430_segment0	8534886	9456840	0.037423	0.011694	0.009542	0.017345
scaffold_430_segment0	8794203	9735714	0.047245	0.012752	0.010389	0.022619
scaffold_430_segment0	9136045	9962149	0.064143	0.019079	0.015429	0.032262
scaffold_430_segment0	9456853	10189983	0.034120	0.011989	0.009644	0.022180
scaffold_430_segment0	9735720	10516573	0.025527	0.010695	0.008370	0.017160
scaffold_430_segment0	9962151	10892629	-0.002057	-0.000724	-0.000573	0.001549
scaffold_430_segment0	10191172	11230942	-0.006817	-0.002060	-0.001619	-0.002576
scaffold_430_segment0	10518660	11285911	-0.015820	-0.005961	-0.004711	-0.007848
scaffold_430_segment0	10892753	11297372	-0.010507	-0.008170	-0.006135	-0.004241
scaffold_430_segment0	11233333	11437625	0.017902	0.027683	0.020413	0.003970
scaffold_430_segment0	11285916	11720726	0.010981	0.008175	0.006194	0.002825
scaffold_430_segment0	11297374	11903000	-0.003137	-0.001535	-0.001176	-0.004290
scaffold_430_segment0	11439433	12112724	-0.024967	-0.011629	-0.008922	-0.014757
scaffold_430_segment0	11720796	12278634	-0.013430	-0.006995	-0.005310	-0.008979
scaffold_430_segment0	11903010	12540931	0.023333	0.010258	0.008101	0.010444
scaffold_430_segment0	12112754	12728805	0.044640	0.021089	0.016861	0.019627
scaffold_430_segment0	12278654	12865031	0.089284	0.046541	0.036591	0.038493
scaffold_430_segment0	12542317	12942076	0.088562	0.072383	0.052304	0.037688
scaffold_430_segment0	12728806	13169749	0.018801	0.012484	0.008908	0.005880
scaffold_430_segment0	12865045	13555159	0.048943	0.023513	0.016746	0.024716
scaffold_430_segment0	12942092	13814146	0.050173	0.019833	0.014570	0.025432
scaffold_430_segment0	13169750	14113411	0.112256	0.038862	0.029470	0.059015
scaffold_430_segment0	13555167	14439439	0.047511	0.015256	0.012126	0.024267
scaffold_430_segment0	13814157	14790124	0.046350	0.013444	0.010872	0.025810
scaffold_430_segment0	14113422	15125937	0.044646	0.013028	0.010672	0.022082
scaffold_430_segment0	14439456	15526162	0.046208	0.012923	0.011107	0.021323
scaffold_430_segment0	14790138	15701961	0.021255	0.006751	0.005822	0.009011
scaffold_430_segment0	15125945	15915656	0.042670	0.016228	0.013760	0.017529
scaffold_430_segment0	15526163	16131141	0.062261	0.032283	0.025462	0.026602
scaffold_430_segment0	15701983	16416528	0.088481	0.036964	0.029519	0.038344
scaffold_430_segment0	15915658	16614472	0.039544	0.016426	0.012732	0.016918
scaffold_430_segment0	16131167	16793296	0.001364	0.000540	0.000422	-0.001798
scaffold_430_segment0	16416643	17086704	-0.009544	-0.003998	-0.003114	-0.003089
scaffold_430_segment0	16614483	17364848	0.025086	0.008876	0.007313	0.011582
scaffold_430_segment0	16795479	17810105	0.021632	0.006110	0.005161	0.015407
scaffold_430_segment0	17086712	18090694	-0.002929	-0.000904	-0.000738	0.001001
scaffold_430_segment0	17364866	18413291	-0.023496	-0.007962	-0.006281	-0.007564
scaffold_430_segment0	17810112	18802505	0.020591	0.007853	0.005981	0.010045
scaffold_430_segment0	18091042	18981367	0.024122	0.009485	0.007445	0.012717
scaffold_430_segment0	18413297	19155526	0.003315	0.001518	0.001183	0.002668
scaffold_430_segment0	18802518	19465838	-0.023589	-0.009834	-0.007891	-0.011222
scaffold_430_segment0	18981432	19777186	-0.010479	-0.003988	-0.003273	-0.002868
scaffold_430_segment0	19155527	20440544	0.052525	0.013723	0.011556	0.028033
scaffold_430_segment0	19467399	20598141	0.055676	0.017919	0.015085	0.029361
scaffold_430_segment0	19777296	20819806	0.042204	0.014255	0.011521	0.020732
scaffold_430_segment0	20440552	21348653	0.045805	0.014770	0.011962	0.022746
scaffold_430_segment0	20598145	21687729	0.007469	0.001959	0.001573	0.002532
scaffold_430_segment0	20820176	21913475	0.009701	0.002538	0.002044	0.003820
scaffold_430_segment0	21348656	22209390	-0.001113	-0.000349	-0.000274	-0.003435
scaffold_430_segment0	21687789	22282848	0.027842	0.012171	0.009471	0.009017
scaffold_430_segment0	21913490	22479157	0.026578	0.013708	0.010521	0.008159
scaffold_430_segment0	22209439	22789883	-0.009704	-0.005497	-0.004320	-0.007615
scaffold_430_segment0	22282849	23098666	-0.026388	-0.012027	-0.009570	-0.013935
scaffold_430_segment0	22479182	23481938	-0.017867	-0.005937	-0.004947	-0.010165
scaffold_430_segment0	22789884	23722122	0.011806	0.004459	0.003619	0.003416
scaffold_430_segment0	23100050	24058065	0.041094	0.014111	0.011386	0.015984
scaffold_430_segment0	23481943	24404941	0.032327	0.012459	0.009850	0.011498
scaffold_430_segment0	23722130	24808899	0.044917	0.013005	0.010767	0.019075
scaffold_430_segment0	24058068	25009985	0.107199	0.036713	0.028954	0.049142
scaffold_430_segment0	24404944	25363063	0.074252	0.026138	0.019885	0.035741
scaffold_430_segment0	24810806	25608399	0.044774	0.017859	0.013115	0.021807
scaffold_430_segment0	25010014	25897990	-0.003923	-0.001333	-0.001053	-0.000043
scaffold_430_segment0	25363070	26393140	0.039952	0.011106	0.009225	0.023452
scaffold_430_segment0	25608526	26650925	0.028453	0.007859	0.006578	0.015091
scaffold_430_segment0	25898047	26938467	0.027184	0.007408	0.006196	0.013430
scaffold_430_segment0	26393229	27296119	0.019337	0.005564	0.004641	0.011056
scaffold_430_segment0	26651330	27633484	0.025986	0.006654	0.005671	0.015836
scaffold_430_segment0	26938474	27874287	-0.002917	-0.000757	-0.000640	0.001626
scaffold_430_segment0	27296128	28148320	-0.004182	-0.001257	-0.001053	-0.001213
scaffold_430_segment0	27634955	28322849	0.050841	0.020871	0.016474	0.024184
scaffold_430_segment0	27874288	28638993	0.068510	0.030720	0.023366	0.031119
scaffold_430_segment0	28148329	29077857	0.078509	0.031770	0.023995	0.035389
scaffold_430_segment0	28323139	29416814	0.041339	0.014592	0.011172	0.017615
scaffold_430_segment0	28638997	29974143	0.044193	0.012419	0.009937	0.018778
scaffold_430_segment0	29077860	30176915	0.080000	0.025606	0.020480	0.031663
scaffold_430_segment0	29418046	30570604	0.107164	0.031643	0.025255	0.050469
scaffold_430_segment0	29974181	30943311	0.124523	0.041333	0.032759	0.057140
scaffold_430_segment0	30176922	31247687	0.039477	0.011970	0.009555	0.021551
scaffold_430_segment0	30570605	31548593	0.011942	0.003818	0.003094	0.004783
scaffold_430_segment0	30943314	31902140	-0.024900	-0.007920	-0.006462	-0.012681
scaffold_430_segment0	31247697	32127638	0.026403	0.008863	0.007264	0.010180
scaffold_430_segment0	31548606	32309673	0.024580	0.008396	0.007012	0.011404
scaffold_430_segment0	31902148	32428123	0.034503	0.016115	0.013014	0.016346
scaffold_430_segment0	32127863	32681614	0.029297	0.014886	0.011868	0.015729
scaffold_430_segment0	32309721	32982874	-0.006345	-0.003202	-0.002461	-0.002716
scaffold_430_segment0	32428151	33317359	0.005345	0.002068	0.001568	0.004563
scaffold_430_segment0	32682220	33541976	0.010645	0.004041	0.003084	0.007869
scaffold_430_segment0	32984257	33807473	0.067251	0.026309	0.020328	0.033083
scaffold_430_segment0	33317368	34111798	0.055828	0.021433	0.017281	0.026218
scaffold_430_segment0	33541981	34378242	0.054318	0.018628	0.014965	0.025911
scaffold_430_segment0	33808574	34788339	0.035820	0.010526	0.008756	0.016591
scaffold_430_segment0	34112917	35158616	-0.059090	-0.016451	-0.013642	-0.027258
scaffold_430_segment0	34378243	35508463	-0.034509	-0.009348	-0.007621	-0.015671
scaffold_430_segment0	34789375	35912641	-0.072994	-0.020586	-0.016379	-0.033345
scaffold_430_segment0	35158840	36222184	0.026083	0.007507	0.006015	0.011472
scaffold_430_segment0	35508471	36647555	-0.012415	-0.003175	-0.002671	-0.007003
scaffold_430_segment0	35912757	37147608	0.003069	0.000722	0.000606	-0.000597
scaffold_430_segment0	36222218	37482245	-0.018271	-0.004233	-0.003493	-0.013227
scaffold_430_segment0	36647573	37944630	-0.015123	-0.003313	-0.002735	-0.008517
scaffold_430_segment0	37147615	38199741	-0.026779	-0.006679	-0.005514	-0.011415
scaffold_430_segment0	37482284	38435126	-0.035436	-0.010633	-0.008692	-0.013149
scaffold_430_segment0	37945686	38477999	-0.042920	-0.022394	-0.017358	-0.020582
scaffold_430_segment0	38200356	38607918	-0.041534	-0.030002	-0.022255	-0.020701
scaffold_430_segment0	38435279	38961692	-0.011926	-0.006772	-0.005152	-0.009184
scaffold_430_segment0	38478003	39445396	0.002558	0.000815	0.000647	0.001300
scaffold_430_segment0	38607929	39940461	0.028731	0.006679	0.005439	0.011312
scaffold_430_segment0	38962390	40368552	0.018422	0.003771	0.003130	0.006674
scaffold_430_segment0	39445417	40748191	0.024670	0.005322	0.004425	0.008557
scaffold_430_segment0	39940474	40959543	0.024015	0.006435	0.005314	0.012843
scaffold_430_segment0	40368554	41278794	0.038222	0.012642	0.010341	0.018824
scaffold_430_segment0	40749652	41678212	0.012686	0.004047	0.003397	0.004017
scaffold_430_segment0	40960330	41750706	-0.000836	-0.000317	-0.000265	-0.004488
scaffold_430_segment0	41281282	42122913	-0.009503	-0.003287	-0.002716	-0.006155
scaffold_430_segment0	41678497	42586458	0.018392	0.006475	0.005178	0.006732
scaffold_430_segment0	41750710	42608784	0.007420	0.002902	0.002322	0.000981
scaffold_430_segment0	42125264	42841147	-0.000259	-0.000126	-0.000100	-0.003841
scaffold_430_segment0	42586463	43311435	0.021568	0.009448	0.008026	0.009891
scaffold_430_segment0	42608799	43816423	0.062983	0.016237	0.013926	0.031988
scaffold_430_segment0	42842347	44352071	0.037763	0.008392	0.007011	0.024191
scaffold_430_segment0	43311440	44872936	0.032473	0.007319	0.005997	0.018994
scaffold_430_segment0	43817073	45650823	0.055701	0.010868	0.009070	0.033405
scaffold_430_segment0	44352073	46184620	0.113567	0.019740	0.016820	0.059930
scaffold_430_segment0	44874539	46737727	0.103256	0.017929	0.015023	0.057126
scaffold_430_segment0	45655722	47009294	0.060669	0.014007	0.011366	0.032472
scaffold_430_segment0	46187345	47569163	0.032663	0.007311	0.005959	0.017369
scaffold_430_segment0	46738202	47885512	0.026308	0.006679	0.005490	0.013215
scaffold_430_segment0	47009368	48177956	-0.008707	-0.002264	-0.001812	-0.001678
scaffold_430_segment0	47569424	48587419	0.000891	0.000262	0.000209	0.005633
scaffold_430_segment0	47885516	49215021	0.013994	0.003255	0.002684	0.012178
scaffold_430_segment0	48177957	49534842	0.039691	0.008859	0.007526	0.019924
scaffold_430_segment0	48587459	49907839	0.057645	0.013761	0.011540	0.023218
scaffold_430_segment0	49216448	50276979	0.044362	0.013269	0.010701	0.016617
scaffold_430_segment0	49535364	50639589	0.046712	0.014149	0.010979	0.019679
scaffold_430_segment0	49907853	51071587	0.016265	0.005494	0.004252	0.007254
scaffold_430_segment0	50277039	51422972	-0.000419	-0.000161	-0.000125	-0.002376
scaffold_430_segment0	50639615	51581921	-0.031871	-0.015166	-0.011545	-0.016975
contig_14_segment0	11434	291855	0.034503	0.028996	0.019974	0.021350
contig_14_segment0	100994	379766	0.034744	0.028372	0.019223	0.021472
contig_14_segment0	192620	482885	0.016474	0.013751	0.009344	0.010610
contig_14_segment0	291972	595114	0.018267	0.014476	0.009918	0.013365
contig_14_segment0	380107	715302	0.006786	0.005261	0.003603	0.006055
contig_14_segment0	482934	823054	-0.010612	-0.007863	-0.005484	-0.005490
contig_14_segment0	595115	909253	-0.000913	-0.000723	-0.000489	-0.000959
contig_14_segment0	715318	1047878	0.005346	0.004199	0.002871	0.002058
contig_14_segment0	823064	1198085	-0.004689	-0.003587	-0.002408	-0.003709
contig_14_segment0	909266	1309420	-0.071396	-0.052669	-0.035673	-0.043790
contig_14_segment0	1048070	1457156	-0.083421	-0.060158	-0.041198	-0.052279
contig_14_segment0	1198087	1574602	-0.071478	-0.054274	-0.037448	-0.040386
contig_14_segment0	1309573	1585710	-0.012290	-0.012037	-0.008359	-0.004319
contig_14_segment0	1457164	1600616	-0.003794	-0.005913	-0.003967	-0.000866
contig_14_segment0	1574608	1623976	-0.008885	-0.018667	-0.012412	-0.005261
contig_14_segment0	1585728	1652543	0.004751	0.007383	0.005094	-0.002211
contig_14_segment0	1600623	1718210	0.015472	0.017888	0.012266	0.004511
contig_14_segment0	1623999	1786264	0.001019	0.000995	0.000667	-0.001978
contig_14_segment0	1652611	1838972	-0.040746	-0.036600	-0.024080	-0.026829
contig_14_segment0	1718377	1896294	-0.045457	-0.039773	-0.026380	-0.028038
contig_14_segment0	1786265	1950101	-0.018599	-0.016633	-0.011203	-0.009745
contig_14_segment0	1838974	2003842	0.009382	0.008360	0.005773	0.007219
contig_14_segment0	1896296	2067401	0.015569	0.014037	0.009539	0.010454
contig_14_segment0	1950104	2130400	-0.004156	-0.003680	-0.002477	-0.003360
contig_14_segment0	2003852	2205716	-0.012599	-0.010815	-0.007093	-0.006135
contig_14_segment0	2067463	2270770	-0.002961	-0.002622	-0.001715	-0.003414
contig_14_segment0	2130441	2340852	0.016648	0.014925	0.009654	0.009230
contig_14_segment0	2205727	2410317	0.028854	0.026165	0.016962	0.013635
contig_14_segment0	2270812	2487989	0.013717	0.012059	0.007882	0.004631
contig_14_segment0	2340930	2560885	0.001842	0.001578	0.001042	-0.001766
contig_14_segment0	2410350	2634905	-0.006174	-0.005234	-0.003493	-0.004921
contig_14_segment0	2488063	2717801	0.001540	0.001243	0.000840	0.002089
contig_14_segment0	2560886	2804454	-0.003807	-0.002920	-0.002011	-0.002176
contig_14_segment0	2634911	2897672	-0.016148	-0.011700	-0.008145	-0.009115
contig_14_segment0	2717818	2976807	-0.029175	-0.020920	-0.014600	-0.018099
contig_14_segment0	2804470	3057271	-0.008756	-0.006357	-0.004413	-0.003297
contig_14_segment0	2897699	3132157	0.019553	0.014532	0.010143	0.015109
contig_14_segment0	2976863	3213132	0.011519	0.008632	0.006037	0.012255
contig_14_segment0	3057283	3305444	0.006792	0.005182	0.003527	0.007539
contig_14_segment0	3132162	3414984	-0.005860	-0.004328	-0.002908	-0.002988
contig_14_segment0	3213143	3488683	0.009857	0.007445	0.004932	0.003838
contig_14_segment0	3305489	3585674	-0.014640	-0.010701	-0.007182	-0.008638
contig_14_segment0	3415391	3674772	-0.002109	-0.001590	-0.001057	-0.000860
contig_14_segment0	3488703	3772307	0.008505	0.006038	0.004104	0.009493
contig_14_segment0	3585694	3863612	0.017561	0.012355	0.008432	0.014382
contig_14_segment0	3675076	4013836	0.011123	0.007179	0.004986	0.010584
contig_14_segment0	3772495	4124287	0.003233	0.002180	0.001479	0.002515
contig_14_segment0	3863775	4243720	0.000072	0.000048	0.000033	-0.002492
contig_14_segment0	4013894	4333682	-0.010294	-0.007233	-0.004996	-0.008416
contig_14_segment0	4124288	4412805	-0.027791	-0.019729	-0.013529	-0.019466
contig_14_segment0	4243799	4502655	-0.040591	-0.029565	-0.020044	-0.024500
contig_14_segment0	4333755	4597822	-0.031481	-0.023515	-0.015757	-0.020506
contig_14_segment0	4412908	4679616	-0.013625	-0.009814	-0.006639	-0.009102
contig_14_segment0	4502711	4768198	0.000506	0.000376	0.000257	0.000831
contig_14_segment0	4597895	4936904	0.021980	0.017018	0.011507	0.014711
contig_14_segment0	4679625	5427924	0.067033	0.047633	0.033256	0.038698
contig_14_segment0	4768379	5524325	0.076837	0.066085	0.045836	0.036687
contig_14_segment0	4937136	5535620	0.041959	0.055421	0.038623	0.017875
contig_4_segment0	28164	469384	0.054709	0.039372	0.028333	0.037713
contig_4_segment0	276168	536704	0.053954	0.045074	0.031689	0.036229
contig_4_segment0	389135	604649	0.034941	0.032623	0.021934	0.021585
contig_4_segment0	469673	675734	0.021774	0.019903	0.013389	0.012320
contig_4_segment0	536713	748389	0.027971	0.025620	0.016785	0.014845
contig_4_segment0	605003	841450	0.061892	0.056003	0.037242	0.035531
contig_4_segment0	675908	931482	0.030115	0.029448	0.019218	0.020163
contig_4_segment0	748401	991455	0.007219	0.007079	0.004644	0.005999
contig_4_segment0	841584	1055451	-0.031937	-0.031462	-0.020341	-0.016506
contig_4_segment0	931502	1122192	0.014609	0.012966	0.008660	0.008545
contig_4_segment0	991533	1174902	0.004656	0.003984	0.002687	0.006311
contig_4_segment0	1055513	1229568	0.012509	0.010892	0.007397	0.007756
contig_4_segment0	1122201	1291285	-0.018108	-0.016011	-0.010857	-0.009429
contig_4_segment0	1175231	1347729	-0.016504	-0.014460	-0.009736	-0.008269
contig_4_segment0	1229712	1401940	-0.011358	-0.009418	-0.006382	-0.002399
contig_4_segment0	1291341	1459412	-0.020227	-0.016842	-0.011233	-0.008308
contig_4_segment0	1347734	1522773	-0.016208	-0.013156	-0.008889	-0.005160
contig_4_segment0	1401987	1589511	-0.033030	-0.026663	-0.017987	-0.016082
contig_4_segment0	1459430	1674067	-0.027332	-0.023399	-0.015628	-0.010094
contig_4_segment0	1522777	1768354	-0.016748	-0.014913	-0.009947	-0.007234
contig_4_segment0	1589512	1862988	0.003222	0.002865	0.001961	0.004076
contig_4_segment0	1674079	1943965	-0.002717	-0.002363	-0.001625	-0.002549
contig_4_segment0	1768386	2018323	-0.002798	-0.002496	-0.001704	-0.001821
contig_4_segment0	1862992	2082920	-0.004918	-0.004727	-0.003139	-0.001737
contig_4_segment0	1944077	2165905	0.026441	0.022784	0.015742	0.015194
contig_4_segment0	2018356	2256138	0.044966	0.035828	0.025482	0.025335
contig_4_segment0	2083087	2341134	0.046329	0.035227	0.024956	0.022423
contig_4_segment0	2165913	2433910	0.030490	0.023862	0.016364	0.013250
contig_4_segment0	2256141	2505368	0.008066	0.006536	0.004339	0.002894
contig_4_segment0	2341143	2598394	0.012227	0.009815	0.006646	0.004344
contig_4_segment0	2433938	2726767	0.017782	0.014777	0.010143	0.009170
contig_4_segment0	2505371	2915157	0.043869	0.033138	0.023616	0.022979
contig_4_segment0	2598426	3013241	0.042241	0.032216	0.022735	0.023912
contig_4_segment0	2726820	3116901	0.016599	0.012284	0.008592	0.010099
contig_4_segment0	2915162	3231123	-0.016528	-0.012865	-0.008729	-0.010583
contig_4_segment0	3013701	3357683	-0.015343	-0.011064	-0.007476	-0.007539
contig_4_segment0	3117140	3434045	-0.034202	-0.025285	-0.016893	-0.015739
contig_4_segment0	3231136	3531044	-0.036172	-0.026862	-0.017874	-0.013713
contig_4_segment0	3357687	3644247	-0.038760	-0.029691	-0.019993	-0.017625
contig_4_segment0	3434049	3748585	-0.012700	-0.009718	-0.006716	-0.002674
contig_4_segment0	3531047	3839850	-0.005213	-0.004083	-0.002847	-0.001304
contig_4_segment0	3644248	3942222	-0.020201	-0.016352	-0.011303	-0.010235
contig_4_segment0	3748834	4035486	-0.018018	-0.014435	-0.009879	-0.010571
contig_4_segment0	3839854	4127819	-0.013279	-0.010820	-0.007279	-0.008181
contig_4_segment0	3942232	4212017	-0.009115	-0.007604	-0.005082	-0.007795
contig_4_segment0	4035583	4348709	-0.033136	-0.026136	-0.017793	-0.021437
contig_4_segment0	4127840	4471908	-0.012460	-0.009223	-0.006504	-0.010502
contig_4_segment0	4212185	4589910	-0.016861	-0.012063	-0.008691	-0.009280
contig_4_segment0	4348714	4604363	0.012721	0.011956	0.008505	0.006977
contig_4_segment0	4471911	4720306	-0.020551	-0.020337	-0.014055	-0.011879
contig_4_segment0	4589911	4799999	-0.012218	-0.012500	-0.008417	-0.007087
contig_4_segment0	4604601	4905746	0.012206	0.009308	0.006424	0.008581
contig_4_segment0	4720325	5021262	0.004805	0.003643	0.002547	0.007310
contig_4_segment0	4800008	5112698	-0.002873	-0.002290	-0.001586	0.001557
contig_4_segment0	4905787	5239606	-0.022613	-0.017366	-0.012046	-0.013237
contig_4_segment0	5021280	5374089	-0.020474	-0.015656	-0.010551	-0.011545
contig_4_segment0	5112899	5498862	-0.017121	-0.012478	-0.008486	-0.014170
contig_4_segment0	5239638	5641283	-0.005209	-0.003875	-0.002630	-0.007127
contig_4_segment0	5374594	5751934	0.002851	0.002157	0.001483	-0.001421
contig_4_segment0	5498885	5857951	0.054115	0.038584	0.026673	0.029853
contig_4_segment0	5641350	5963368	0.055149	0.038171	0.026555	0.033051
contig_4_segment0	5751937	6081849	0.048087	0.032676	0.022950	0.028678
contig_4_segment0	5857958	6206491	-0.011646	-0.007873	-0.005519	-0.005233
contig_4_segment0	5963376	6329895	0.013340	0.010010	0.007015	0.005470
contig_4_segment0	6081982	6472669	0.034444	0.025110	0.017640	0.019549
contig_4_segment0	6206649	6615408	0.059823	0.044929	0.031958	0.035519
contig_4_segment0	6330314	6784738	0.044548	0.030951	0.021709	0.027686
contig_4_segment0	6472724	6956660	0.030106	0.020136	0.013982	0.015604
contig_4_segment0	6615411	7099342	0.011481	0.007349	0.005114	0.005538
contig_4_segment0	6784756	7246123	-0.020633	-0.012953	-0.009128	-0.013607
contig_4_segment0	6956775	7362792	-0.038556	-0.026894	-0.018846	-0.024505
contig_4_segment0	7099547	7553361	0.002384	0.001586	0.001103	-0.001835
contig_4_segment0	7246125	7732290	0.029587	0.019407	0.013391	0.014658
contig_4_segment0	7362810	7878814	0.022419	0.013458	0.009435	0.013509
contig_4_segment0	7553367	8087469	0.031379	0.018674	0.013058	0.019450
contig_4_segment0	7732357	8309802	0.035910	0.018819	0.013776	0.022428
contig_4_segment0	7878946	8466433	0.059887	0.030869	0.022652	0.036470
contig_4_segment0	8087572	8593146	0.017628	0.009647	0.007060	0.011135
contig_4_segment0	8309893	8737132	0.010256	0.006271	0.004374	0.007176
contig_4_segment0	8466471	8873144	0.017008	0.010891	0.007681	0.012531
contig_4_segment0	8593308	9110018	0.029696	0.016444	0.012052	0.022832
contig_4_segment0	8737192	9398464	0.036258	0.017903	0.013470	0.027704
contig_4_segment0	8873163	9663604	0.012995	0.005711	0.004277	0.012002
contig_4_segment0	9110358	9966285	-0.028408	-0.011659	-0.008799	-0.018863
contig_4_segment0	9398523	10266721	-0.057868	-0.023977	-0.017897	-0.038824
contig_4_segment0	9664046	10501662	-0.040600	-0.017563	-0.013264	-0.024812
contig_4_segment0	9966914	10790236	-0.027692	-0.013148	-0.009724	-0.017879
contig_4_segment0	10266890	11046166	-0.012331	-0.005910	-0.004385	-0.007956
contig_4_segment0	10501693	11241801	-0.014832	-0.007366	-0.005368	-0.008499
contig_4_segment0	10791709	11434968	0.018557	0.008983	0.006654	0.012847
contig_4_segment0	11046167	11645830	0.035169	0.017690	0.013435	0.021271
contig_4_segment0	11241867	11810279	0.001714	0.000934	0.000696	0.001555
contig_4_segment0	11435695	12010973	-0.011875	-0.007003	-0.005178	-0.005576
contig_4_segment0	11646170	12319058	-0.015319	-0.008826	-0.006466	-0.007055
contig_4_segment0	11810300	12519095	-0.026241	-0.014224	-0.010573	-0.012688
contig_4_segment0	12010979	12827969	0.004053	0.001853	0.001384	0.007337
contig_4_segment0	12319078	13091442	-0.012313	-0.005609	-0.004081	-0.002549
contig_4_segment0	12519104	13353441	0.034147	0.015471	0.011194	0.026201
contig_4_segment0	12828059	13585121	0.019301	0.010207	0.007264	0.013645
contig_4_segment0	13091811	13740603	0.020850	0.013204	0.009232	0.013968
contig_4_segment0	13353696	13908741	-0.001228	-0.000803	-0.000570	0.002240
contig_4_segment0	13585135	14089349	-0.017111	-0.011504	-0.007966	-0.007158
contig_4_segment0	13740620	14363059	-0.017339	-0.010058	-0.007085	-0.007623
contig_4_segment0	13908815	14590850	-0.002159	-0.001235	-0.000870	-0.000625
contig_4_segment0	14089431	14823979	-0.003919	-0.002155	-0.001539	-0.000339
contig_4_segment0	14363065	15092097	-0.041177	-0.023832	-0.017048	-0.020613
contig_4_segment0	14590983	15369714	-0.025030	-0.014012	-0.009889	-0.010629
contig_4_segment0	14824945	15660131	0.012221	0.006836	0.004892	0.010910
contig_4_segment0	15092108	15994382	0.014087	0.007358	0.005350	0.007273
contig_4_segment0	15369932	16302252	-0.004511	-0.002169	-0.001627	-0.001073
contig_4_segment0	15660211	16605279	-0.057284	-0.025043	-0.018930	-0.032238
contig_4_segment0	15994779	16961531	0.032974	0.013327	0.009977	0.023575
contig_4_segment0	16302923	17384698	0.035509	0.012548	0.009556	0.021622
contig_4_segment0	16605295	17660213	0.058724	0.021870	0.016476	0.033688
contig_4_segment0	16962573	17868029	-0.033741	-0.013239	-0.010111	-0.019438
contig_4_segment0	17384703	18143030	-0.033393	-0.016281	-0.012004	-0.016688
contig_4_segment0	17660289	18434596	-0.017303	-0.007543	-0.005498	-0.007126
contig_4_segment0	17868129	18744752	0.060536	0.025206	0.017613	0.037637
contig_4_segment0	18144341	19042051	0.033443	0.012769	0.008833	0.020875
contig_4_segment0	18434597	19291921	0.037707	0.015243	0.010555	0.020960
contig_4_segment0	18744756	19606885	0.026710	0.010577	0.007709	0.013528
contig_4_segment0	19042430	19723023	0.055040	0.028200	0.021065	0.024618
contig_4_segment0	19292207	20098729	0.078598	0.035102	0.027228	0.033794
contig_4_segment0	19606947	20531120	0.012272	0.004972	0.003897	0.002532
contig_4_segment0	19723025	20923147	-0.005586	-0.001885	-0.001416	-0.008408
contig_4_segment0	20098730	21121108	-0.069778	-0.027565	-0.020102	-0.039952
contig_4_segment0	20531591	21322802	-0.030762	-0.014748	-0.010274	-0.015867
contig_4_segment0	20923546	21542532	0.004724	0.002703	0.001960	0.004454
contig_4_segment0	21121115	21995380	0.033653	0.014284	0.010954	0.018766
contig_4_segment0	21322809	22582469	0.021975	0.007056	0.005648	0.013625
contig_4_segment0	21542542	23061847	0.008300	0.002096	0.001682	0.005891
contig_4_segment0	21995801	23525453	-0.006028	-0.001524	-0.001201	-0.002602
contig_4_segment0	22582491	23812284	0.001999	0.000558	0.000437	0.002206
contig_4_segment0	23061850	24452805	-0.014191	-0.003330	-0.002738	-0.006969
contig_4_segment0	23525460	24890915	-0.005223	-0.001154	-0.000979	-0.003497
contig_4_segment0	23812915	25306897	-0.026446	-0.005191	-0.004413	-0.015106
contig_4_segment0	24452908	25835345	-0.004486	-0.000955	-0.000790	-0.002699
contig_4_segment0	24890941	26443877	-0.018708	-0.003483	-0.002865	-0.009735
contig_4_segment0	25307085	26737924	-0.006049	-0.001323	-0.001088	-0.003268
contig_4_segment0	25835776	26994627	0.023442	0.006619	0.005304	0.012897
contig_4_segment0	26443882	27433931	0.015007	0.006034	0.004715	0.012223
contig_4_segment0	26737927	27843291	0.029148	0.010359	0.008230	0.018817
contig_4_segment0	26994845	28090584	0.003649	0.001239	0.000964	0.004048
contig_4_segment0	27433947	28231060	0.041520	0.016191	0.012478	0.021399
contig_4_segment0	27843772	28677773	0.004609	0.001554	0.001199	0.000329
contig_4_segment0	28090817	28884101	0.008844	0.003123	0.002512	0.002005
contig_4_segment0	28231065	29131330	0.003331	0.000933	0.000768	-0.002569
contig_4_segment0	28677779	29683464	0.028860	0.008303	0.006799	0.014114
contig_4_segment0	28884316	30394076	0.009322	0.001824	0.001550	0.006993
contig_4_segment0	29131332	30890621	0.000554	0.000101	0.000086	0.001461
contig_4_segment0	29683821	31388358	0.019366	0.003389	0.002960	0.012409
contig_4_segment0	30394084	31936859	0.026986	0.005576	0.004817	0.016871
contig_4_segment0	30892245	31995376	0.024379	0.007496	0.006389	0.014319
contig_4_segment0	31388360	32019692	-0.007514	-0.004547	-0.003688	-0.004381
contig_4_segment0	31938274	32466009	0.017992	0.011080	0.008897	0.004338
contig_4_segment0	31995377	32920336	0.017742	0.006266	0.005266	0.005648
contig_4_segment0	32019698	33446714	0.048234	0.011093	0.009275	0.024899
contig_4_segment0	32469363	33915620	0.084307	0.019220	0.016059	0.050231
contig_4_segment0	32920460	34408197	0.068835	0.014913	0.012360	0.044804
contig_4_segment0	33446729	34895096	0.089168	0.020800	0.017019	0.061643
contig_4_segment0	33915624	35377993	0.045740	0.009814	0.008008	0.034704
contig_4_segment0	34408199	35847340	0.112302	0.025400	0.020710	0.070603
contig_4_segment0	34895772	36335399	0.055313	0.012009	0.010128	0.033790
contig_4_segment0	35378806	36627557	0.076026	0.023406	0.018847	0.043114
contig_4_segment0	35847351	37083172	-0.072133	-0.028274	-0.020865	-0.034026
contig_4_segment0	36336766	37479845	-0.050740	-0.026000	-0.017421	-0.025262
contig_4_segment0	36628165	38021852	-0.088282	-0.031516	-0.022744	-0.046415
contig_4_segment0	37083198	38511292	0.022757	0.006237	0.004891	0.010825
contig_4_segment0	37479849	39132124	0.049164	0.011023	0.008879	0.030281
contig_4_segment0	38022112	39791938	0.076690	0.015394	0.012654	0.041065
contig_4_segment0	38511295	40415856	0.045326	0.008170	0.006644	0.026759
contig_4_segment0	39135190	40773318	0.058222	0.011569	0.009313	0.030423
contig_4_segment0	39792098	41244425	0.044170	0.010414	0.008247	0.026554
contig_4_segment0	40425372	41425910	0.038413	0.012871	0.010060	0.018220
contig_4_segment0	40773350	41789212	0.011865	0.003722	0.002875	0.005585
contig_4_segment0	41244583	42249794	-0.011596	-0.003592	-0.002819	-0.007990
contig_4_segment0	41428043	42626035	0.027221	0.007010	0.005200	0.011461
contig_4_segment0	41789749	42956883	0.016768	0.004807	0.003552	0.006216
contig_4_segment0	42249994	43441790	0.033807	0.009943	0.007010	0.018378
contig_4_segment0	42626401	43840296	0.021542	0.007412	0.005367	0.012689
contig_4_segment0	42957124	44299506	0.019797	0.005555	0.004251	0.011227
contig_4_segment0	43441800	44766598	0.043595	0.015789	0.012271	0.025435
contig_4_segment0	43840454	45125249	0.105296	0.043548	0.034511	0.053518
contig_4_segment0	44299520	45473026	0.113911	0.062557	0.048293	0.057709
contig_4_segment0	44766602	46082194	0.091508	0.037232	0.029975	0.042679
contig_4_segment0	45125252	46698344	0.029702	0.007885	0.006241	0.016485
contig_4_segment0	45473028	47353288	0.039215	0.007948	0.006477	0.024019
contig_4_segment0	46082202	47886267	0.049598	0.009553	0.007922	0.032361
contig_4_segment0	46698348	48400044	0.056140	0.011126	0.009534	0.035149
contig_4_segment0	47353289	48905931	0.051436	0.010663	0.009025	0.031254
contig_4_segment0	47887289	49419009	0.034203	0.007237	0.006089	0.020828
contig_4_segment0	48400155	49848375	0.034182	0.007330	0.006171	0.019784
contig_4_segment0	48906290	50304499	0.047001	0.012007	0.009736	0.026913
contig_4_segment0	49419029	50952578	0.060717	0.015173	0.012028	0.035602
contig_4_segment0	49848377	51424633	0.083094	0.022150	0.017342	0.049524
contig_4_segment0	50304777	51907994	0.070829	0.016573	0.013295	0.041877
contig_4_segment0	50952616	52500846	0.076854	0.017424	0.014326	0.045371
contig_4_segment0	51424647	53272769	0.057876	0.011891	0.009735	0.037314
contig_4_segment0	51908024	53813034	0.061914	0.012325	0.010174	0.039748
contig_4_segment0	52506763	54518546	0.021007	0.003906	0.003205	0.019131
contig_4_segment0	53273292	54606861	0.014889	0.003644	0.002993	0.013253
scaffold_13_segment0	3874	241564	-0.000547	-0.000670	-0.000456	-0.002326
scaffold_13_segment0	14426	385815	0.024113	0.019343	0.013825	0.012576
scaffold_13_segment0	86678	580335	0.067007	0.048997	0.034920	0.038793
scaffold_13_segment0	241593	766701	0.063350	0.045558	0.032082	0.039348
scaffold_13_segment0	386084	1084734	0.030928	0.018286	0.013223	0.021071
scaffold_13_segment0	580337	1237093	0.000797	0.000451	0.000334	0.002806
scaffold_13_segment0	766712	1591346	-0.000072	-0.000034	-0.000027	0.001090
