chr	windowStart	windowEnd	D	f_d	f_dM	d_f
contig_1888_segment0	55371	494813	0.021461	0.046150	0.029329	0.008039
contig_1888_segment0	254834	704156	0.015329	0.037440	0.023193	0.005977
contig_1888_segment0	349106	869472	0.031193	0.071779	0.046028	0.014107
contig_1888_segment0	494842	923599	0.004029	0.009597	0.005941	0.002475
contig_1888_segment0	704168	1038637	0.011950	0.027901	0.017277	0.004896
contig_1888_segment0	870769	1095748	-0.009804	-0.026059	-0.015272	-0.005229
contig_1888_segment0	923600	1276527	0.024179	0.037076	0.026056	0.010255
contig_1888_segment0	1038645	1511970	0.013116	0.011682	0.008484	0.007829
contig_1888_segment0	1096045	1881626	0.070935	0.036274	0.027854	0.035848
contig_1888_segment0	1276529	2047092	0.039491	0.020194	0.014829	0.020120
contig_1888_segment0	1512576	2243612	0.056057	0.032319	0.023462	0.026883
contig_1888_segment0	1881686	2403443	-0.029110	-0.024253	-0.016307	-0.012930
contig_1888_segment0	2047122	2579707	-0.000520	-0.000439	-0.000302	0.001493
contig_1888_segment0	2243626	2703924	-0.019019	-0.016872	-0.011024	-0.010075
contig_1888_segment0	2403450	2817637	0.012915	0.012005	0.007552	0.005025
contig_1888_segment0	2579724	2900872	0.003944	0.003682	0.002255	-0.000618
contig_1888_segment0	2703942	2975047	0.010764	0.010386	0.006539	0.005457
contig_1888_segment0	2817664	3062276	0.049204	0.047864	0.030600	0.024208
contig_1888_segment0	2901140	3138184	0.058367	0.059538	0.039480	0.030679
contig_1888_segment0	2975097	3202588	0.069557	0.070984	0.046580	0.035200
contig_1888_segment0	3062292	3304908	0.054607	0.050033	0.033372	0.029992
contig_1888_segment0	3138469	3420012	0.159755	0.133286	0.086626	0.087132
contig_1888_segment0	3202673	3563087	0.138935	0.103023	0.069039	0.080063
contig_1888_segment0	3304915	3710009	0.081258	0.064593	0.041180	0.050856
contig_1888_segment0	3420042	3819584	-0.002934	-0.002535	-0.001557	0.006211
contig_1888_segment0	3563182	3940807	-0.040651	-0.040367	-0.023534	-0.018453
contig_1888_segment0	3710039	4035586	-0.020963	-0.021091	-0.012780	-0.008203
contig_1888_segment0	3819593	4134463	-0.055253	-0.055191	-0.034256	-0.025433
contig_1888_segment0	3941005	4210481	-0.035173	-0.036795	-0.022058	-0.011354
contig_1888_segment0	4035742	4286421	-0.023520	-0.023377	-0.014182	-0.006423
contig_1888_segment0	4134499	4377544	-0.021264	-0.020887	-0.012873	-0.009958
contig_1888_segment0	4210515	4477559	0.000837	0.000747	0.000486	0.000679
contig_1888_segment0	4286490	4596108	0.002274	0.001860	0.001216	0.002891
contig_1888_segment0	4377548	4713601	-0.002994	-0.002293	-0.001512	0.000740
contig_1888_segment0	4477758	4811768	-0.037107	-0.027859	-0.018302	-0.017511
contig_1888_segment0	4596169	4875857	-0.040974	-0.035137	-0.022793	-0.020303
contig_1888_segment0	4713602	4950111	-0.032819	-0.032456	-0.020429	-0.013571
contig_1888_segment0	4811806	5041477	0.004888	0.005178	0.003221	0.003606
contig_1888_segment0	4875867	5114630	0.008093	0.008708	0.005473	0.006714
contig_1888_segment0	4950157	5197323	0.023372	0.023264	0.014798	0.010594
contig_1888_segment0	5041729	5281699	0.022470	0.022802	0.014535	0.008561
contig_1888_segment0	5114701	5360137	0.028025	0.026908	0.017340	0.009399
contig_1888_segment0	5197324	5438463	0.018836	0.020300	0.012944	0.005351
contig_1888_segment0	5281712	5506183	0.025621	0.028688	0.018342	0.010012
contig_1888_segment0	5360190	5564264	0.031184	0.038478	0.023341	0.013151
contig_1888_segment0	5438504	5642000	0.006408	0.007368	0.004545	0.002323
contig_1888_segment0	5506205	5717049	-0.005351	-0.006066	-0.003632	-0.004331
contig_1888_segment0	5564281	5808628	0.006477	0.006130	0.003897	0.001299
contig_1888_segment0	5642276	5932837	0.019348	0.017129	0.010852	0.007236
contig_1888_segment0	5717250	6053838	0.059346	0.049162	0.032617	0.030460
contig_1888_segment0	5808704	6144382	0.029331	0.026424	0.017247	0.017510
contig_1888_segment0	5932958	6215858	0.029169	0.029433	0.018962	0.019482
contig_1888_segment0	6053990	6286252	0.001315	0.001460	0.000894	0.002968
contig_1888_segment0	6144397	6386709	0.007545	0.008687	0.005192	0.005054
contig_1888_segment0	6215922	6493314	-0.007861	-0.007866	-0.004877	-0.002030
contig_1888_segment0	6286313	6602997	-0.003467	-0.003210	-0.002044	0.000934
contig_1888_segment0	6386966	6716029	0.017876	0.015595	0.010065	0.013786
contig_1888_segment0	6493388	6836827	0.011947	0.010853	0.006833	0.010434
contig_1888_segment0	6603040	6934491	0.009747	0.008660	0.005511	0.009401
contig_1888_segment0	6716046	7031457	-0.053203	-0.047986	-0.029067	-0.025005
contig_1888_segment0	6837044	7119221	-0.021947	-0.019142	-0.011893	-0.011419
contig_1888_segment0	6934511	7188368	-0.027822	-0.026247	-0.015386	-0.015442
contig_1888_segment0	7031508	7251227	0.018747	0.018799	0.011286	0.009281
contig_1888_segment0	7119250	7318605	0.013785	0.014796	0.008644	0.008165
contig_1888_segment0	7188371	7381267	0.004310	0.004558	0.002747	0.001944
contig_1888_segment0	7251335	7437268	0.002068	0.002161	0.001310	0.001770
contig_1888_segment0	7318621	7494120	0.001495	0.001564	0.000928	0.003162
contig_1888_segment0	7381302	7545943	-0.004280	-0.004630	-0.002720	0.001179
contig_1888_segment0	7437281	7594533	-0.007280	-0.007738	-0.004594	-0.001912
contig_1888_segment0	7494121	7649571	-0.016058	-0.016502	-0.010105	-0.005825
contig_1888_segment0	7546007	7706494	-0.010709	-0.010324	-0.006443	-0.004524
contig_1888_segment0	7594545	7760507	-0.002190	-0.002207	-0.001354	-0.001134
contig_1888_segment0	7649573	7805425	0.003264	0.003594	0.002166	0.002283
contig_1888_segment0	7706551	7867295	-0.011399	-0.013346	-0.007740	-0.002526
contig_1888_segment0	7760533	7926279	-0.029392	-0.032366	-0.019471	-0.009348
contig_1888_segment0	7805427	7983710	-0.025897	-0.026068	-0.016010	-0.008529
contig_1888_segment0	7867296	8048138	-0.010063	-0.009688	-0.006144	-0.000320
contig_1888_segment0	7926287	8108861	0.003389	0.003308	0.002105	0.005085
contig_1888_segment0	7983721	8173393	-0.006732	-0.006690	-0.004259	-0.001413
contig_1888_segment0	8048187	8230917	-0.021812	-0.022337	-0.014259	-0.007776
contig_1888_segment0	8108972	8286233	-0.019343	-0.019168	-0.011973	-0.007929
contig_1888_segment0	8173706	8349767	-0.018474	-0.019182	-0.011741	-0.007397
contig_1888_segment0	8231030	8417768	0.010412	0.010487	0.006341	0.005244
contig_1888_segment0	8286286	8491818	-0.015649	-0.015898	-0.009749	-0.008524
contig_1888_segment0	8350037	8571828	0.014827	0.014419	0.009168	0.008093
contig_1888_segment0	8417771	8636372	-0.002911	-0.002984	-0.001880	-0.000963
contig_1888_segment0	8491967	8712429	0.012748	0.013570	0.008359	0.008507
contig_1888_segment0	8571961	8790945	-0.001436	-0.001574	-0.000952	0.000058
contig_1888_segment0	8636376	8900868	-0.000990	-0.000999	-0.000624	-0.002940
contig_1888_segment0	8712442	9001933	-0.029110	-0.029762	-0.017433	-0.019096
contig_1888_segment0	8790946	9092520	-0.018761	-0.018415	-0.010664	-0.013071
contig_1888_segment0	8900912	9229738	0.007295	0.007078	0.004013	0.006303
contig_1888_segment0	9001953	9329410	0.051792	0.047777	0.028875	0.030325
contig_1888_segment0	9092565	9509037	0.019635	0.016989	0.010527	0.011625
contig_1888_segment0	9229839	9652593	-0.027710	-0.023568	-0.014796	-0.013681
contig_1888_segment0	9329549	9762445	-0.041910	-0.035315	-0.022558	-0.018072
contig_1888_segment0	9509428	9850972	-0.032147	-0.027514	-0.017687	-0.015906
contig_1888_segment0	9652687	9934489	0.006445	0.005585	0.003657	0.004368
contig_1888_segment0	9762495	10013400	0.006641	0.005784	0.003756	0.004847
contig_1888_segment0	9851056	10122158	-0.011899	-0.011202	-0.007161	-0.003398
contig_1888_segment0	9934609	10268118	-0.000313	-0.000289	-0.000184	0.000476
contig_1888_segment0	10013543	10430471	0.001547	0.001323	0.000850	-0.000005
contig_1888_segment0	10122180	10553701	0.000333	0.000291	0.000179	-0.000583
contig_1888_segment0	10268126	10632715	-0.004898	-0.004402	-0.002727	-0.001479
contig_1888_segment0	10430895	10704764	-0.004165	-0.004094	-0.002489	-0.003573
contig_1888_segment0	10553736	10780265	0.025445	0.022921	0.014754	0.012278
contig_1888_segment0	10632776	10846937	0.006837	0.006622	0.004150	0.002449
contig_1888_segment0	10704810	10929928	0.012308	0.011624	0.007406	0.010119
contig_1888_segment0	10780513	11037677	-0.002825	-0.002827	-0.001759	0.001577
contig_1888_segment0	10846965	11420574	0.040240	0.031405	0.019720	0.025449
contig_1888_segment0	10929947	11613922	0.040243	0.037693	0.023304	0.022635
contig_235_segment0	4565	54517	-0.015871	-0.072612	-0.037034	-0.005407
contig_235_segment0	11529	64275	-0.014439	-0.063043	-0.033113	-0.004146
contig_235_segment0	40096	73477	-0.007516	-0.033712	-0.017881	-0.000956
contig_235_segment0	54519	90815	-0.015918	-0.079247	-0.039605	-0.003771
contig_235_segment0	64282	107947	-0.011452	-0.054877	-0.027771	-0.002098
contig_235_segment0	73480	127816	-0.014014	-0.061229	-0.033032	-0.003137
contig_235_segment0	90816	136153	-0.003206	-0.013891	-0.007559	0.000043
contig_235_segment0	107948	167885	-0.008162	-0.032698	-0.018597	-0.003714
scaffold_335_segment0	136173	226359	-0.009563	-0.027604	-0.016013	-0.008067
scaffold_335_segment0	167886	323038	0.005062	0.013391	0.007637	-0.001332
scaffold_335_segment0	91672	758428	0.021438	0.034714	0.021656	0.007462
scaffold_335_segment0	227212	994246	0.031044	0.033924	0.022816	0.016247
scaffold_335_segment0	323047	1174047	0.054931	0.045124	0.031001	0.029608
scaffold_335_segment0	758457	1275673	0.076057	0.063512	0.043227	0.038186
scaffold_335_segment0	994704	1285115	0.060706	0.070469	0.045979	0.028731
scaffold_335_segment0	1174157	1292564	0.025754	0.053948	0.032827	0.011403
scaffold_335_segment0	1275677	1398446	-0.015167	-0.031048	-0.019085	-0.005016
scaffold_335_segment0	1285116	1590087	-0.007950	-0.009266	-0.006005	-0.003055
scaffold_335_segment0	1292571	1783695	0.022317	0.017262	0.011284	0.013114
scaffold_335_segment0	1398459	1965005	0.027047	0.019367	0.012641	0.016336
scaffold_335_segment0	1590283	2135452	0.013587	0.009690	0.006335	0.008415
scaffold_335_segment0	1784300	2287528	-0.007089	-0.005359	-0.003541	-0.002673
scaffold_335_segment0	1965018	2401022	-0.008537	-0.006759	-0.004429	-0.007075
scaffold_335_segment0	2135456	2484644	-0.012147	-0.010638	-0.006760	-0.008817
scaffold_335_segment0	2287545	2568273	-0.007943	-0.007377	-0.004646	-0.006295
scaffold_335_segment0	2401413	2668575	-0.009055	-0.009409	-0.005770	-0.005578
scaffold_335_segment0	2484747	2773601	0.028443	0.028782	0.018018	0.015015
scaffold_335_segment0	2568284	2825974	0.033780	0.036436	0.022559	0.019414
scaffold_335_segment0	2668576	2936184	0.035924	0.031000	0.020111	0.021159
scaffold_335_segment0	2773768	3088627	-0.036725	-0.028874	-0.018941	-0.013694
scaffold_335_segment0	2827142	3221678	-0.094722	-0.068425	-0.045504	-0.047296
scaffold_335_segment0	2936204	3368448	-0.084839	-0.064857	-0.042474	-0.042995
scaffold_335_segment0	3088728	3461921	-0.029541	-0.022726	-0.015161	-0.014788
scaffold_335_segment0	3221680	3556421	-0.019543	-0.014810	-0.009620	-0.008368
scaffold_335_segment0	3368603	3641023	-0.045882	-0.035521	-0.023197	-0.020999
scaffold_335_segment0	3461969	3736454	-0.032087	-0.026600	-0.017056	-0.014694
scaffold_335_segment0	3556443	3838280	-0.010085	-0.009103	-0.005824	-0.006284
scaffold_335_segment0	3641358	3929096	-0.011059	-0.009086	-0.006090	-0.005071
scaffold_335_segment0	3736467	4020564	-0.033585	-0.028477	-0.018574	-0.017603
scaffold_335_segment0	3838522	4127355	-0.004235	-0.003363	-0.002219	-0.000622
scaffold_335_segment0	3929182	4192132	-0.006562	-0.006187	-0.003905	-0.003944
scaffold_335_segment0	4020575	4329273	-0.038473	-0.031157	-0.020360	-0.018220
scaffold_335_segment0	4127366	4499769	-0.004703	-0.003723	-0.002488	-0.001874
scaffold_335_segment0	4192403	4619871	0.002133	0.001514	0.001017	0.003737
scaffold_335_segment0	4329288	4728694	0.024269	0.018005	0.012115	0.014836
scaffold_335_segment0	4499805	4806054	-0.037059	-0.031338	-0.019969	-0.014447
scaffold_335_segment0	4619884	4884049	-0.025630	-0.024084	-0.014838	-0.012452
scaffold_335_segment0	4728733	4968695	0.003960	0.004156	0.002456	0.000916
scaffold_335_segment0	4806056	5056532	0.012841	0.012237	0.007419	0.002528
scaffold_335_segment0	4884061	5136618	0.004496	0.004247	0.002587	0.001016
scaffold_335_segment0	4968787	5196652	0.000443	0.000424	0.000264	-0.000498
scaffold_335_segment0	5056558	5222681	0.012257	0.013782	0.008661	0.005137
scaffold_335_segment0	5136819	5325119	0.011247	0.013229	0.008171	0.005957
scaffold_335_segment0	5196668	5463496	-0.003873	-0.004040	-0.002545	-0.001455
scaffold_335_segment0	5222686	5587508	-0.011342	-0.009943	-0.006451	-0.002526
scaffold_335_segment0	5325178	5663866	-0.015416	-0.013754	-0.009195	-0.009024
scaffold_335_segment0	5463509	5738619	-0.010728	-0.010042	-0.006639	-0.005894
scaffold_335_segment0	5587509	5846326	-0.016331	-0.015442	-0.010172	-0.008762
scaffold_335_segment0	5663873	5943894	0.010943	0.010225	0.006711	0.008519
scaffold_335_segment0	5738655	6018063	0.027138	0.025636	0.016743	0.017562
scaffold_335_segment0	5846387	6095134	0.008153	0.007860	0.005060	0.005062
scaffold_335_segment0	5943901	6153861	0.009385	0.008534	0.005535	0.008129
scaffold_335_segment0	6018074	6238980	-0.020943	-0.016684	-0.011001	-0.008642
scaffold_335_segment0	6095274	6314517	-0.003362	-0.002513	-0.001671	0.002610
scaffold_335_segment0	6153870	6392530	-0.001085	-0.000769	-0.000521	-0.001509
scaffold_335_segment0	6239056	6457379	0.005752	0.004596	0.003059	0.001032
scaffold_335_segment0	6314686	6538651	-0.001113	-0.000908	-0.000598	-0.002213
scaffold_335_segment0	6392631	6590512	-0.048131	-0.044128	-0.027748	-0.023744
scaffold_335_segment0	6457410	6645542	-0.013770	-0.012905	-0.008201	-0.006268
scaffold_335_segment0	6538668	6668403	-0.006945	-0.008601	-0.005300	-0.004930
scaffold_335_segment0	6590531	6700247	-0.040952	-0.053429	-0.031528	-0.028068
scaffold_335_segment0	6645548	6753634	-0.067327	-0.093055	-0.055803	-0.037742
scaffold_335_segment0	6668412	6869092	-0.063462	-0.064094	-0.040722	-0.034779
scaffold_335_segment0	6700251	6963339	-0.007634	-0.006946	-0.004566	0.002998
scaffold_335_segment0	6753855	7078749	-0.017446	-0.014003	-0.009094	-0.004247
scaffold_335_segment0	6869183	7174846	-0.022501	-0.017888	-0.011603	-0.005353
scaffold_335_segment0	6963446	7261251	0.009979	0.007885	0.005219	0.006890
scaffold_335_segment0	7078750	7340495	0.002290	0.001804	0.001191	0.006663
scaffold_335_segment0	7174877	7445527	0.001960	0.001481	0.000990	0.004032
scaffold_335_segment0	7261261	7624078	0.041628	0.029584	0.020194	0.017978
scaffold_335_segment0	7340660	7786199	0.054210	0.036411	0.024903	0.022597
scaffold_335_segment0	7445607	7903692	0.092313	0.062507	0.043627	0.042220
scaffold_335_segment0	7624244	8093300	0.035195	0.024460	0.016308	0.018978
scaffold_335_segment0	7786205	8213438	0.044004	0.034403	0.022608	0.025369
scaffold_335_segment0	7903730	8364797	0.020811	0.016828	0.010838	0.016120
scaffold_335_segment0	8094673	8529556	0.047206	0.033925	0.023052	0.026743
scaffold_335_segment0	8213444	8654399	0.025828	0.017861	0.012177	0.012750
scaffold_335_segment0	8364798	8786793	0.008235	0.005635	0.003780	0.001059
scaffold_335_segment0	8529558	8939395	-0.021253	-0.016014	-0.010582	-0.013304
scaffold_335_segment0	8654402	9057313	-0.013109	-0.009501	-0.006535	-0.008965
scaffold_335_segment0	8786939	9178255	-0.014935	-0.010934	-0.007574	-0.006622
scaffold_335_segment0	8939422	9304152	-0.016296	-0.012186	-0.008531	-0.008364
scaffold_335_segment0	9057315	9493137	0.003463	0.002505	0.001775	0.001947
scaffold_335_segment0	9178287	9690104	-0.004495	-0.003139	-0.002240	-0.004390
scaffold_335_segment0	9304516	9831282	0.003190	0.002185	0.001491	0.002506
scaffold_335_segment0	9493183	10028187	0.018422	0.013282	0.008860	0.007781
scaffold_335_segment0	9690578	10217987	0.023555	0.018682	0.011839	0.013309
scaffold_335_segment0	9831687	10386455	0.027199	0.021373	0.013941	0.013994
scaffold_335_segment0	10028465	10591607	-0.037549	-0.024783	-0.016544	-0.017527
scaffold_335_segment0	10218614	10753865	0.002518	0.001444	0.001015	0.003613
scaffold_335_segment0	10386469	10926780	-0.033868	-0.019136	-0.013531	-0.015376
scaffold_335_segment0	10591681	11039722	0.044971	0.030707	0.021848	0.023529
scaffold_335_segment0	10753882	11260175	0.009438	0.006752	0.004970	0.005738
scaffold_335_segment0	10926816	11435607	0.075349	0.056253	0.040080	0.037380
scaffold_335_segment0	11039764	11563332	0.042792	0.031900	0.022036	0.022995
scaffold_335_segment0	11260703	11659542	0.052597	0.045878	0.029654	0.024374
scaffold_335_segment0	11435714	11831306	0.050150	0.038553	0.026375	0.018359
scaffold_335_segment0	11563847	12009183	-0.075856	-0.056002	-0.036739	-0.035413
scaffold_335_segment0	11659581	12161659	-0.101822	-0.066645	-0.044382	-0.041243
scaffold_335_segment0	11831448	12311662	-0.062118	-0.039707	-0.025839	-0.018569
scaffold_335_segment0	12009260	12421763	0.094769	0.059242	0.039486	0.050824
scaffold_335_segment0	12161934	12523350	0.109802	0.070738	0.047523	0.052389
scaffold_335_segment0	12311682	12776162	0.053335	0.033831	0.023592	0.019314
scaffold_335_segment0	12421841	12958587	0.005214	0.002987	0.002026	0.003084
scaffold_335_segment0	12523417	13126605	-0.117042	-0.071431	-0.045547	-0.055862
scaffold_335_segment0	12776187	13305937	-0.130384	-0.086430	-0.052764	-0.066908
scaffold_335_segment0	12958609	13512952	-0.140717	-0.091964	-0.058437	-0.071103
scaffold_335_segment0	13126762	13696236	-0.015135	-0.008930	-0.006143	-0.005723
scaffold_335_segment0	13305963	13913788	0.066879	0.043211	0.029244	0.031160
scaffold_335_segment0	13512985	14084449	0.054833	0.033971	0.023718	0.025661
scaffold_335_segment0	13696252	14309326	0.070334	0.041854	0.028308	0.035748
scaffold_335_segment0	13913879	14601373	-0.029564	-0.014415	-0.009991	-0.017321
scaffold_335_segment0	14084450	14868806	-0.049776	-0.023054	-0.016120	-0.025861
scaffold_335_segment0	14309393	15262346	-0.081978	-0.033177	-0.023927	-0.039376
scaffold_335_segment0	14601520	15498079	-0.046410	-0.018717	-0.014054	-0.018300
scaffold_335_segment0	14868875	15793395	-0.004690	-0.001985	-0.001466	0.001849
scaffold_335_segment0	15262473	16083848	-0.007893	-0.003712	-0.002607	0.001280
scaffold_335_segment0	15498420	16420384	0.029162	0.013239	0.009089	0.017468
scaffold_335_segment0	15793617	16642077	0.049119	0.022767	0.015502	0.024207
scaffold_335_segment0	16083865	16830744	0.082517	0.040164	0.027396	0.039872
scaffold_335_segment0	16420735	16955296	0.044724	0.025859	0.016808	0.017375
scaffold_335_segment0	16642082	17058864	0.032735	0.021283	0.013630	0.013578
scaffold_335_segment0	16830771	17200737	-0.009656	-0.006586	-0.004164	-0.008954
scaffold_335_segment0	16955314	17350506	0.023635	0.016114	0.010435	0.010981
scaffold_335_segment0	17058965	17554379	0.007985	0.004520	0.003073	0.004937
scaffold_335_segment0	17200789	17750638	0.041793	0.023913	0.016837	0.021014
scaffold_335_segment0	17351165	17877154	0.018194	0.011045	0.007607	0.010291
scaffold_335_segment0	17554390	18026364	0.068255	0.042792	0.029809	0.033587
scaffold_335_segment0	17750781	18165918	0.035051	0.021394	0.014649	0.018858
scaffold_335_segment0	17877163	18304885	0.033938	0.018941	0.013229	0.020125
scaffold_335_segment0	18026372	18470595	-0.006494	-0.003898	-0.002565	0.000122
scaffold_335_segment0	18165976	18646211	0.001451	0.000867	0.000580	0.003533
scaffold_335_segment0	18304889	18838771	0.020802	0.012291	0.008173	0.012697
scaffold_335_segment0	18470598	19003290	0.013811	0.007703	0.005347	0.009430
scaffold_335_segment0	18646291	19244797	-0.004147	-0.002359	-0.001599	-0.001501
scaffold_335_segment0	18838790	19509463	0.001514	0.001024	0.000711	-0.000121
scaffold_335_segment0	19003326	19767554	-0.009927	-0.006521	-0.004547	-0.003978
scaffold_335_segment0	19244865	20028047	0.020990	0.013965	0.009564	0.009014
scaffold_335_segment0	19509620	20252339	0.036029	0.022643	0.014371	0.013153
scaffold_335_segment0	19767555	20476772	0.091666	0.060011	0.038703	0.038306
scaffold_335_segment0	20028174	20729646	0.062985	0.043010	0.027633	0.026049
scaffold_335_segment0	20252815	20891726	0.027397	0.018716	0.012592	0.012720
scaffold_335_segment0	20476984	21131193	-0.006904	-0.005267	-0.003293	-0.002478
scaffold_335_segment0	20729865	21337184	-0.000961	-0.000656	-0.000439	0.000920
scaffold_335_segment0	20891736	21522563	0.007821	0.005124	0.003563	0.003615
scaffold_335_segment0	21131826	21751487	-0.027728	-0.017714	-0.012824	-0.008162
scaffold_335_segment0	21337212	21921991	0.007038	0.005601	0.003883	0.002779
scaffold_335_segment0	21522679	22135546	-0.020266	-0.015139	-0.010243	-0.005744
scaffold_335_segment0	21751653	22319920	0.015848	0.010687	0.007420	0.006212
scaffold_335_segment0	21921993	22549121	0.001514	0.000888	0.000638	0.000463
scaffold_335_segment0	22135559	22865999	0.016141	0.008169	0.005996	0.005078
scaffold_335_segment0	22320235	23037640	-0.005358	-0.003040	-0.002170	-0.003840
scaffold_335_segment0	22550301	23445566	-0.004959	-0.002353	-0.001741	-0.002035
scaffold_335_segment0	22866254	23894857	0.069528	0.027067	0.019415	0.040539
scaffold_335_segment0	23037642	24411878	0.054852	0.016125	0.011560	0.036121
scaffold_335_segment0	23445839	24788621	0.052226	0.015089	0.010981	0.037678
scaffold_335_segment0	23894861	25497304	0.018106	0.004963	0.003787	0.010811
scaffold_335_segment0	24411895	26049018	0.039038	0.010179	0.008282	0.021000
scaffold_335_segment0	24789098	26484766	0.065162	0.014400	0.011930	0.027186
scaffold_335_segment0	25497309	26723178	0.028300	0.007242	0.005873	0.013412
scaffold_335_segment0	26049476	26859947	-0.010533	-0.004112	-0.003140	-0.004832
scaffold_335_segment0	26484811	27023105	-0.062929	-0.040391	-0.026545	-0.026300
scaffold_335_segment0	26723215	27249480	-0.089394	-0.077437	-0.046194	-0.035064
scaffold_335_segment0	26859950	27469323	-0.014179	-0.011814	-0.007462	-0.004753
scaffold_335_segment0	27023106	27611048	0.012557	0.011104	0.007261	0.006412
scaffold_335_segment0	27249484	27790965	0.018968	0.017559	0.011101	0.008977
scaffold_335_segment0	27469839	28140466	0.011696	0.008131	0.005256	0.008360
scaffold_335_segment0	27611565	28373422	0.023510	0.015284	0.010365	0.014044
scaffold_335_segment0	27790966	28714486	0.035495	0.023218	0.015921	0.018073
scaffold_335_segment0	28142703	29031596	0.026609	0.016465	0.012099	0.012872
scaffold_335_segment0	28373430	29117914	0.028915	0.020748	0.015164	0.010749
scaffold_335_segment0	28714503	29510741	0.057095	0.030796	0.023599	0.022870
scaffold_335_segment0	29031615	29750209	0.051583	0.034777	0.025954	0.019221
scaffold_335_segment0	29117919	30028370	0.077256	0.040915	0.030295	0.034262
scaffold_335_segment0	29510759	30321952	0.078282	0.046948	0.034731	0.032829
scaffold_335_segment0	29751594	30578384	0.037772	0.020552	0.015299	0.020836
scaffold_335_segment0	30028562	30742080	-0.045428	-0.024605	-0.018365	-0.016124
scaffold_335_segment0	30321964	30894835	-0.152280	-0.081016	-0.059624	-0.058314
scaffold_335_segment0	30578386	30977815	-0.074275	-0.045214	-0.032741	-0.033968
scaffold_335_segment0	30742097	31095243	-0.135811	-0.091888	-0.063017	-0.061511
scaffold_335_segment0	30895063	31303446	-0.079080	-0.050882	-0.034479	-0.038665
scaffold_335_segment0	30977988	31541573	-0.090972	-0.054154	-0.035796	-0.039492
scaffold_335_segment0	31095251	31799790	0.020744	0.009329	0.006851	0.016115
scaffold_335_segment0	31303583	32081531	0.059175	0.026896	0.020828	0.027118
scaffold_335_segment0	31542086	32400080	0.025671	0.010277	0.008675	0.008910
scaffold_335_segment0	31799884	32913640	0.024450	0.009553	0.007767	0.011488
scaffold_335_segment0	32086170	33238459	0.124442	0.051710	0.040898	0.052904
scaffold_335_segment0	32400082	33556686	0.135234	0.057276	0.044458	0.060613
scaffold_335_segment0	32914438	33849785	0.139432	0.053428	0.041778	0.064328
scaffold_335_segment0	33238475	34093776	0.146236	0.058574	0.043646	0.069948
scaffold_335_segment0	33556693	34351496	0.159474	0.059154	0.044594	0.064183
scaffold_335_segment0	33850480	34656881	0.177640	0.087275	0.063977	0.067091
scaffold_335_segment0	34093883	34840138	0.137104	0.076278	0.057113	0.042802
scaffold_335_segment0	34351844	34921951	0.113854	0.106621	0.072746	0.041904
scaffold_335_segment0	34656891	35045241	0.125137	0.151929	0.098369	0.053111
scaffold_335_segment0	34840486	35224117	0.104656	0.102697	0.071204	0.043787
scaffold_335_segment0	34922165	35503630	0.088904	0.068250	0.049982	0.035524
scaffold_335_segment0	35045254	35797445	0.019133	0.014091	0.009680	0.008467
scaffold_335_segment0	35224455	36004719	-0.002101	-0.001599	-0.001054	0.001504
scaffold_335_segment0	35503913	36399507	-0.010168	-0.006588	-0.004440	-0.002213
scaffold_335_segment0	35797698	36672544	0.045062	0.030393	0.019953	0.020805
scaffold_335_segment0	36004756	36954677	0.054313	0.036353	0.022655	0.027347
scaffold_335_segment0	36399679	37169875	0.094583	0.063921	0.040125	0.048264
scaffold_335_segment0	36672652	37301233	0.075770	0.051271	0.032587	0.040894
scaffold_335_segment0	36954814	37447091	0.097071	0.064296	0.044217	0.044966
scaffold_335_segment0	37169887	37570389	0.064298	0.051405	0.033206	0.026790
scaffold_335_segment0	37301307	37749650	0.079892	0.063061	0.041650	0.032225
scaffold_335_segment0	37447123	37973853	0.053767	0.041729	0.027649	0.023631
scaffold_335_segment0	37570394	38175261	0.067788	0.046423	0.031569	0.030917
scaffold_335_segment0	37749668	38446340	0.057326	0.033549	0.024012	0.026119
scaffold_335_segment0	37973894	38723414	0.057402	0.037370	0.024200	0.023960
scaffold_335_segment0	38175291	38882754	0.070239	0.052455	0.032173	0.027611
scaffold_335_segment0	38446363	39069298	0.007853	0.008046	0.004364	0.002447
scaffold_335_segment0	38724608	39207436	-0.009310	-0.010391	-0.006269	-0.004049
scaffold_335_segment0	38883114	39403458	-0.020919	-0.018854	-0.011793	-0.008045
scaffold_335_segment0	39069686	39574827	0.039212	0.029916	0.019924	0.019978
scaffold_335_segment0	39207467	39803636	0.061120	0.043818	0.030335	0.033826
scaffold_335_segment0	39405137	40078778	0.050624	0.031690	0.023152	0.026111
scaffold_335_segment0	39574857	40247270	0.014686	0.009340	0.006503	0.010179
scaffold_335_segment0	39803860	40388554	-0.015948	-0.010561	-0.006927	-0.007588
scaffold_335_segment0	40078827	40483169	-0.014097	-0.012856	-0.007397	-0.005062
scaffold_335_segment0	40247455	40593117	0.021909	0.023044	0.012922	0.010797
scaffold_335_segment0	40388555	40712620	0.093877	0.100520	0.056359	0.048940
scaffold_335_segment0	40483191	40837994	0.096387	0.091739	0.054170	0.042568
scaffold_335_segment0	40593145	40937382	0.122662	0.112064	0.066203	0.050160
scaffold_335_segment0	40712631	41070023	0.050899	0.045041	0.027345	0.018101
scaffold_335_segment0	40838004	41219031	0.094254	0.079331	0.048924	0.040211
scaffold_335_segment0	40937487	41432976	0.027307	0.020233	0.012876	0.014778
scaffold_335_segment0	41070286	41560519	0.037278	0.030321	0.019551	0.018050
scaffold_335_segment0	41219270	41721611	0.051135	0.043732	0.027880	0.023665
scaffold_335_segment0	41432981	41876074	0.087224	0.084831	0.052433	0.039155
scaffold_335_segment0	41560527	42012447	0.080243	0.066514	0.041275	0.038374
scaffold_335_segment0	41721626	42169402	-0.002167	-0.001898	-0.001142	0.000678
scaffold_335_segment0	41876086	42348381	-0.005096	-0.004548	-0.002712	0.000811
scaffold_335_segment0	42012454	42591542	-0.026867	-0.024316	-0.014050	-0.010381
scaffold_335_segment0	42170625	42869668	0.054573	0.047803	0.025519	0.024388
scaffold_335_segment0	42348497	43092103	-0.000925	-0.000724	-0.000390	-0.000632
scaffold_335_segment0	42591657	43263824	-0.008373	-0.007050	-0.003698	-0.004367
scaffold_335_segment0	42869669	43477900	-0.102979	-0.088229	-0.047250	-0.050652
scaffold_335_segment0	43092325	43703203	-0.052106	-0.042627	-0.021656	-0.025539
scaffold_335_segment0	43263962	43968995	-0.025490	-0.015879	-0.008788	-0.008225
scaffold_335_segment0	43478605	44396710	-0.036585	-0.018578	-0.011398	-0.012402
scaffold_335_segment0	43703216	44752177	-0.034111	-0.016849	-0.010996	-0.011848
scaffold_335_segment0	43970279	45082997	-0.020914	-0.010876	-0.007283	-0.008830
scaffold_335_segment0	44396717	45232261	-0.003097	-0.001968	-0.001291	-0.000562
scaffold_335_segment0	44752204	45445017	0.005266	0.003601	0.002452	0.004867
scaffold_335_segment0	45083197	45656416	0.048964	0.040276	0.024734	0.026465
scaffold_335_segment0	45232268	45901243	0.073964	0.053816	0.033160	0.039475
scaffold_335_segment0	45445025	46132870	0.057921	0.041924	0.025722	0.029222
scaffold_335_segment0	45656717	46353893	0.033876	0.021107	0.014235	0.015645
scaffold_335_segment0	45901435	46549380	0.033839	0.022231	0.015428	0.015818
scaffold_335_segment0	46132874	46722973	0.076239	0.047575	0.033908	0.040733
scaffold_335_segment0	46353897	46883264	0.048825	0.034119	0.022620	0.023248
scaffold_335_segment0	46549818	47036385	0.048074	0.033593	0.021315	0.022348
scaffold_335_segment0	46723210	47170525	0.063912	0.051257	0.029867	0.027368
scaffold_335_segment0	46883374	47318164	0.116762	0.095466	0.056891	0.056637
scaffold_335_segment0	47036649	47483354	0.124299	0.107989	0.065814	0.064668
scaffold_335_segment0	47170578	47635909	0.089331	0.075687	0.047518	0.046119
scaffold_335_segment0	47318251	47731498	0.048143	0.044172	0.028062	0.025844
scaffold_335_segment0	47483651	47861707	0.037977	0.035160	0.022079	0.022420
scaffold_335_segment0	47635953	48011064	0.020114	0.017511	0.011599	0.014304
scaffold_335_segment0	47731517	48099108	0.017250	0.014928	0.009662	0.012711
scaffold_335_segment0	47861718	48215286	0.015536	0.013367	0.008614	0.010248
scaffold_335_segment0	48011095	48367057	0.012466	0.010857	0.007082	0.007211
scaffold_335_segment0	48099409	48475601	-0.009128	-0.007500	-0.005046	-0.005972
scaffold_335_segment0	48215320	48606916	-0.016224	-0.013375	-0.009072	-0.011388
scaffold_335_segment0	48367120	48739603	-0.018451	-0.015447	-0.010284	-0.011855
scaffold_335_segment0	48475662	48850603	0.007138	0.006250	0.004096	0.002340
scaffold_335_segment0	48606961	48951872	-0.043582	-0.039160	-0.025529	-0.022956
scaffold_335_segment0	48739609	49077651	-0.066798	-0.059975	-0.038506	-0.036118
scaffold_335_segment0	48851511	49236277	-0.075382	-0.056162	-0.038148	-0.038434
scaffold_335_segment0	48951888	49378970	-0.029506	-0.019666	-0.013487	-0.011403
scaffold_335_segment0	49077652	49499057	-0.000677	-0.000431	-0.000301	0.004684
scaffold_335_segment0	49236449	49653982	-0.005094	-0.003584	-0.002392	0.000609
scaffold_335_segment0	49379052	49742405	-0.022775	-0.018645	-0.012371	-0.011462
scaffold_335_segment0	49499122	49859081	-0.036342	-0.031757	-0.020924	-0.023293
scaffold_335_segment0	49654016	49957702	-0.009300	-0.009219	-0.006015	-0.009265
scaffold_335_segment0	49742408	50067426	0.028073	0.025263	0.016621	0.010950
scaffold_335_segment0	49859087	50175367	0.039548	0.034439	0.021986	0.022217
scaffold_335_segment0	49958164	50262559	0.018975	0.015666	0.010242	0.011541
scaffold_335_segment0	50067442	50390237	-0.008496	-0.007319	-0.004666	-0.002189
scaffold_335_segment0	50175556	50530425	0.004376	0.003821	0.002453	0.002567
scaffold_335_segment0	50262717	50660676	-0.002514	-0.002089	-0.001361	-0.000466
scaffold_335_segment0	50390241	50803801	0.001755	0.001364	0.000929	0.001958
scaffold_335_segment0	50530505	50921644	-0.042502	-0.033965	-0.023169	-0.018356
scaffold_335_segment0	50660681	51055927	-0.011568	-0.009197	-0.006154	0.000325
scaffold_335_segment0	50803802	51252972	-0.045166	-0.034460	-0.023028	-0.017756
scaffold_335_segment0	50921697	51421855	-0.071786	-0.056043	-0.036246	-0.031654
scaffold_335_segment0	51055928	51579418	-0.118684	-0.092063	-0.059013	-0.056965
scaffold_335_segment0	51253504	51718794	-0.045750	-0.036156	-0.022495	-0.020401
scaffold_335_segment0	51422169	51887903	0.019034	0.014150	0.008976	0.012577
scaffold_335_segment0	51579555	52048233	0.057283	0.041539	0.027212	0.032017
scaffold_335_segment0	51718809	52221968	0.052624	0.037030	0.024799	0.026933
scaffold_335_segment0	51888104	52382125	0.038947	0.027643	0.018518	0.019123
scaffold_335_segment0	52048234	52513957	0.038759	0.027071	0.017460	0.017707
scaffold_335_segment0	52221985	52640480	0.016052	0.011021	0.007127	0.009656
scaffold_335_segment0	52382164	52741157	0.011905	0.008491	0.005505	0.004046
scaffold_335_segment0	52513959	52845523	-0.001190	-0.000876	-0.000573	-0.001971
scaffold_335_segment1	70149	379801	-0.017682	-0.015612	-0.010155	-0.005996
scaffold_335_segment1	164422	500769	-0.020503	-0.016761	-0.011003	-0.011134
scaffold_335_segment1	277650	599442	-0.013679	-0.011539	-0.007358	-0.008079
scaffold_335_segment1	379842	750769	-0.008769	-0.006847	-0.004430	-0.007689
scaffold_335_segment1	500978	858978	0.013668	0.011192	0.007245	0.006152
scaffold_335_segment1	599461	920781	-0.007020	-0.005958	-0.003884	-0.003107
scaffold_335_segment1	750779	992866	0.011951	0.011130	0.007277	0.008789
scaffold_335_segment1	858994	1066807	-0.028233	-0.025587	-0.016023	-0.011086
scaffold_335_segment1	920812	1152714	0.018663	0.015488	0.009924	0.016718
scaffold_335_segment1	992956	1232006	0.030945	0.025119	0.015867	0.021704
scaffold_335_segment1	1066840	1301935	0.055636	0.046229	0.030348	0.032527
scaffold_335_segment1	1152719	1384885	0.039566	0.034655	0.021840	0.020877
scaffold_335_segment1	1232007	1472974	0.015375	0.014564	0.009176	0.008282
scaffold_335_segment1	1301967	1549893	-0.002323	-0.002132	-0.001371	-0.008450
scaffold_335_segment1	1384935	1668100	-0.028020	-0.025246	-0.016432	-0.022018
scaffold_335_segment1	1472982	1792615	-0.008755	-0.007212	-0.004771	-0.012535
scaffold_335_segment1	1549965	1903102	0.014136	0.011751	0.007711	0.007817
scaffold_335_segment1	1668195	1964207	0.005817	0.005106	0.003315	0.004381
scaffold_335_segment1	1792645	2026214	-0.017771	-0.017050	-0.010802	-0.007675
scaffold_335_segment1	1903114	2083585	-0.017285	-0.018475	-0.011255	-0.007766
scaffold_335_segment1	1964230	2125710	0.001335	0.001471	0.000918	0.001766
scaffold_335_segment1	2026222	2185321	0.028241	0.031048	0.019717	0.013297
scaffold_335_segment1	2083622	2238641	0.028777	0.032430	0.020822	0.011151
scaffold_335_segment1	2125723	2304842	0.026298	0.028555	0.017977	0.010660
scaffold_335_segment1	2185365	2367457	0.035048	0.037392	0.023603	0.015107
scaffold_335_segment1	2238674	2447966	0.042414	0.043197	0.026777	0.020793
scaffold_335_segment1	2305033	2507754	0.021082	0.019286	0.012269	0.009738
scaffold_335_segment1	2367496	2567695	-0.012284	-0.011915	-0.007334	-0.006438
scaffold_335_segment1	2447992	2631129	-0.023016	-0.023101	-0.014231	-0.010118
scaffold_335_segment1	2507758	2673881	-0.032636	-0.039345	-0.023157	-0.014264
scaffold_335_segment1	2568281	2729901	-0.005671	-0.006626	-0.004029	-0.000656
scaffold_335_segment1	2631144	2793356	0.003384	0.003745	0.002365	0.005918
scaffold_335_segment1	2673906	2852481	0.013523	0.013696	0.008891	0.013578
scaffold_335_segment1	2729975	2923251	-0.006859	-0.006889	-0.004380	0.004418
scaffold_335_segment1	2793398	2975991	-0.018285	-0.018149	-0.011414	-0.004566
scaffold_335_segment1	2852578	3027838	-0.004303	-0.004557	-0.002846	-0.001158
scaffold_335_segment1	2923256	3072052	-0.008258	-0.009021	-0.005681	-0.006240
scaffold_335_segment1	2976006	3105309	-0.021200	-0.025987	-0.016089	-0.013509
scaffold_335_segment1	3027859	3138522	-0.022609	-0.028633	-0.017461	-0.013008
scaffold_335_segment1	3072053	3172263	-0.009756	-0.013146	-0.008073	-0.006726
scaffold_335_segment1	3105349	3194983	0.006736	0.009247	0.005714	0.000731
scaffold_335_segment1	3138567	3231212	0.001101	0.001486	0.000925	-0.001765
scaffold_335_segment1	3172264	3268608	0.007990	0.009719	0.006021	0.002508
scaffold_335_segment1	3194991	3299383	0.006231	0.007266	0.004400	0.000524
scaffold_335_segment1	3231255	3331886	0.002714	0.003218	0.001934	-0.002174
scaffold_335_segment1	3268689	3364902	0.002545	0.003080	0.001846	-0.001700
scaffold_335_segment1	3299387	3390919	0.008901	0.010697	0.006638	0.004962
scaffold_335_segment1	3331928	3425143	-0.022390	-0.026052	-0.016132	-0.009796
scaffold_335_segment1	3364986	3472247	-0.034195	-0.041220	-0.025259	-0.018432
scaffold_335_segment1	3390947	3508588	-0.033077	-0.039655	-0.024143	-0.017753
scaffold_335_segment1	3425144	3545247	-0.005731	-0.007273	-0.004372	-0.004838
scaffold_335_segment1	3472303	3598273	0.001970	0.002432	0.001482	-0.001259
scaffold_335_segment1	3508617	3653471	0.022061	0.027317	0.016528	0.010166
scaffold_335_segment1	3545356	3716023	0.007463	0.008635	0.005242	0.005778
scaffold_335_segment1	3598297	3781126	-0.039763	-0.045040	-0.027020	-0.017495
scaffold_335_segment1	3653525	3841033	-0.060200	-0.066179	-0.039739	-0.028898
scaffold_335_segment1	3716058	3893947	-0.014367	-0.016183	-0.009893	-0.008072
scaffold_335_segment1	3781261	3935981	0.006452	0.007820	0.004724	0.002276
scaffold_335_segment1	3841074	3966851	-0.009028	-0.011445	-0.006797	-0.010100
scaffold_335_segment1	3893959	4013574	-0.042062	-0.055508	-0.031997	-0.026989
scaffold_335_segment1	3936010	4052881	-0.019548	-0.025644	-0.015012	-0.015011
scaffold_335_segment1	3966871	4091761	-0.022643	-0.028054	-0.016673	-0.011760
scaffold_335_segment1	4013631	4128745	0.000401	0.000476	0.000286	0.001252
scaffold_335_segment1	4052925	4161597	0.012340	0.014875	0.008588	0.007363
scaffold_335_segment1	4091763	4205579	0.025211	0.032142	0.018481	0.014864
scaffold_335_segment1	4128783	4264187	-0.012973	-0.016436	-0.009617	-0.005679
scaffold_335_segment1	4161623	4337448	-0.009172	-0.011175	-0.006817	-0.003264
scaffold_335_segment1	4205621	4413199	-0.026143	-0.029081	-0.018329	-0.013758
scaffold_335_segment1	4264190	4532899	-0.015616	-0.015019	-0.009815	-0.009432
scaffold_335_segment1	4337450	4804830	-0.001222	-0.001157	-0.000768	-0.003727
scaffold_335_segment1	4413211	4812020	0.007221	0.009230	0.006033	0.002207
scaffold_335_segment1	4532910	4830088	0.015079	0.036671	0.023197	0.006906
scaffold_430_segment0	10303	265690	-0.072420	-0.098801	-0.067535	-0.032426
scaffold_430_segment0	28020	549698	-0.027802	-0.022588	-0.015780	-0.010659
scaffold_430_segment0	44268	762104	0.028372	0.016966	0.012158	0.013077
scaffold_430_segment0	265716	885401	0.026582	0.016196	0.011486	0.012014
scaffold_430_segment0	549700	1136396	-0.011813	-0.006787	-0.004950	-0.006279
scaffold_430_segment0	762120	1472101	-0.045422	-0.018567	-0.013630	-0.019715
scaffold_430_segment0	886096	1783574	-0.023776	-0.008233	-0.006054	-0.012616
scaffold_430_segment0	1136443	1957192	0.012128	0.004068	0.003030	0.006465
scaffold_430_segment0	1472109	2161712	0.020526	0.007938	0.006060	0.007591
scaffold_430_segment0	1783575	2392595	0.040354	0.017135	0.013327	0.021728
scaffold_430_segment0	1957201	2577754	0.044756	0.022041	0.016658	0.021725
scaffold_430_segment0	2161732	2670469	0.049366	0.032705	0.023584	0.023791
scaffold_430_segment0	2392680	2819270	0.013821	0.011260	0.007127	0.004262
scaffold_430_segment0	2577768	3064910	-0.009419	-0.006107	-0.004185	-0.004643
scaffold_430_segment0	2671341	3185750	-0.032380	-0.019755	-0.013749	-0.015515
scaffold_430_segment0	2819305	3392727	-0.008159	-0.004254	-0.003244	-0.004257
scaffold_430_segment0	3064912	3659879	0.026101	0.013152	0.010077	0.010689
scaffold_430_segment0	3185751	3924596	0.048029	0.019490	0.015293	0.017521
scaffold_430_segment0	3392728	4084054	0.036926	0.017413	0.013427	0.013052
scaffold_430_segment0	3659892	4212845	0.040489	0.024294	0.018239	0.014396
scaffold_430_segment0	3924604	4357721	0.047491	0.031232	0.023434	0.021448
scaffold_430_segment0	4084057	4547376	0.035178	0.017373	0.013280	0.015431
scaffold_430_segment0	4213528	4823159	-0.018211	-0.007803	-0.005979	-0.009247
scaffold_430_segment0	4357725	4947685	-0.029386	-0.014069	-0.010410	-0.016543
scaffold_430_segment0	4547382	5149377	0.000612	0.000332	0.000244	-0.002681
scaffold_430_segment0	4823160	5444684	0.002939	0.001626	0.001204	-0.002447
scaffold_430_segment0	4947703	5697133	-0.000614	-0.000268	-0.000207	-0.004438
scaffold_430_segment0	5149379	5874136	-0.057226	-0.025129	-0.018984	-0.028379
scaffold_430_segment0	5444746	5979543	0.013208	0.006787	0.004999	0.003244
scaffold_430_segment0	5697270	6222446	0.053252	0.031823	0.022339	0.021356
scaffold_430_segment0	5874161	6358327	0.127067	0.087420	0.060757	0.055658
scaffold_430_segment0	5979621	6518819	0.117546	0.081228	0.056126	0.052029
scaffold_430_segment0	6222617	6772103	0.121718	0.089117	0.063977	0.057138
scaffold_430_segment0	6358329	7000875	0.057685	0.038522	0.028045	0.025789
scaffold_430_segment0	6518960	7117049	0.006381	0.004343	0.003130	0.002186
scaffold_430_segment0	6772169	7346973	-0.036186	-0.024569	-0.016871	-0.019061
scaffold_430_segment0	7001249	7603677	-0.019222	-0.011199	-0.008252	-0.009140
scaffold_430_segment0	7117180	7656692	-0.034789	-0.024648	-0.018372	-0.015356
scaffold_430_segment0	7346975	7819248	0.003766	0.003082	0.002253	0.004975
scaffold_430_segment0	7603681	8096726	-0.001756	-0.001365	-0.000957	0.001944
scaffold_430_segment0	7656803	8380948	0.028582	0.015459	0.011393	0.014609
scaffold_430_segment0	7819400	8606806	0.009133	0.004019	0.003138	0.003745
scaffold_430_segment0	8096739	8825518	0.029069	0.012929	0.010438	0.011910
scaffold_430_segment0	8381010	9136182	0.023580	0.009789	0.007820	0.010761
scaffold_430_segment0	8607473	9406817	0.046133	0.018467	0.014153	0.018645
scaffold_430_segment0	8825520	9667924	0.043642	0.015401	0.011805	0.020087
scaffold_430_segment0	9136184	9918966	0.047420	0.014441	0.011446	0.024134
scaffold_430_segment0	9406831	10019022	0.041199	0.014958	0.011931	0.025781
scaffold_430_segment0	9667953	10385976	0.050792	0.019150	0.014994	0.032186
scaffold_430_segment0	9918974	10699350	0.053686	0.025302	0.019296	0.028764
scaffold_430_segment0	10019025	10942667	0.015887	0.005660	0.004390	0.006754
scaffold_430_segment0	10385990	11268412	-0.005250	-0.001757	-0.001350	-0.003224
scaffold_430_segment0	10699444	11286050	-0.011121	-0.005316	-0.003982	-0.004403
scaffold_430_segment0	10942678	11297481	-0.008945	-0.007951	-0.005793	-0.003941
scaffold_430_segment0	11270765	11435496	0.024338	0.049579	0.035142	0.006030
scaffold_430_segment0	11286078	11703031	0.020161	0.018536	0.013371	0.006032
scaffold_430_segment0	11297486	11847885	0.006699	0.004191	0.003031	0.000901
scaffold_430_segment0	11435502	12003372	0.027706	0.017551	0.012276	0.005977
scaffold_430_segment0	11703081	12145169	0.032331	0.024147	0.017037	0.009081
scaffold_430_segment0	11847985	12291655	0.037051	0.026203	0.018704	0.014409
scaffold_430_segment0	12003380	12563836	0.019662	0.009870	0.007691	0.010624
scaffold_430_segment0	12145182	12707534	0.030339	0.015811	0.012306	0.012469
scaffold_430_segment0	12291662	12826335	0.087820	0.051183	0.038963	0.035235
scaffold_430_segment0	12563838	12893648	0.056985	0.057220	0.039272	0.021410
scaffold_430_segment0	12707536	13093632	0.049565	0.042562	0.028785	0.019642
scaffold_430_segment0	12826366	13252373	0.056700	0.040412	0.028117	0.025294
scaffold_430_segment0	12893654	13571367	0.072854	0.036594	0.025124	0.036002
scaffold_430_segment0	13094168	13914394	0.108316	0.044953	0.032148	0.054838
scaffold_430_segment0	13252598	14122899	0.064465	0.022307	0.016771	0.033922
scaffold_430_segment0	13571558	14438494	0.065029	0.020021	0.015892	0.032380
scaffold_430_segment0	13914395	14726510	0.073459	0.024048	0.019070	0.035580
scaffold_430_segment0	14122951	15026474	0.076155	0.023747	0.019074	0.033060
scaffold_430_segment0	14438505	15406503	0.073917	0.022658	0.019080	0.031475
scaffold_430_segment0	14730696	15551631	0.039511	0.012641	0.010883	0.016564
scaffold_430_segment0	15026492	15714496	0.033878	0.013313	0.011311	0.014399
scaffold_430_segment0	15406506	15915658	0.047934	0.025959	0.020846	0.016983
scaffold_430_segment0	15551632	16110195	0.080962	0.044452	0.034276	0.032055
scaffold_430_segment0	15714507	16271927	0.086892	0.047365	0.035834	0.034732
scaffold_430_segment0	15915664	16531839	0.067832	0.030624	0.023676	0.028665
scaffold_430_segment0	16110826	16714887	-0.015423	-0.007119	-0.005263	-0.007417
scaffold_430_segment0	16271964	16869241	-0.010751	-0.004953	-0.003761	-0.004814
scaffold_430_segment0	16531845	17119128	-0.019702	-0.008266	-0.006419	-0.007010
scaffold_430_segment0	16714894	17361290	0.024128	0.008389	0.007078	0.011533
scaffold_430_segment0	16869247	17735396	-0.011720	-0.003316	-0.002807	0.001365
scaffold_430_segment0	17119129	17994509	-0.003540	-0.001127	-0.000917	0.002164
scaffold_430_segment0	17361325	18223603	-0.018926	-0.006287	-0.005018	-0.004343
scaffold_430_segment0	17735401	18602815	-0.023781	-0.009101	-0.006796	-0.011117
scaffold_430_segment0	17994528	18922635	0.021912	0.008014	0.006177	0.012672
scaffold_430_segment0	18223626	19054803	-0.012646	-0.005344	-0.004026	-0.006498
scaffold_430_segment0	18602822	19186617	0.011197	0.006153	0.004698	0.006991
scaffold_430_segment0	18922641	19436238	-0.019176	-0.010315	-0.007930	-0.010672
scaffold_430_segment0	19054808	19700411	0.033625	0.014862	0.012033	0.017162
scaffold_430_segment0	19187271	20239364	0.059523	0.018218	0.015142	0.031146
scaffold_430_segment0	19436335	20539891	0.069677	0.021761	0.018158	0.035547
scaffold_430_segment0	19700414	20683701	0.063944	0.022100	0.017968	0.030812
scaffold_430_segment0	20239368	20970821	0.064925	0.022906	0.018584	0.029016
scaffold_430_segment0	20539900	21387214	0.065935	0.019995	0.016068	0.030674
scaffold_430_segment0	20683730	21692917	0.030722	0.008031	0.006476	0.014930
scaffold_430_segment0	20970823	21913005	0.007488	0.002147	0.001703	0.004002
scaffold_430_segment0	21387215	22174265	0.001999	0.000622	0.000489	-0.001096
scaffold_430_segment0	21692964	22267649	0.049312	0.020591	0.016021	0.018522
scaffold_430_segment0	21913009	22375582	0.035568	0.017040	0.013381	0.012652
scaffold_430_segment0	22174468	22637397	0.009876	0.006321	0.004829	0.000742
scaffold_430_segment0	22267654	22892059	-0.025662	-0.015644	-0.011661	-0.013315
scaffold_430_segment0	22375634	23172637	-0.041898	-0.022085	-0.016753	-0.020937
scaffold_430_segment0	22637404	23490534	-0.011306	-0.004640	-0.003747	-0.005564
scaffold_430_segment0	22892106	23716588	0.027845	0.010260	0.008375	0.012676
scaffold_430_segment0	23173165	23959780	0.064914	0.024069	0.019493	0.026778
scaffold_430_segment0	23490562	24383874	0.047639	0.016677	0.013161	0.016913
scaffold_430_segment0	23716596	24597686	0.041409	0.014793	0.011819	0.017591
scaffold_430_segment0	23959859	24855141	0.046194	0.015290	0.012383	0.021040
scaffold_430_segment0	24383875	25053258	0.095243	0.047112	0.033502	0.043380
scaffold_430_segment0	24597694	25363063	0.083213	0.038404	0.026900	0.036452
scaffold_430_segment0	24855192	25563467	0.060293	0.029560	0.020163	0.027194
scaffold_430_segment0	25053331	25832759	0.040512	0.014827	0.011744	0.020599
scaffold_430_segment0	25363070	26231308	0.038894	0.012107	0.009933	0.021591
scaffold_430_segment0	25563509	26536389	0.036374	0.010040	0.008319	0.018190
scaffold_430_segment0	25832765	26814688	0.018965	0.005178	0.004263	0.008988
scaffold_430_segment0	26231432	27075341	0.037747	0.010666	0.008905	0.016911
scaffold_430_segment0	26536406	27350231	0.044155	0.013257	0.011025	0.023888
scaffold_430_segment0	26814764	27710454	0.012626	0.003252	0.002730	0.010106
scaffold_430_segment0	27075651	27874650	-0.007505	-0.002236	-0.001847	0.000105
scaffold_430_segment0	27350265	28111620	-0.006059	-0.001922	-0.001586	-0.002141
scaffold_430_segment0	27710455	28299495	0.072212	0.036079	0.027747	0.033827
scaffold_430_segment0	27874654	28530378	0.073766	0.035716	0.026710	0.032193
scaffold_430_segment0	28111630	28919809	0.079340	0.036620	0.027151	0.035977
scaffold_430_segment0	28299499	29242523	0.050421	0.019149	0.014519	0.021382
scaffold_430_segment0	28530395	29680859	0.057116	0.017013	0.013338	0.027126
scaffold_430_segment0	28919826	30065398	0.104895	0.029024	0.023258	0.047068
scaffold_430_segment0	29242626	30217682	0.111774	0.034844	0.027817	0.046052
scaffold_430_segment0	29680860	30572001	0.128055	0.045399	0.035180	0.055550
scaffold_430_segment0	30065409	30937086	0.109697	0.038702	0.030277	0.048535
scaffold_430_segment0	30217856	31141215	0.020391	0.006544	0.005187	0.010918
scaffold_430_segment0	30573797	31474779	0.019458	0.005987	0.004867	0.008975
scaffold_430_segment0	30937093	31759578	-0.020247	-0.006745	-0.005414	-0.009879
scaffold_430_segment0	31141422	31988603	0.025912	0.008506	0.006950	0.010565
scaffold_430_segment0	31474789	32154625	0.024147	0.008823	0.007256	0.009287
scaffold_430_segment0	31760863	32341777	0.040530	0.015674	0.012852	0.018521
scaffold_430_segment0	31988617	32432515	0.049833	0.023758	0.019029	0.025529
scaffold_430_segment0	32154629	32675799	0.040342	0.022098	0.017283	0.021648
scaffold_430_segment0	32341781	32936043	0.017076	0.010088	0.007539	0.010041
scaffold_430_segment0	32432517	33235982	0.013822	0.006159	0.004496	0.010054
scaffold_430_segment0	32675800	33539550	0.011452	0.004303	0.003192	0.009597
scaffold_430_segment0	32936079	33650367	0.034096	0.015187	0.011374	0.016345
scaffold_430_segment0	33236172	33913428	0.053581	0.021878	0.017391	0.024437
scaffold_430_segment0	33539551	34225911	0.044419	0.018308	0.014487	0.018910
scaffold_430_segment0	33650374	34410293	0.037984	0.013233	0.010460	0.018437
scaffold_430_segment0	33913432	34838706	0.029551	0.009483	0.007711	0.012347
scaffold_430_segment0	34225924	35152827	-0.083856	-0.024314	-0.020072	-0.038368
scaffold_430_segment0	34410314	35443191	-0.038403	-0.010460	-0.008401	-0.015639
scaffold_430_segment0	34838776	35879335	-0.072909	-0.020689	-0.016250	-0.033346
scaffold_430_segment0	35152843	36045691	0.033298	0.011050	0.008526	0.015407
scaffold_430_segment0	35443194	36402170	0.007680	0.002243	0.001854	0.000908
scaffold_430_segment0	35879337	36842700	0.009652	0.002626	0.002209	0.003732
scaffold_430_segment0	36045705	37221499	0.027994	0.006530	0.005449	0.010735
scaffold_430_segment0	36402173	37527085	-0.040170	-0.009615	-0.007806	-0.022356
scaffold_430_segment0	36842706	37961768	-0.011309	-0.002510	-0.002057	-0.007020
scaffold_430_segment0	37221512	38182457	-0.038060	-0.009523	-0.007824	-0.016582
scaffold_430_segment0	37527189	38427483	-0.016315	-0.004960	-0.004028	-0.001723
scaffold_430_segment0	37961960	38475103	-0.038291	-0.019907	-0.015304	-0.017180
scaffold_430_segment0	38182485	38531120	-0.032238	-0.022694	-0.017121	-0.014961
scaffold_430_segment0	38427496	38859278	-0.012394	-0.007894	-0.005878	-0.009170
scaffold_430_segment0	38475119	39262483	0.006012	0.002166	0.001692	0.002587
scaffold_430_segment0	38531179	39796269	0.029095	0.006921	0.005547	0.014869
scaffold_430_segment0	38859824	40130395	0.023825	0.005026	0.004149	0.010178
scaffold_430_segment0	39262591	40452131	0.014837	0.003009	0.002528	0.000174
scaffold_430_segment0	39797266	40759675	0.009670	0.002297	0.001918	0.001654
scaffold_430_segment0	40130629	40959543	0.014865	0.004217	0.003494	0.009034
scaffold_430_segment0	40452137	41233877	0.029031	0.009990	0.008106	0.016360
scaffold_430_segment0	40759680	41552143	0.014379	0.004670	0.003908	0.004249
scaffold_430_segment0	40960082	41742721	-0.001354	-0.000440	-0.000373	-0.006274
scaffold_430_segment0	41233892	41930985	-0.020475	-0.006991	-0.005863	-0.014338
scaffold_430_segment0	41552157	42375980	0.004590	0.001495	0.001224	0.001423
scaffold_430_segment0	41742725	42598802	0.033299	0.011482	0.009191	0.016651
scaffold_430_segment0	41931016	42613573	0.016653	0.007450	0.005916	0.006552
scaffold_430_segment0	42376026	42909658	0.000857	0.000489	0.000392	-0.003359
scaffold_430_segment0	42598803	43325743	0.026465	0.010300	0.008802	0.010003
scaffold_430_segment0	42613849	43818706	0.075077	0.017591	0.015170	0.038154
scaffold_430_segment0	42909663	44296745	0.076064	0.015941	0.013446	0.040698
scaffold_430_segment0	43325765	44659425	0.036704	0.008308	0.006807	0.020279
scaffold_430_segment0	43818707	45293922	0.056754	0.011890	0.009832	0.030279
scaffold_430_segment0	44297590	45980616	0.102702	0.017929	0.015123	0.055315
scaffold_430_segment0	44659550	46484378	0.122645	0.019346	0.016435	0.068383
scaffold_430_segment0	45294964	46860489	0.111701	0.020632	0.016966	0.061126
scaffold_430_segment0	45980671	47178609	0.066820	0.015910	0.012894	0.035126
scaffold_430_segment0	46484403	47695210	0.053916	0.012810	0.010278	0.029455
scaffold_430_segment0	46860510	47889236	0.023705	0.006519	0.005297	0.013576
scaffold_430_segment0	47178612	48159996	0.009261	0.002769	0.002179	0.007898
scaffold_430_segment0	47695211	48528368	-0.017540	-0.005897	-0.004618	-0.003836
scaffold_430_segment0	47889242	49071943	0.007480	0.001860	0.001509	0.009285
scaffold_430_segment0	48162601	49426566	0.019791	0.004574	0.003817	0.012210
scaffold_430_segment0	48529787	49728429	0.063067	0.014734	0.012529	0.027895
scaffold_430_segment0	49071949	50009009	0.036073	0.011421	0.009293	0.012866
scaffold_430_segment0	49426579	50367603	0.050361	0.016184	0.012495	0.019843
scaffold_430_segment0	49728454	50705847	0.051304	0.017399	0.013044	0.019631
scaffold_430_segment0	50009033	51056161	0.021098	0.007410	0.005590	0.008033
scaffold_430_segment0	50368115	51391127	-0.001596	-0.000626	-0.000491	-0.001741
scaffold_430_segment0	50705964	51564511	-0.013241	-0.006642	-0.004938	-0.008899
contig_14_segment0	2994	200156	0.032516	0.038898	0.024553	0.018447
contig_14_segment0	50802	279481	0.034345	0.038936	0.024293	0.016863
contig_14_segment0	123982	350186	0.024998	0.028051	0.017289	0.012561
contig_14_segment0	200182	432368	0.021806	0.023704	0.014764	0.011065
contig_14_segment0	279684	517352	0.028895	0.029855	0.018536	0.015584
contig_14_segment0	350219	602934	0.022665	0.023704	0.014842	0.013506
contig_14_segment0	432428	695390	0.002859	0.002942	0.001837	0.004288
contig_14_segment0	517366	790117	0.000749	0.000744	0.000474	0.001367
contig_14_segment0	603198	859725	-0.011733	-0.011569	-0.007286	-0.007681
contig_14_segment0	695443	931707	0.016726	0.017574	0.010839	0.005680
contig_14_segment0	790161	1046462	0.007883	0.008204	0.005022	0.003153
contig_14_segment0	859726	1167986	-0.021310	-0.021482	-0.013115	-0.010629
contig_14_segment0	931869	1259225	-0.068618	-0.065822	-0.040555	-0.037511
contig_14_segment0	1046495	1354680	-0.072798	-0.072127	-0.043829	-0.041835
contig_14_segment0	1168029	1472380	-0.062934	-0.059730	-0.037572	-0.033876
contig_14_segment0	1259261	1572219	-0.037728	-0.036701	-0.023533	-0.017858
contig_14_segment0	1354719	1583570	-0.021168	-0.026818	-0.017371	-0.007033
contig_14_segment0	1472383	1595107	-0.002291	-0.004467	-0.002837	0.000431
contig_14_segment0	1572243	1616733	-0.002023	-0.004923	-0.003108	-0.002080
contig_14_segment0	1583574	1629313	-0.004613	-0.010238	-0.006551	-0.004014
contig_14_segment0	1595115	1668035	0.020551	0.034281	0.021934	0.005047
contig_14_segment0	1616734	1725818	0.059863	0.080606	0.052178	0.027249
contig_14_segment0	1629321	1775160	0.032875	0.036054	0.022667	0.014040
contig_14_segment0	1668036	1820969	-0.003965	-0.004319	-0.002641	-0.002381
contig_14_segment0	1725868	1869109	-0.054975	-0.061278	-0.036892	-0.030170
contig_14_segment0	1775202	1911151	-0.020706	-0.024503	-0.014934	-0.009284
contig_14_segment0	1821014	1954982	0.003093	0.003686	0.002280	0.002383
contig_14_segment0	1869145	1996543	0.019011	0.023213	0.014605	0.010979
contig_14_segment0	1911208	2044877	0.014174	0.016059	0.010123	0.008133
contig_14_segment0	1954985	2100917	-0.007468	-0.007943	-0.005067	-0.002014
contig_14_segment0	1996573	2152360	-0.023497	-0.025824	-0.015767	-0.011635
contig_14_segment0	2044977	2212750	-0.031275	-0.035197	-0.020731	-0.014464
contig_14_segment0	2100940	2267635	-0.020482	-0.024011	-0.013869	-0.011040
contig_14_segment0	2152368	2325374	0.008474	0.009472	0.005592	0.003201
contig_14_segment0	2212890	2386168	-0.000088	-0.000097	-0.000058	-0.002852
contig_14_segment0	2267645	2438947	-0.002959	-0.003280	-0.001946	-0.002561
contig_14_segment0	2325433	2508640	-0.022092	-0.024911	-0.014824	-0.012358
contig_14_segment0	2386210	2567067	-0.014466	-0.016027	-0.009813	-0.008377
contig_14_segment0	2439095	2633629	-0.022328	-0.023229	-0.014469	-0.013986
contig_14_segment0	2508664	2699273	0.004420	0.004389	0.002777	0.000875
contig_14_segment0	2567325	2764882	0.019987	0.020174	0.012679	0.009517
contig_14_segment0	2633639	2849431	0.018940	0.017686	0.011161	0.010588
contig_14_segment0	2699297	2919739	0.011085	0.010246	0.006398	0.007073
contig_14_segment0	2765016	2977287	-0.013586	-0.012273	-0.007815	-0.004789
contig_14_segment0	2849435	3041523	0.004108	0.003886	0.002490	0.004468
contig_14_segment0	2919756	3105953	-0.004558	-0.004336	-0.002809	0.001445
contig_14_segment0	2977296	3164936	0.003516	0.003373	0.002195	0.005976
contig_14_segment0	3041590	3230433	-0.012202	-0.012213	-0.007729	-0.004309
contig_14_segment0	3106110	3300550	0.010023	0.010089	0.006259	0.005725
contig_14_segment0	3164959	3371879	-0.020942	-0.020200	-0.012205	-0.010014
contig_14_segment0	3230543	3458080	-0.005271	-0.004778	-0.002970	-0.001180
contig_14_segment0	3300602	3516444	-0.042128	-0.039926	-0.024289	-0.020666
contig_14_segment0	3371887	3589935	-0.027969	-0.026539	-0.016391	-0.015039
contig_14_segment0	3458102	3666029	-0.025152	-0.024394	-0.014748	-0.013168
contig_14_segment0	3516468	3746033	0.021182	0.018765	0.011982	0.013516
contig_14_segment0	3589936	3818341	0.031864	0.026816	0.017336	0.021575
contig_14_segment0	3666031	3940425	0.014414	0.010900	0.007209	0.012899
contig_14_segment0	3746044	4042353	-0.007440	-0.005595	-0.003628	-0.002053
contig_14_segment0	3818730	4125892	0.005911	0.004762	0.003012	0.002193
contig_14_segment0	3940517	4221289	0.010930	0.009879	0.006196	0.003178
contig_14_segment0	4042360	4290598	-0.022131	-0.022168	-0.013690	-0.012767
contig_14_segment0	4125905	4359829	-0.021835	-0.021280	-0.013394	-0.011853
contig_14_segment0	4221355	4421194	-0.024634	-0.025433	-0.015294	-0.011884
contig_14_segment0	4290664	4491929	-0.011431	-0.011210	-0.006841	-0.005051
contig_14_segment0	4359842	4561430	-0.023301	-0.023943	-0.014253	-0.011696
contig_14_segment0	4421215	4634717	-0.007969	-0.007819	-0.004789	-0.005075
contig_14_segment0	4491931	4698219	0.010572	0.010412	0.006347	0.005371
contig_14_segment0	4561536	4768134	0.006047	0.006169	0.003813	0.004852
contig_14_segment0	4634720	4887092	0.017920	0.019090	0.011775	0.011607
contig_14_segment0	4698356	5152689	0.018263	0.018225	0.011631	0.012057
contig_14_segment0	4768198	5520107	0.038964	0.040309	0.026172	0.020681
contig_14_segment0	4887131	5528027	0.008616	0.012374	0.008096	0.004837
contig_4_segment0	5327	376876	0.040957	0.043101	0.029007	0.023078
contig_4_segment0	123663	439157	0.072938	0.070140	0.045863	0.042012
contig_4_segment0	294584	500492	0.052560	0.060834	0.037393	0.030781
contig_4_segment0	376926	554010	0.043755	0.055314	0.033232	0.023074
contig_4_segment0	439162	610948	0.006523	0.008290	0.005041	0.004880
contig_4_segment0	500504	665410	0.010811	0.012934	0.007965	0.007031
contig_4_segment0	554254	720791	0.015775	0.018704	0.011295	0.008681
contig_4_segment0	610951	789789	0.052689	0.060724	0.037143	0.023194
contig_4_segment0	665427	868385	0.067435	0.082076	0.049195	0.033324
contig_4_segment0	720824	935662	0.043545	0.055577	0.033259	0.022752
contig_4_segment0	790689	984687	0.002430	0.003301	0.001909	-0.000030
contig_4_segment0	868393	1035479	-0.037876	-0.053155	-0.030175	-0.020654
contig_4_segment0	935724	1089515	0.013340	0.016229	0.009656	0.004824
contig_4_segment0	984688	1136590	0.036683	0.040003	0.024703	0.020142
contig_4_segment0	1035503	1180439	0.037425	0.038475	0.024094	0.020066
contig_4_segment0	1089536	1227033	0.009487	0.010452	0.006432	0.004422
contig_4_segment0	1136593	1273545	-0.010318	-0.012431	-0.007425	-0.003677
contig_4_segment0	1181039	1322716	0.010572	0.012270	0.007487	0.004210
contig_4_segment0	1227050	1365993	-0.013626	-0.014809	-0.009259	-0.004266
contig_4_segment0	1273563	1410451	-0.000964	-0.001006	-0.000634	0.002289
contig_4_segment0	1322776	1456206	-0.034537	-0.037966	-0.023265	-0.013003
contig_4_segment0	1366008	1506802	-0.021734	-0.024177	-0.014525	-0.007557
contig_4_segment0	1410453	1552028	-0.039997	-0.045355	-0.027207	-0.017695
contig_4_segment0	1456342	1605221	-0.026851	-0.029810	-0.018113	-0.009338
contig_4_segment0	1506823	1678748	-0.033134	-0.039665	-0.023887	-0.013175
contig_4_segment0	1552042	1760921	-0.014107	-0.016626	-0.010173	-0.006539
contig_4_segment0	1605225	1832320	0.006314	0.007250	0.004619	0.003968
contig_4_segment0	1678755	1910189	0.007705	0.008616	0.005531	0.003183
contig_4_segment0	1760925	1977141	-0.011037	-0.012797	-0.007904	-0.004020
contig_4_segment0	1832335	2030594	-0.017960	-0.022872	-0.013498	-0.009867
contig_4_segment0	1910191	2083788	0.004678	0.006187	0.003637	0.005775
contig_4_segment0	1977144	2140333	0.030247	0.039190	0.023826	0.015038
contig_4_segment0	2030649	2203535	0.055076	0.064161	0.040533	0.026461
contig_4_segment0	2083920	2280801	0.047041	0.051830	0.033123	0.019293
contig_4_segment0	2140784	2348941	0.035397	0.037783	0.023953	0.016014
contig_4_segment0	2203540	2419037	0.005199	0.005611	0.003423	0.001161
contig_4_segment0	2280868	2487114	0.010624	0.010672	0.006579	0.005575
contig_4_segment0	2348956	2536911	0.014544	0.016121	0.009789	0.006640
contig_4_segment0	2419284	2644801	0.019516	0.020217	0.012698	0.008147
contig_4_segment0	2487180	2739572	0.014584	0.016588	0.010259	0.004296
contig_4_segment0	2537087	2895185	0.036322	0.037129	0.023344	0.016315
contig_4_segment0	2644864	2982138	0.037261	0.041049	0.025935	0.017372
contig_4_segment0	2739727	3067904	0.016913	0.017610	0.010826	0.007360
contig_4_segment0	2895280	3141893	-0.011049	-0.012080	-0.007409	-0.006178
contig_4_segment0	2982165	3246306	-0.005118	-0.005021	-0.003114	-0.001643
contig_4_segment0	3067988	3341556	-0.004293	-0.004108	-0.002582	0.001986
contig_4_segment0	3141923	3408189	-0.016524	-0.015666	-0.009694	-0.004052
contig_4_segment0	3246322	3484756	-0.022841	-0.022889	-0.013796	-0.005718
contig_4_segment0	3341565	3556181	-0.031924	-0.033219	-0.019923	-0.011683
contig_4_segment0	3408236	3645828	0.008162	0.007984	0.004969	0.008919
contig_4_segment0	3484766	3725781	-0.007157	-0.007441	-0.004667	-0.000823
contig_4_segment0	3556188	3806237	0.012538	0.013741	0.008621	0.009514
contig_4_segment0	3646028	3870899	-0.013324	-0.015465	-0.009489	-0.005095
contig_4_segment0	3725788	3956842	-0.007205	-0.008081	-0.004962	-0.004115
contig_4_segment0	3806245	4032278	-0.012172	-0.013287	-0.008227	-0.006817
contig_4_segment0	3870900	4109333	-0.000661	-0.000704	-0.000428	-0.003619
contig_4_segment0	3956849	4178920	0.001117	0.001175	0.000718	-0.001897
contig_4_segment0	4032302	4277758	-0.012513	-0.012122	-0.007562	-0.011141
contig_4_segment0	4109593	4375122	-0.044852	-0.041985	-0.027347	-0.025118
contig_4_segment0	4178926	4476837	-0.024096	-0.021538	-0.014312	-0.014527
contig_4_segment0	4277878	4582390	0.000310	0.000285	0.000190	0.000736
contig_4_segment0	4375217	4600939	0.017336	0.020656	0.013592	0.008666
contig_4_segment0	4476984	4675157	-0.005001	-0.007082	-0.004473	-0.003073
contig_4_segment0	4582466	4753445	-0.009059	-0.012165	-0.007732	-0.005622
contig_4_segment0	4600945	4828686	-0.000742	-0.000766	-0.000490	-0.001907
contig_4_segment0	4675244	4905199	0.029746	0.028781	0.018518	0.019032
contig_4_segment0	4753452	4996902	0.011937	0.012116	0.007694	0.010341
contig_4_segment0	4828689	5079563	0.012325	0.013007	0.008278	0.009811
contig_4_segment0	4905221	5171205	-0.016526	-0.016611	-0.010728	-0.007001
contig_4_segment0	4996905	5273206	-0.021489	-0.021511	-0.013479	-0.011384
contig_4_segment0	5079588	5381644	-0.027536	-0.026228	-0.016065	-0.014382
contig_4_segment0	5171213	5476022	-0.028162	-0.029837	-0.017435	-0.018366
contig_4_segment0	5273211	5576664	-0.000835	-0.000892	-0.000527	-0.005572
contig_4_segment0	5381645	5684444	0.000620	0.000668	0.000402	-0.003433
contig_4_segment0	5476025	5774115	0.015212	0.015258	0.009592	0.007665
contig_4_segment0	5576785	5848301	0.045082	0.043918	0.027980	0.022144
contig_4_segment0	5684469	5940020	0.071069	0.063333	0.041113	0.035080
contig_4_segment0	5774356	6028197	0.076318	0.066922	0.042961	0.036495
contig_4_segment0	5848421	6126934	0.040164	0.034692	0.022239	0.022722
contig_4_segment0	5940021	6224794	0.000409	0.000385	0.000244	0.001263
contig_4_segment0	6028244	6335325	0.018817	0.017754	0.011539	0.009340
contig_4_segment0	6126935	6450071	0.027438	0.025442	0.016689	0.012444
contig_4_segment0	6224797	6562921	0.041322	0.038810	0.025404	0.020348
contig_4_segment0	6335343	6678566	0.036738	0.032175	0.021248	0.019631
contig_4_segment0	6450072	6826011	0.031326	0.026995	0.017364	0.013308
contig_4_segment0	6562991	6963799	0.026166	0.019977	0.012950	0.010264
contig_4_segment0	6679042	7082525	0.005180	0.004006	0.002563	0.000377
contig_4_segment0	6826034	7186274	-0.008630	-0.007151	-0.004629	-0.003274
contig_4_segment0	6963931	7284057	-0.024626	-0.022322	-0.014362	-0.009195
contig_4_segment0	7082526	7389931	-0.038984	-0.038490	-0.023743	-0.020179
contig_4_segment0	7186351	7539497	-0.004630	-0.004136	-0.002565	-0.004074
contig_4_segment0	7284072	7695089	0.043356	0.037896	0.023333	0.019189
contig_4_segment0	7389948	7826829	0.041307	0.032990	0.020926	0.022305
contig_4_segment0	7539612	7963652	0.024604	0.020579	0.013026	0.014035
contig_4_segment0	7695130	8109424	0.020850	0.017108	0.010843	0.010700
contig_4_segment0	7826847	8270504	0.039242	0.031693	0.020659	0.019210
contig_4_segment0	7963735	8376251	0.045185	0.038611	0.024746	0.020092
contig_4_segment0	8109585	8484689	0.027626	0.024064	0.015453	0.013828
contig_4_segment0	8270509	8572806	0.021027	0.020507	0.012520	0.010205
contig_4_segment0	8376292	8687428	0.003431	0.003109	0.001916	0.003747
contig_4_segment0	8484737	8799433	0.026278	0.024445	0.015177	0.012956
contig_4_segment0	8572861	8904659	0.027989	0.026452	0.016428	0.014560
contig_4_segment0	8687450	9029357	0.044954	0.041982	0.026549	0.022797
contig_4_segment0	8799458	9224403	0.047677	0.038833	0.025945	0.025473
contig_4_segment0	8904723	9427681	0.034199	0.022837	0.015445	0.020319
contig_4_segment0	9029401	9616822	0.018790	0.011487	0.007882	0.011681
contig_4_segment0	9224680	9838420	-0.026950	-0.016001	-0.010890	-0.012588
contig_4_segment0	9427687	10048884	-0.059421	-0.035032	-0.023937	-0.031757
contig_4_segment0	9617367	10267226	-0.077196	-0.044858	-0.030305	-0.036614
contig_4_segment0	9838448	10450461	-0.055664	-0.035373	-0.023656	-0.026104
contig_4_segment0	10049074	10577019	0.000468	0.000336	0.000225	0.001170
contig_4_segment0	10267565	10829806	-0.020154	-0.015307	-0.010169	-0.012604
contig_4_segment0	10450464	11025806	-0.033901	-0.024577	-0.015901	-0.020852
contig_4_segment0	10577212	11167685	-0.038555	-0.026899	-0.017481	-0.019001
contig_4_segment0	10829822	11326145	0.006475	0.004579	0.003074	0.005033
contig_4_segment0	11025850	11475587	0.042548	0.030156	0.021032	0.021706
contig_4_segment0	11168049	11634580	0.042632	0.031109	0.021764	0.020439
contig_4_segment0	11326241	11767772	0.010550	0.008437	0.005752	0.004095
contig_4_segment0	11475729	11900007	-0.015591	-0.013011	-0.008608	-0.005922
contig_4_segment0	11634582	12129142	-0.032317	-0.023755	-0.016312	-0.016903
contig_4_segment0	11768237	12374854	-0.005330	-0.003436	-0.002424	-0.001675
contig_4_segment0	11900026	12561737	-0.042536	-0.026769	-0.018740	-0.021053
contig_4_segment0	12129332	12799639	0.006084	0.003425	0.002377	0.008583
contig_4_segment0	12374857	13016904	0.005916	0.003146	0.002160	0.008845
contig_4_segment0	12561877	13249803	0.053780	0.027649	0.018999	0.035190
contig_4_segment0	12799683	13452278	0.016834	0.009964	0.006746	0.011468
contig_4_segment0	13016910	13617422	0.035504	0.023998	0.016177	0.018941
contig_4_segment0	13250989	13748261	0.033304	0.026797	0.017809	0.016749
contig_4_segment0	13452671	13888033	0.032237	0.026323	0.017334	0.018118
contig_4_segment0	13617468	14007606	0.028477	0.024676	0.015966	0.014586
contig_4_segment0	13748413	14184887	0.030710	0.023531	0.015516	0.016799
contig_4_segment0	13888035	14389628	0.015713	0.011607	0.007452	0.008476
contig_4_segment0	14007789	14584511	0.010273	0.007114	0.004691	0.006622
contig_4_segment0	14185529	14778807	0.019406	0.012921	0.008644	0.010532
contig_4_segment0	14389819	14998451	0.035089	0.022335	0.015607	0.019095
contig_4_segment0	14584770	15232902	0.020344	0.012808	0.008672	0.012490
contig_4_segment0	14780150	15481268	0.017930	0.010497	0.007196	0.010623
contig_4_segment0	14998597	15723744	0.015824	0.009710	0.006493	0.009309
contig_4_segment0	15232915	16009812	-0.016128	-0.009199	-0.006441	-0.006982
contig_4_segment0	15481565	16257515	-0.055411	-0.032708	-0.022954	-0.025361
contig_4_segment0	15725276	16557951	-0.046742	-0.022891	-0.016658	-0.022953
contig_4_segment0	16010035	16744347	-0.047786	-0.023172	-0.016804	-0.018965
contig_4_segment0	16257742	17037057	0.066120	0.029364	0.021147	0.035459
contig_4_segment0	16557958	17437881	0.059060	0.023184	0.017198	0.030100
contig_4_segment0	16744353	17646271	0.090887	0.035838	0.026414	0.045728
contig_4_segment0	17037173	17854839	-0.014300	-0.005414	-0.004113	-0.008358
contig_4_segment0	17437997	18061548	0.014456	0.006965	0.005130	0.006667
contig_4_segment0	17646427	18314339	0.027211	0.011829	0.008738	0.012885
contig_4_segment0	17854840	18513848	0.098761	0.050233	0.034315	0.049856
contig_4_segment0	18061818	18833753	0.077329	0.036765	0.023888	0.042888
contig_4_segment0	18314346	19096423	0.044571	0.019558	0.012880	0.023548
contig_4_segment0	18514858	19325306	0.022346	0.008925	0.006104	0.013259
contig_4_segment0	18834086	19608618	0.035635	0.014388	0.010333	0.015312
contig_4_segment0	19096428	19698991	0.073031	0.044664	0.031155	0.030652
contig_4_segment0	19325318	19979741	0.087969	0.055650	0.040150	0.033244
contig_4_segment0	19609233	20290287	0.044276	0.020507	0.015884	0.016332
contig_4_segment0	19699305	20720082	0.006405	0.002256	0.001730	0.001365
contig_4_segment0	19979854	20966329	-0.028532	-0.011077	-0.007994	-0.019055
contig_4_segment0	20292250	21160538	-0.027828	-0.013921	-0.009292	-0.017355
contig_4_segment0	20720173	21323333	0.013869	0.007966	0.005288	0.004126
contig_4_segment0	20966348	21540398	0.020808	0.011456	0.008298	0.011375
contig_4_segment0	21160990	21891678	0.028685	0.013052	0.009964	0.013650
contig_4_segment0	21323366	22422020	0.022665	0.007951	0.006220	0.012197
contig_4_segment0	21540413	22892812	0.030695	0.008515	0.006640	0.015973
contig_4_segment0	21891979	23373211	0.025819	0.006329	0.005004	0.014318
contig_4_segment0	22422044	23551182	0.029489	0.009227	0.007032	0.016095
contig_4_segment0	22893255	23994675	-0.024611	-0.007278	-0.005733	-0.012664
contig_4_segment0	23373217	24620858	-0.008008	-0.002118	-0.001712	-0.003854
contig_4_segment0	23551187	24892393	-0.016067	-0.003540	-0.002968	-0.010496
contig_4_segment0	23994706	25275986	0.013913	0.002972	0.002497	0.006702
contig_4_segment0	24620859	25707909	0.007963	0.001900	0.001565	0.006244
contig_4_segment0	24892403	26248183	0.017745	0.003572	0.002918	0.011162
contig_4_segment0	25277536	26715502	-0.003227	-0.000625	-0.000508	-0.003485
contig_4_segment0	25709477	26772010	-0.006932	-0.002019	-0.001623	-0.005456
contig_4_segment0	26248193	27065305	-0.007065	-0.002847	-0.002149	-0.001255
contig_4_segment0	26715504	27539604	-0.006752	-0.003758	-0.002724	0.002634
contig_4_segment0	26772011	27869125	0.002616	0.000860	0.000666	0.007004
contig_4_segment0	27065310	28086535	0.038887	0.013266	0.010170	0.019725
contig_4_segment0	27539637	28179403	0.077747	0.031950	0.024210	0.038787
contig_4_segment0	27869594	28592734	0.056670	0.021126	0.015901	0.026528
contig_4_segment0	28086958	28829108	0.016519	0.006121	0.004844	0.005396
contig_4_segment0	28181542	29039735	0.031351	0.008932	0.007291	0.012148
contig_4_segment0	28592757	29300928	0.037630	0.013199	0.010405	0.016741
contig_4_segment0	28829119	29882197	0.042567	0.011034	0.009087	0.022825
contig_4_segment0	29039746	30468550	0.001176	0.000260	0.000216	0.001301
contig_4_segment0	29301836	31016646	0.011975	0.002099	0.001818	0.009431
contig_4_segment0	29882201	31405955	0.027475	0.005071	0.004399	0.018616
contig_4_segment0	30469616	31885101	0.050494	0.010373	0.008985	0.029707
contig_4_segment0	31018709	31994304	0.046750	0.015379	0.012930	0.026766
contig_4_segment0	31405961	32017090	0.007356	0.004420	0.003554	0.001865
contig_4_segment0	31885117	32285632	0.022791	0.017009	0.013323	0.007086
contig_4_segment0	31994310	32769584	0.016696	0.007186	0.005937	0.003576
contig_4_segment0	32017108	33166966	0.038604	0.010599	0.008807	0.019985
contig_4_segment0	32285639	33606865	0.056895	0.014854	0.012187	0.031223
contig_4_segment0	32769650	34054169	0.108068	0.025881	0.021299	0.066267
contig_4_segment0	33168645	34500393	0.118618	0.025984	0.021531	0.074007
contig_4_segment0	33606974	34974542	0.093100	0.020218	0.016472	0.059366
contig_4_segment0	34054170	35346828	0.032522	0.007524	0.005983	0.024224
contig_4_segment0	34501071	35821581	0.083073	0.021462	0.016889	0.048252
contig_4_segment0	34975452	36194571	0.041423	0.010120	0.008311	0.024971
contig_4_segment0	35348702	36528075	-0.041700	-0.012880	-0.010588	-0.015923
contig_4_segment0	35821587	36829800	-0.077799	-0.032510	-0.023727	-0.034264
contig_4_segment0	36196716	37196187	-0.071901	-0.042939	-0.027522	-0.034607
contig_4_segment0	36528686	37579531	-0.005735	-0.003157	-0.002021	-0.003617
contig_4_segment0	36830356	38075387	-0.015392	-0.005938	-0.004267	-0.009152
contig_4_segment0	37196752	38511295	0.031891	0.008972	0.006942	0.015903
contig_4_segment0	37579532	39002493	0.052624	0.013770	0.010703	0.032259
contig_4_segment0	38075409	39586348	0.060497	0.013967	0.011198	0.033545
contig_4_segment0	38511304	40209174	0.095436	0.017686	0.014342	0.051760
contig_4_segment0	39002520	40527685	0.061431	0.012052	0.009692	0.032929
contig_4_segment0	39587190	41072779	0.079212	0.017613	0.013801	0.045345
contig_4_segment0	40209574	41328534	0.026334	0.007931	0.006012	0.015594
contig_4_segment0	40528971	41514601	0.020665	0.006782	0.005213	0.009466
contig_4_segment0	41072784	41922769	-0.015166	-0.005124	-0.003909	-0.007497
contig_4_segment0	41328542	42250980	-0.013234	-0.004316	-0.003324	-0.007271
contig_4_segment0	41514948	42540826	0.006934	0.002028	0.001458	0.000563
contig_4_segment0	41923152	42893701	0.014084	0.004351	0.003088	0.003575
contig_4_segment0	42251001	43319064	0.022483	0.006788	0.004711	0.009656
contig_4_segment0	42540951	43684434	0.025002	0.007686	0.005536	0.012630
contig_4_segment0	42894807	44042289	0.014611	0.004361	0.003268	0.005141
contig_4_segment0	43319156	44482092	0.046457	0.014844	0.011456	0.024874
contig_4_segment0	43684841	44891702	0.108056	0.042461	0.033001	0.059074
contig_4_segment0	44042292	45126941	0.117962	0.066888	0.050200	0.055853
contig_4_segment0	44482470	45493833	0.088175	0.051777	0.039315	0.039010
contig_4_segment0	44891981	46006547	0.033384	0.014352	0.011333	0.011800
contig_4_segment0	45126967	46586991	0.041425	0.010890	0.008730	0.023025
contig_4_segment0	45494205	47221087	0.060479	0.012869	0.010340	0.037771
contig_4_segment0	46008507	47728017	0.032881	0.006542	0.005307	0.022183
contig_4_segment0	46587481	48137477	0.050194	0.010847	0.008940	0.030228
contig_4_segment0	47221632	48570273	0.050150	0.012382	0.010294	0.027596
contig_4_segment0	47728026	49126249	0.082962	0.017720	0.014833	0.051168
contig_4_segment0	48137483	49503442	0.054139	0.012495	0.010387	0.031212
contig_4_segment0	48570291	49906851	0.035240	0.007962	0.006656	0.020542
contig_4_segment0	49126250	50316258	0.044652	0.013130	0.010357	0.024432
contig_4_segment0	49503445	50895888	0.077540	0.020869	0.016207	0.043177
contig_4_segment0	49906871	51421697	0.099683	0.028089	0.021424	0.057452
contig_4_segment0	50316598	51741254	0.088526	0.023667	0.018506	0.048240
contig_4_segment0	50895889	52301245	0.065372	0.016093	0.012956	0.037774
contig_4_segment0	51421750	53016889	0.076633	0.016891	0.013725	0.045315
contig_4_segment0	51741686	53592239	0.058483	0.011877	0.009680	0.036314
contig_4_segment0	52301272	54072184	0.041674	0.008594	0.006926	0.028015
contig_4_segment0	53017524	54525274	-0.006179	-0.001385	-0.001121	0.001405
contig_4_segment0	53593014	54773162	0.020870	0.005435	0.004491	0.017270
scaffold_13_segment0	5362	164745	-0.008273	-0.020107	-0.011017	-0.005048
scaffold_13_segment0	15245	278876	0.014450	0.020908	0.012588	0.005974
scaffold_13_segment0	84574	414470	0.040671	0.048167	0.029821	0.019120
scaffold_13_segment0	164763	571735	0.033113	0.034380	0.021339	0.016410
scaffold_13_segment0	279073	686172	0.035158	0.038225	0.023073	0.017678
scaffold_13_segment0	414478	891115	0.011584	0.011717	0.007205	0.006932
scaffold_13_segment0	572047	1084722	0.016548	0.014315	0.009191	0.009430
scaffold_13_segment0	686352	1216789	0.034797	0.029846	0.019704	0.017277
scaffold_13_segment0	891326	1470970	0.032263	0.025421	0.017795	0.014529
scaffold_13_segment0	1084728	1600406	0.033868	0.030581	0.022298	0.013199
